timestamp,Temperature,Humidity,feels_like,temp_min,temp_max,pressure,wind_speed,wind_deg,rain,clouds_all,weather,AQI
2019-03-13 22,18.0,68.47,17.08,17.54,19.0,1017,1.91,353,0.0,20,0,5
2019-03-13 23,18.75,60.48,17.41,15.6,18.0,1017,2.31,347,0.0,20,2,5
2019-03-14 00,16.82,69.5,15.44,16.64,17.12,1017,2.56,354,0.0,20,0,5
2019-03-14 01,14.9,81.28,14.43,15.55,16.26,1016,2.62,3,0.0,20,0,5
2019-03-14 02,14.48,83.72,14.73,13.6,16.0,1016,2.67,8,0.0,20,2,5
2019-03-14 03,14.38,85.53,14.84,13.6,16.0,1016,2.2,20,0.0,20,2,5
2019-03-14 04,15.15,81.88,14.48,13.2,16.0,1016,2.42,22,0.0,40,2,5
2019-03-14 05,14.65,85.58,13.54,13.0,15.5,1016,2.07,23,0.0,40,2,5
2019-03-14 06,15.07,84.38,13.17,13.0,15.27,1016,2.15,28,0.0,40,6,6
2019-03-14 07,15.43,83.57,14.63,13.0,16.65,1017,1.83,35,0.0,40,6,6
2019-03-14 08,16.65,77.27,17.09,16.0,18.0,1018,1.8,17,0.0,40,2,6
2019-03-14 09,19.23,65.15,19.44,16.6,21.0,1018,1.0,20,0.0,40,2,5
2019-03-14 10,22.65,50.4,22.8,21.41,24.6,1014,2.6,30,0.0,40,0,5
2019-03-14 11,25.38,38.73,21.81,21.0,24.6,1015,3.1,340,0.11,75,4,5
2019-03-14 12,23.38,48.67,20.78,21.56,25.0,1014,5.1,350,0.0,40,0,3
2019-03-14 13,23.57,52.77,21.98,21.1,23.25,1017,2.6,310,0.0,75,0,3
2019-03-14 14,22.65,50.65,19.43,20.46,22.31,1017,4.1,320,0.5,90,4,3
2019-03-14 15,20.5,57.0,17.89,19.19,21.0,1016,5.1,320,0.5,90,4,2
2019-03-14 16,21.88,49.88,18.06,16.8,21.0,1016,4.1,290,0.0,90,0,1
2019-03-14 17,19.98,57.03,18.44,16.8,20.4,1016,3.1,290,0.11,90,4,1
2019-03-14 18,19.32,59.85,18.76,16.8,20.99,1016,2.1,320,0.0,75,0,1
2019-03-14 19,18.77,59.27,18.05,17.8,19.37,1016,2.1,320,0.0,75,0,2
2019-03-14 20,18.0,63.73,16.98,17.0,17.82,1016,2.08,339,0.0,40,2,2
2019-03-14 21,17.15,68.08,16.26,16.0,17.55,1017,2.04,335,0.0,40,2,2
2019-03-14 22,16.45,68.55,14.97,13.8,16.0,1017,1.93,326,0.0,20,2,2
2019-03-14 23,15.3,76.1,14.02,13.8,15.0,1017,2.07,325,0.0,20,2,3
2019-03-15 00,14.25,83.0,13.86,13.8,15.0,1018,2.3,329,0.0,20,2,3
2019-03-15 01,13.3,88.72,12.73,13.2,14.0,1018,2.1,270,0.0,20,2,3
2019-03-15 02,14.43,83.55,12.1,13.0,13.62,1017,2.1,270,0.0,20,2,4
2019-03-15 03,14.12,84.6,11.81,12.38,13.2,1017,2.1,270,0.0,20,2,3
2019-03-15 04,13.72,84.28,11.46,12.0,12.81,1017,1.5,270,0.0,20,2,3
2019-03-15 05,13.82,81.5,11.8,12.0,13.85,1018,1.5,270,0.0,20,2,3
2019-03-15 06,13.93,79.93,10.61,11.0,13.88,1018,2.06,280,0.0,0,6,3
2019-03-15 07,13.65,82.25,11.07,11.0,15.4,1019,2.1,280,0.0,1,6,3
2019-03-15 08,15.9,72.57,13.15,11.8,15.58,1020,1.5,320,0.0,1,2,3
2019-03-15 09,18.68,64.75,15.49,15.0,19.0,1021,2.6,280,0.0,1,0,3
2019-03-15 10,21.05,55.55,19.53,19.0,23.33,1017,3.1,290,0.0,1,0,3
2019-03-15 11,22.98,52.28,21.59,22.0,23.05,1021,2.6,320,0.0,1,0,3
2019-03-15 12,24.6,44.8,22.11,22.8,23.37,1020,2.6,20,0.0,1,0,2
2019-03-15 13,26.05,37.88,23.33,24.0,25.56,1015,3.1,320,0.0,1,0,2
2019-03-15 14,26.1,35.65,24.51,24.44,26.05,1014,2.1,320,0.0,20,0,2
2019-03-15 15,26.57,33.95,24.84,24.44,26.0,1013,1.5,320,0.0,40,0,1
2019-03-15 16,26.2,36.78,23.4,23.0,26.0,1013,3.1,270,0.0,20,0,1
2019-03-15 17,25.23,40.83,24.53,23.0,25.0,1013,1.5,290,0.0,20,0,1
2019-03-15 18,23.73,45.17,23.77,22.0,24.44,1013,1.0,270,0.0,1,0,1
2019-03-15 19,21.92,51.75,22.35,21.0,22.22,1017,1.0,270,0.0,1,0,1
2019-03-15 20,20.95,56.85,21.19,19.4,20.14,1018,1.0,270,0.0,0,2,2
2019-03-15 21,20.3,59.83,20.98,19.4,20.0,1018,1.0,270,0.0,0,2,2
2019-03-15 22,19.57,64.28,19.57,17.6,19.0,1018,1.0,290,0.0,0,2,2
2019-03-15 23,19.07,67.53,18.8,17.51,18.0,1019,1.0,290,0.0,0,2,2
2019-03-16 00,18.65,66.67,15.83,17.0,17.3,1018,3.1,280,0.0,1,2,2
2019-03-16 01,18.07,66.03,17.19,15.6,17.0,1018,1.0,290,0.0,0,2,2
2019-03-16 02,17.3,68.53,17.13,15.52,17.0,1017,1.0,290,0.0,0,2,2
2019-03-16 03,16.8,69.18,15.18,13.68,15.6,1017,1.0,290,0.0,1,2,2
2019-03-16 04,16.2,71.42,12.22,13.0,13.27,1017,2.1,260,0.0,20,2,2
2019-03-16 05,16.07,70.98,13.0,12.0,14.22,1017,1.0,290,0.0,3,2,2
2019-03-16 06,15.3,75.97,13.33,13.0,14.2,1017,1.54,270,0.0,20,2,2
2019-03-16 07,15.08,77.35,14.49,13.0,16.4,1017,1.54,270,0.0,20,2,3
2019-03-16 08,17.4,67.15,15.38,15.0,15.8,1018,1.5,290,0.0,40,2,3
2019-03-16 09,19.6,58.05,16.29,15.2,17.0,1019,1.5,290,0.0,40,2,3
2019-03-16 10,21.65,51.12,22.27,20.0,24.44,1014,1.03,350,0.0,20,0,2
2019-03-16 11,23.62,43.53,21.2,22.0,25.0,1013,4.1,290,0.0,20,0,2
2019-03-16 12,25.35,38.33,22.05,23.2,25.0,1013,4.12,270,0.0,20,0,2
2019-03-16 13,26.45,32.27,22.64,24.0,25.79,1012,4.12,270,0.0,20,0,2
2019-03-16 14,27.17,29.9,24.58,25.56,26.32,1011,3.1,270,0.0,40,0,2
2019-03-16 15,27.2,28.12,25.18,24.88,26.0,1011,1.5,300,0.0,40,0,2
2019-03-16 16,26.12,31.23,24.88,23.8,26.0,1010,1.5,290,0.0,40,0,2
2019-03-16 17,25.4,31.65,24.62,23.8,26.0,1010,1.54,290,0.0,40,0,1
2019-03-16 18,24.12,36.53,21.57,23.0,24.01,1014,3.1,260,0.0,40,0,2
2019-03-16 19,22.67,41.33,19.94,21.0,22.5,1016,2.6,270,0.0,40,0,2
2019-03-16 20,21.88,43.88,20.9,19.8,21.0,1016,2.04,300,0.0,20,0,3
2019-03-16 21,20.82,49.72,20.11,19.77,20.19,1016,2.13,305,0.0,20,0,3
2019-03-16 22,20.32,52.85,19.5,17.2,20.0,1016,2.0,309,0.0,20,2,4
2019-03-16 23,19.6,58.92,18.82,17.18,19.0,1016,1.84,317,0.0,20,2,5
2019-03-17 00,17.9,67.78,18.87,17.19,19.0,1015,1.78,323,0.0,20,2,5
2019-03-17 01,18.25,67.08,17.43,15.8,18.0,1014,1.93,328,0.0,20,2,3
2019-03-17 02,18.02,68.65,16.69,15.78,17.0,1014,1.91,327,0.0,20,2,4
2019-03-17 03,16.27,75.22,16.74,15.37,17.0,1014,1.63,335,0.0,20,2,4
2019-03-17 04,17.07,71.45,15.82,14.61,17.0,1014,2.25,308,0.0,75,6,3
2019-03-17 05,18.1,63.1,15.22,14.78,16.0,1014,1.83,285,0.0,75,6,3
2019-03-17 06,17.53,64.28,14.09,14.0,15.23,1015,1.8,278,0.0,75,6,5
2019-03-17 07,17.57,64.58,14.56,15.0,16.51,1016,2.53,276,0.0,75,6,5
2019-03-17 08,19.32,57.83,16.82,16.0,18.0,1017,1.0,270,0.0,40,0,5
2019-03-17 09,20.7,52.97,18.69,16.4,19.0,1017,1.03,270,0.0,40,7,5
2019-03-17 10,23.68,43.2,21.65,22.0,25.0,1012,4.1,270,0.0,40,7,4
2019-03-17 11,25.3,36.85,22.45,24.0,25.19,1013,4.1,270,0.0,40,0,3
2019-03-17 12,26.75,29.2,24.07,24.2,27.0,1013,3.1,230,0.0,40,0,3
2019-03-17 13,27.4,26.48,24.06,25.56,27.3,1011,4.1,270,0.0,40,0,2
2019-03-17 14,28.23,27.05,26.34,26.6,28.0,1014,2.6,230,0.0,40,0,2
2019-03-17 15,28.23,28.88,25.82,25.56,28.0,1009,2.6,230,0.0,20,0,2
2019-03-17 16,28.32,27.93,24.93,24.8,28.0,1009,3.1,250,0.0,1,0,2
2019-03-17 17,27.55,29.45,24.03,25.0,26.67,1009,4.1,270,0.0,1,0,1
2019-03-17 18,25.62,33.02,24.11,24.0,25.34,1013,2.1,290,0.0,1,0,2
2019-03-17 19,23.53,39.67,22.91,22.38,24.0,1013,2.1,290,0.0,1,0,2
2019-03-17 20,22.6,42.02,22.66,20.2,22.0,1014,1.0,320,0.0,0,0,2
2019-03-17 21,21.8,48.0,22.47,19.01,22.17,1015,1.0,320,0.0,0,0,3
2019-03-17 22,21.3,55.43,19.6,17.02,21.0,1015,2.81,340,0.0,0,2,3
2019-03-17 23,20.2,60.3,18.53,16.36,20.0,1014,2.78,345,0.0,0,2,3
2019-03-18 00,19.62,60.08,17.9,16.22,19.0,1014,2.68,336,0.0,0,2,3
2019-03-18 01,19.2,62.22,17.53,14.94,19.0,1014,2.36,337,0.0,0,2,3
2019-03-18 02,18.7,64.78,16.04,14.46,17.0,1014,2.24,352,0.0,0,2,4
2019-03-18 03,16.88,73.17,15.61,12.94,17.0,1013,2.09,348,0.0,0,2,4
2019-03-18 04,15.85,79.3,15.2,12.83,16.0,1014,1.0,270,0.0,0,2,3
2019-03-18 05,15.8,79.35,14.94,13.4,15.0,1014,1.0,270,0.0,0,2,4
2019-03-18 06,15.25,81.38,13.5,14.0,14.31,1014,2.17,328,0.0,0,6,4
2019-03-18 07,15.03,81.57,14.83,13.6,18.4,1015,2.08,335,0.0,1,6,5
2019-03-18 08,19.15,60.82,17.68,16.29,18.4,1016,1.05,336,0.0,1,2,5
2019-03-18 09,22.48,47.15,18.46,13.6,21.0,1016,1.5,240,0.0,1,0,5
2019-03-18 10,24.35,41.1,22.91,22.91,25.56,1013,2.1,250,0.0,1,0,4
2019-03-18 11,26.1,35.38,25.54,24.0,26.0,1013,1.5,270,0.0,1,0,3
2019-03-18 12,27.15,32.48,26.37,25.56,26.21,1012,1.5,340,0.0,1,0,3
2019-03-18 13,27.73,31.07,26.01,26.0,28.13,1011,3.1,300,0.0,1,0,3
2019-03-18 14,28.95,28.57,27.25,27.4,28.89,1014,2.36,292,0.0,10,0,3
2019-03-18 15,29.03,26.92,25.95,26.67,28.0,1010,3.08,300,0.0,52,0,2
2019-03-18 16,28.6,27.7,25.86,25.0,28.0,1010,3.01,304,0.0,100,0,2
2019-03-18 17,27.07,30.9,26.07,25.0,27.0,1010,2.1,270,0.0,40,0,2
2019-03-18 18,25.68,31.48,24.59,24.0,25.29,1013,1.5,270,0.0,40,0,2
2019-03-18 19,24.27,38.4,24.14,23.74,24.11,1013,1.5,270,0.0,40,0,2
2019-03-18 20,23.3,46.88,22.31,21.14,23.2,1013,2.57,317,0.0,40,0,2
2019-03-18 21,21.0,56.35,20.98,20.83,23.2,1013,2.41,324,0.0,40,0,3
2019-03-18 22,19.7,63.47,20.91,17.2,21.0,1014,2.4,322,0.0,40,2,5
2019-03-18 23,18.45,71.22,18.68,17.15,19.0,1013,2.46,325,0.0,40,2,5
2019-03-19 00,19.85,63.48,18.64,16.8,19.0,1013,2.36,334,0.0,40,2,5
2019-03-19 01,19.85,61.3,16.71,15.25,18.0,1012,2.51,339,0.0,40,2,4
2019-03-19 02,19.25,63.05,16.85,15.6,18.0,1012,2.46,341,0.0,40,2,4
2019-03-19 03,18.48,65.6,16.06,14.36,17.0,1011,2.06,347,0.0,40,2,3
2019-03-19 04,17.9,69.88,14.85,14.4,16.0,1011,2.05,346,0.0,20,2,3
2019-03-19 05,17.7,70.78,15.09,15.37,16.0,1011,2.39,331,0.0,20,2,3
2019-03-19 06,16.25,77.92,15.27,15.0,15.29,1012,1.03,250,0.0,20,6,4
2019-03-19 07,16.75,72.4,16.28,15.0,19.2,1012,1.0,250,0.0,20,6,4
2019-03-19 08,19.9,60.12,19.22,16.4,19.2,1012,1.0,230,0.0,1,2,4
2019-03-19 09,23.02,48.6,21.21,16.4,23.0,1012,1.0,270,0.0,1,0,4
2019-03-19 10,25.67,43.15,24.7,24.0,26.0,1012,2.1,260,0.0,1,0,4
2019-03-19 11,27.6,36.55,27.74,26.0,27.88,1009,1.5,240,0.0,1,0,4
2019-03-19 12,29.45,30.15,28.46,26.0,29.0,1008,1.5,250,0.0,1,0,4
2019-03-19 13,31.0,25.08,30.41,29.4,30.25,1010,1.5,320,0.0,1,0,3
2019-03-19 14,31.62,23.0,30.85,30.01,31.0,1010,2.1,260,0.0,1,0,2
2019-03-19 15,32.08,22.1,30.85,28.94,31.0,1009,1.5,350,0.0,1,0,2
2019-03-19 16,31.7,22.45,30.5,27.4,31.0,1004,1.0,320,0.0,1,0,1
2019-03-19 17,30.95,23.52,30.54,27.78,30.0,1004,1.0,290,0.0,1,0,1
2019-03-19 18,29.18,26.52,29.14,27.14,29.0,1005,2.53,65,0.0,1,0,1
2019-03-19 19,25.12,37.23,27.21,23.91,28.0,1004,2.47,73,0.0,1,0,2
2019-03-19 20,22.72,50.4,25.76,21.6,26.67,1004,2.65,78,0.0,2,2,2
2019-03-19 21,22.75,51.95,24.0,21.09,24.0,1010,2.64,91,0.0,9,2,4
2019-03-19 22,21.05,60.42,21.18,19.2,21.0,1010,2.68,108,0.0,5,2,5
2019-03-19 23,19.8,65.33,21.07,19.1,21.0,1010,2.7,120,0.0,0,2,5
2019-03-20 00,19.35,67.7,21.07,18.99,21.0,1010,2.71,120,0.0,2,2,5
2019-03-20 01,19.88,64.55,21.29,18.0,22.0,1009,2.68,116,0.0,30,2,5
2019-03-20 02,19.45,65.22,20.63,18.0,21.0,1008,2.78,112,0.0,36,2,5
2019-03-20 03,19.43,63.1,19.5,17.79,20.0,1008,3.05,114,0.0,37,2,5
2019-03-20 04,20.12,56.95,17.98,18.07,19.17,1008,2.1,90,0.0,1,0,5
2019-03-20 05,18.5,64.92,18.26,17.0,20.01,1008,2.85,120,0.0,20,2,4
2019-03-20 06,18.85,63.38,20.68,18.91,20.0,1009,1.03,140,0.0,40,2,4
2019-03-20 07,19.02,64.73,20.98,19.0,21.4,1009,1.0,140,0.0,40,2,3
2019-03-20 08,22.57,50.38,22.76,20.0,24.0,1010,1.5,140,0.0,40,0,4
2019-03-20 09,25.1,41.6,24.85,20.0,28.33,1007,1.5,150,0.0,40,0,3
2019-03-20 10,27.7,34.22,27.35,26.78,29.0,1007,4.1,170,0.0,40,0,3
2019-03-20 11,29.52,30.38,28.67,27.6,31.0,1007,4.1,200,0.0,40,0,3
2019-03-20 12,30.98,28.1,30.14,27.6,31.0,1006,3.1,150,0.0,75,0,2
2019-03-20 13,32.33,24.93,32.65,28.89,34.0,1006,3.1,160,0.0,20,0,2
2019-03-20 14,33.75,20.38,33.33,29.6,34.0,1008,3.1,230,0.0,40,0,2
2019-03-20 15,33.03,22.93,33.4,28.33,34.0,1004,1.0,210,0.0,75,0,2
2019-03-20 16,31.95,26.33,28.99,25.0,32.0,1004,1.5,160,0.0,75,0,1
2019-03-20 17,30.77,28.98,29.53,25.0,32.0,1004,1.0,250,0.0,75,0,1
2019-03-20 18,29.98,29.2,28.54,24.98,29.0,1004,1.0,10,0.0,75,0,1
2019-03-20 19,27.98,45.07,28.18,23.89,29.0,1005,1.0,10,0.0,75,0,2
2019-03-20 20,26.73,46.33,27.35,23.63,28.33,1004,1.5,50,0.0,20,0,2
2019-03-20 21,25.67,44.15,26.85,23.75,28.33,1005,1.5,50,0.0,20,0,3
2019-03-20 22,24.9,45.48,24.59,21.8,25.0,1011,2.61,90,0.0,40,0,3
2019-03-20 23,24.18,47.28,24.58,21.48,25.0,1011,2.32,82,0.0,40,0,5
2019-03-21 00,23.55,50.02,23.84,21.11,24.0,1011,2.28,69,0.0,40,0,5
2019-03-21 01,22.52,53.53,22.35,19.3,23.0,1011,2.17,59,0.0,40,2,6
2019-03-21 02,22.23,53.47,22.02,18.24,23.0,1010,2.11,58,0.0,40,2,6
2019-03-21 03,20.68,61.65,20.21,17.43,21.0,1010,2.36,47,0.0,40,2,6
2019-03-21 04,20.3,61.8,19.67,17.24,20.0,1010,1.5,320,0.0,20,2,5
2019-03-21 05,20.93,56.55,21.31,18.1,22.0,1011,1.5,320,0.0,20,2,5
2019-03-21 06,20.23,57.98,19.57,17.85,19.0,1012,1.5,1,0.0,0,2,5
2019-03-21 07,18.53,68.7,19.43,18.0,20.6,1012,2.12,2,0.0,1,2,4
2019-03-21 08,21.58,55.42,21.16,19.4,22.0,1013,2.1,270,0.0,1,0,5
2019-03-21 09,24.5,44.75,23.51,19.4,27.22,1010,1.5,90,0.0,1,0,4
2019-03-21 10,26.65,38.85,26.58,24.75,27.78,1011,1.0,20,0.0,1,0,4
2019-03-21 11,27.48,37.45,26.83,27.0,30.0,1010,2.1,20,0.0,40,0,4
2019-03-21 12,28.4,34.88,27.35,27.0,31.0,1010,2.1,50,0.0,20,0,3
2019-03-21 13,30.05,28.9,28.84,29.0,32.0,1013,1.5,50,0.0,20,0,2
2019-03-21 14,31.25,25.43,29.38,29.8,31.01,1012,1.0,50,0.0,1,0,1
2019-03-21 15,31.82,24.88,29.51,28.33,31.0,1008,1.0,290,0.0,20,0,1
2019-03-21 16,31.62,28.47,28.67,28.33,30.0,1007,1.0,360,0.0,40,0,1
2019-03-21 17,30.38,29.8,28.19,27.86,29.2,1007,2.1,340,0.0,40,0,1
2019-03-21 18,28.57,34.6,27.76,27.2,28.53,1008,1.5,10,0.0,40,0,1
2019-03-21 19,27.0,39.68,27.34,24.6,28.33,1008,2.34,345,0.0,20,0,1
2019-03-21 20,26.02,40.88,25.18,24.14,26.0,1013,2.51,348,0.0,20,0,2
2019-03-21 21,25.25,40.45,24.19,23.52,25.0,1013,2.74,352,0.0,20,0,2
2019-03-21 22,24.35,41.62,24.03,21.25,27.22,1009,2.94,354,0.0,20,0,2
2019-03-21 23,23.7,44.42,21.35,20.79,23.0,1014,3.19,355,0.0,20,0,3
2019-03-22 00,22.92,48.55,21.06,20.63,23.0,1014,3.54,353,0.0,20,0,2
2019-03-22 01,22.62,47.4,18.94,19.64,22.0,1014,3.66,350,0.0,20,0,2
2019-03-22 02,21.65,47.05,19.0,19.4,22.0,1014,3.47,348,0.0,20,0,2
2019-03-22 03,20.55,49.73,17.27,17.9,21.5,1013,3.5,338,0.0,20,0,2
2019-03-22 04,19.48,54.98,16.79,17.6,19.0,1013,3.28,334,0.0,20,0,2
2019-03-22 05,18.65,58.75,17.11,17.6,19.0,1014,3.04,330,0.0,20,0,2
2019-03-22 06,18.6,56.47,16.36,17.0,18.29,1014,2.87,323,0.0,20,0,2
2019-03-22 07,18.9,53.4,17.66,17.0,19.4,1015,1.0,270,0.0,1,0,2
2019-03-22 08,20.67,47.92,17.98,17.8,20.0,1016,2.1,290,0.0,1,0,2
2019-03-22 09,22.98,42.23,19.62,17.8,23.0,1016,2.6,270,0.0,1,0,2
2019-03-22 10,25.75,36.83,24.23,24.05,27.78,1013,2.1,280,0.0,1,0,2
2019-03-22 11,28.02,27.3,24.36,27.0,28.33,1013,4.1,290,0.0,1,0,2
2019-03-22 12,29.55,22.2,23.48,27.0,29.0,1012,6.2,320,0.0,1,0,1
2019-03-22 13,30.3,18.0,24.58,28.2,29.72,1011,5.1,310,0.0,1,0,1
2019-03-22 14,30.23,16.38,23.59,28.2,30.25,1010,7.2,270,0.0,1,0,1
2019-03-22 15,30.43,16.73,25.95,27.78,30.0,1010,3.6,280,0.0,1,0,1
2019-03-22 16,29.9,19.52,23.64,26.6,29.0,1009,6.2,290,0.0,1,0,1
2019-03-22 17,28.73,23.95,24.49,26.0,28.89,1010,4.1,280,0.0,1,0,1
2019-03-22 18,26.92,29.4,24.0,26.0,27.18,1013,3.1,300,0.0,20,0,1
2019-03-22 19,24.9,35.32,22.39,24.0,26.0,1013,3.1,300,0.0,20,0,1
2019-03-22 20,23.93,36.97,22.26,21.72,23.0,1014,1.5,270,0.0,0,0,1
2019-03-22 21,23.02,40.5,21.31,20.8,22.6,1015,1.5,270,0.0,0,0,1
2019-03-22 22,22.43,44.17,20.25,19.1,22.0,1015,2.6,270,0.0,20,0,2
2019-03-22 23,22.02,45.17,18.81,18.69,20.0,1015,2.6,270,0.0,20,0,2
2019-03-23 00,21.53,46.2,18.01,18.18,19.4,1015,2.6,270,0.0,20,0,2
2019-03-23 01,20.75,49.08,16.66,17.15,18.5,1015,2.6,270,0.0,20,0,3
2019-03-23 02,20.45,50.95,16.75,17.25,18.5,1014,2.6,270,0.0,20,0,3
2019-03-23 03,20.1,50.02,14.49,16.01,17.0,1014,3.1,270,0.0,1,0,3
2019-03-23 04,19.5,52.55,13.37,16.0,16.69,1014,4.1,270,0.0,1,0,2
2019-03-23 05,18.95,54.33,14.96,16.0,18.2,1014,3.1,270,0.0,15,0,2
2019-03-23 06,18.57,55.97,16.1,16.86,18.2,1015,2.57,270,0.0,20,0,3
2019-03-23 07,18.9,54.35,17.03,18.0,20.4,1015,2.6,270,0.0,20,0,3
2019-03-23 08,21.05,45.57,19.74,18.6,21.0,1015,1.5,290,0.0,1,0,3
2019-03-23 09,23.5,39.78,19.87,18.6,24.0,1015,4.1,300,0.0,1,0,2
2019-03-23 10,25.47,35.62,22.96,24.95,26.2,1015,5.1,240,0.0,1,0,2
2019-03-23 11,27.48,31.35,24.61,26.2,28.0,1011,4.1,290,0.0,40,0,2
2019-03-23 12,28.78,28.43,25.76,27.3,28.36,1010,4.1,290,0.0,40,0,1
2019-03-23 13,30.18,25.75,26.84,28.8,29.9,1013,4.1,270,0.0,20,0,1
2019-03-23 14,30.85,23.62,25.85,28.8,31.32,1012,6.2,270,0.0,1,0,1
2019-03-23 15,31.08,24.2,24.68,28.33,30.0,1008,6.7,270,0.0,1,0,1
2019-03-23 16,30.55,25.67,25.85,27.2,29.68,1008,4.1,280,0.0,1,0,1
2019-03-23 17,29.48,24.43,26.94,27.2,29.19,1008,2.6,270,0.0,1,0,4
2019-03-23 18,27.6,28.92,26.14,26.0,28.89,1009,2.6,290,0.0,20,0,4
2019-03-23 19,25.9,38.4,25.32,25.68,27.0,1012,2.6,290,0.0,20,0,2
2019-03-23 20,25.1,43.3,23.54,23.54,24.04,1013,2.1,320,0.0,0,0,2
2019-03-23 21,24.38,47.23,22.97,22.86,24.0,1013,2.1,320,0.0,0,0,3
2019-03-23 22,23.92,45.83,21.81,21.04,22.2,1014,1.5,320,0.0,2,3,3
2019-03-23 23,23.1,51.15,21.79,20.87,22.2,1014,1.5,320,0.0,0,3,2
2019-03-24 00,22.0,53.23,21.79,20.89,22.2,1014,1.5,320,0.0,1,3,2
2019-03-24 01,21.32,49.17,19.02,19.51,21.0,1013,2.1,260,0.0,1,0,2
2019-03-24 02,20.95,45.98,17.61,19.02,20.0,1012,2.6,270,0.0,1,0,2
2019-03-24 03,20.35,45.9,17.27,18.25,20.0,1012,2.6,280,0.0,1,0,2
2019-03-24 04,20.15,44.5,16.71,18.0,18.68,1012,2.1,230,0.0,1,0,2
2019-03-24 05,19.7,47.12,16.47,16.0,19.92,1012,1.5,270,0.0,0,0,2
2019-03-24 06,19.38,48.38,16.08,15.0,19.83,1012,1.54,250,0.0,0,0,2
2019-03-24 07,19.28,50.38,17.91,17.0,20.87,1013,1.5,250,0.0,1,0,2
2019-03-24 08,21.82,44.23,18.35,18.8,20.92,1014,2.6,270,0.0,1,0,2
2019-03-24 09,24.1,39.38,18.97,18.8,23.0,1014,3.1,260,0.0,1,0,3
2019-03-24 10,26.93,33.33,24.89,24.0,28.2,1010,2.1,260,0.0,1,0,4
2019-03-24 11,28.88,30.12,26.92,28.0,29.52,1010,3.1,270,0.0,1,0,4
2019-03-24 12,30.67,28.32,26.85,28.89,30.08,1009,4.1,270,0.0,1,0,3
2019-03-24 13,32.0,26.5,30.21,31.0,31.87,1012,2.1,270,0.0,1,0,2
2019-03-24 14,32.67,26.88,30.7,30.0,32.21,1011,2.6,270,0.0,1,0,2
2019-03-24 15,32.35,28.95,31.21,29.4,32.0,1007,1.5,320,0.0,1,0,2
2019-03-24 16,31.85,30.05,29.55,29.2,31.0,1007,3.1,340,0.0,1,0,2
2019-03-24 17,30.45,34.5,28.36,28.0,29.98,1007,3.1,320,0.0,1,0,2
2019-03-24 18,28.73,38.5,27.93,27.0,29.84,1007,2.6,320,0.0,1,0,1
2019-03-24 19,26.6,51.23,26.31,26.0,27.07,1011,2.6,320,0.0,1,0,1
2019-03-24 20,24.92,59.73,25.86,24.0,26.0,1011,2.1,320,0.0,40,0,2
2019-03-24 21,23.65,63.43,24.19,21.67,24.4,1012,2.1,320,0.0,40,0,2
2019-03-24 22,23.0,55.6,22.79,21.09,22.0,1012,2.1,320,0.0,40,2,2
2019-03-24 23,22.4,60.23,22.79,20.87,22.0,1012,2.1,320,0.0,40,2,2
2019-03-25 00,21.88,61.43,21.97,19.93,21.67,1012,2.1,320,0.0,40,2,2
2019-03-25 01,21.3,59.7,19.48,18.72,19.6,1011,2.1,270,0.0,40,2,2
2019-03-25 02,20.4,62.15,18.82,18.0,19.6,1011,2.1,270,0.0,40,2,2
2019-03-25 03,20.6,64.22,17.76,17.0,19.6,1011,2.1,270,0.0,40,2,2
2019-03-25 04,20.05,67.9,18.08,17.0,18.8,1011,1.5,270,0.0,40,2,3
2019-03-25 05,19.5,71.7,18.37,17.0,19.48,1012,1.5,270,0.0,40,2,3
2019-03-25 06,19.38,72.35,16.62,17.0,20.0,1013,4.12,270,0.0,75,2,3
2019-03-25 07,19.7,71.1,16.85,17.0,20.0,1013,4.1,270,0.0,75,2,3
2019-03-25 08,19.98,71.05,18.71,18.4,20.0,1013,2.6,270,0.0,75,0,3
2019-03-25 09,20.62,68.95,19.18,18.4,21.0,1014,3.1,270,0.0,40,0,4
2019-03-25 10,23.3,58.05,23.37,21.26,25.8,1014,3.1,320,0.0,40,0,4
2019-03-25 11,26.6,44.05,26.05,23.24,28.33,1011,2.1,320,0.0,40,0,3
2019-03-25 12,28.75,38.33,26.86,24.2,29.0,1010,2.1,270,0.0,40,0,3
2019-03-25 13,30.48,31.95,28.0,26.43,29.0,1012,2.1,270,0.0,40,0,2
2019-03-25 14,31.4,30.55,27.73,27.67,30.0,1008,3.1,270,0.0,40,0,2
2019-03-25 15,31.1,31.07,27.79,24.7,30.0,1007,3.1,280,0.0,40,0,2
2019-03-25 16,30.43,34.55,27.4,25.08,30.0,1007,3.6,290,0.0,20,0,2
2019-03-25 17,27.68,46.77,25.92,24.64,27.0,1011,3.1,360,0.0,20,0,2
2019-03-25 18,26.15,40.55,25.04,24.97,26.0,1012,2.1,360,0.0,20,0,2
2019-03-25 19,24.62,44.77,23.93,23.3,25.0,1012,2.1,360,0.0,20,0,2
2019-03-25 20,23.5,46.75,23.64,22.23,24.02,1013,1.0,360,0.0,44,0,3
2019-03-25 21,22.85,48.98,23.44,22.04,23.2,1013,1.0,360,0.0,20,0,4
2019-03-25 22,22.3,55.75,21.83,19.61,22.0,1014,1.87,350,0.0,17,0,4
2019-03-25 23,21.27,61.73,21.04,19.14,21.0,1014,1.85,357,0.0,16,0,3
2019-03-26 00,20.52,64.38,20.05,18.77,20.4,1013,2.16,346,0.0,5,0,3
2019-03-26 01,19.97,69.67,19.14,17.44,19.0,1013,1.85,315,0.0,1,2,3
2019-03-26 02,19.45,71.58,18.38,17.46,18.54,1013,1.99,300,0.0,0,2,3
2019-03-26 03,19.08,72.38,17.59,15.95,18.2,1013,2.27,297,0.0,0,2,3
2019-03-26 04,19.2,67.15,15.75,15.78,16.37,1013,2.1,240,0.0,20,0,4
2019-03-26 05,18.82,69.78,15.92,16.0,18.0,1013,2.79,309,0.0,0,2,4
2019-03-26 06,18.3,68.72,15.76,16.0,17.73,1014,2.47,318,0.0,1,2,4
2019-03-26 07,17.88,71.0,16.33,16.0,19.6,1014,2.96,321,0.0,1,2,4
2019-03-26 08,19.65,63.88,19.73,18.59,20.0,1014,1.0,270,0.0,1,0,4
2019-03-26 09,22.5,52.83,19.86,18.8,23.0,1015,4.1,270,0.0,1,0,4
2019-03-26 10,25.0,48.98,23.38,23.0,26.2,1015,4.1,300,0.0,1,0,3
2019-03-26 11,27.07,45.02,25.99,26.2,27.58,1015,4.1,290,0.0,1,0,3
2019-03-26 12,29.02,36.2,25.69,26.2,28.89,1011,5.1,250,0.0,1,0,2
2019-03-26 13,29.7,32.95,25.11,28.0,30.04,1010,6.7,340,0.0,1,0,2
2019-03-26 14,30.48,31.08,26.31,28.8,30.46,1009,6.2,270,0.0,1,0,1
2019-03-26 15,30.98,29.9,26.24,28.72,30.0,1009,6.2,270,0.0,1,0,1
2019-03-26 16,30.78,29.38,27.62,28.85,30.0,1009,4.1,260,0.0,1,0,1
2019-03-26 17,29.97,29.77,27.76,28.3,29.58,1009,3.1,320,0.0,1,0,1
2019-03-26 18,28.6,32.5,26.79,26.6,28.29,1013,2.1,280,0.0,1,0,1
2019-03-26 19,26.75,38.05,25.69,24.8,27.0,1013,2.1,280,0.0,1,0,1
2019-03-26 20,25.65,42.52,25.65,22.21,25.0,1014,1.0,270,0.0,0,0,2
2019-03-26 21,24.5,47.92,25.31,21.3,25.0,1014,1.0,270,0.0,0,0,2
2019-03-26 22,23.7,50.62,23.83,19.39,24.0,1014,1.0,320,0.0,0,2,3
2019-03-26 23,23.3,50.95,22.95,18.83,23.0,1015,1.0,320,0.0,0,2,3
2019-03-27 00,22.82,51.65,22.87,18.71,23.0,1015,1.0,320,0.0,0,2,3
2019-03-27 01,22.57,52.2,20.38,17.45,22.0,1014,2.72,327,0.0,12,2,3
2019-03-27 02,21.9,54.42,20.37,16.91,22.0,1014,2.57,327,0.0,2,2,3
2019-03-27 03,21.3,56.33,18.65,15.7,20.0,1014,2.47,331,0.0,0,2,3
2019-03-27 04,20.15,59.78,18.8,15.74,19.0,1013,1.0,250,0.0,0,2,3
2019-03-27 05,19.4,62.93,17.18,16.0,17.56,1014,1.0,250,0.0,0,2,3
2019-03-27 06,19.52,61.7,17.35,16.0,17.9,1015,1.0,250,0.0,9,2,3
2019-03-27 07,19.58,63.2,19.43,19.0,20.8,1015,2.1,250,0.0,40,0,4
2019-03-27 08,21.85,54.1,20.25,19.2,21.58,1016,2.6,250,0.0,40,0,4
2019-03-27 09,24.73,44.78,21.71,19.2,25.0,1016,3.6,240,0.0,40,0,4
2019-03-27 10,27.4,38.6,24.93,26.48,27.59,1016,5.1,240,0.0,40,0,3
2019-03-27 11,29.1,33.33,26.93,28.0,29.79,1012,5.1,270,0.0,40,0,3
2019-03-27 12,30.15,29.8,27.67,28.89,30.13,1011,5.1,270,0.0,40,0,2
2019-03-27 13,31.48,28.18,28.69,29.4,31.8,1014,4.1,260,0.0,40,0,2
2019-03-27 14,31.77,27.57,28.21,29.4,32.05,1010,5.1,270,0.0,40,0,2
2019-03-27 15,32.23,25.05,28.46,29.4,31.06,1009,4.1,330,0.0,40,0,2
2019-03-27 16,31.9,22.77,28.17,29.4,31.0,1009,4.1,330,0.0,40,0,1
2019-03-27 17,30.75,29.35,27.59,29.0,30.28,1009,4.1,320,0.0,20,0,1
2019-03-27 18,29.03,32.67,28.96,27.0,29.7,1009,1.5,290,0.0,40,0,1
2019-03-27 19,27.35,36.8,28.39,25.63,29.44,1009,1.5,290,0.0,40,0,2
2019-03-27 20,25.02,45.58,24.66,23.0,26.0,1014,2.74,359,0.0,20,0,2
2019-03-27 21,24.17,50.35,24.08,22.46,25.0,1014,2.71,5,0.0,20,0,2
2019-03-27 22,22.43,59.1,23.29,19.98,24.0,1014,2.78,6,0.0,20,2,3
2019-03-27 23,21.8,63.85,21.81,19.92,22.0,1014,2.8,1,0.0,20,2,4
2019-03-28 00,21.3,67.35,21.98,20.0,22.0,1014,2.69,349,0.0,20,2,5
2019-03-28 01,20.4,70.05,21.02,18.4,21.0,1013,2.49,338,0.0,15,2,5
2019-03-28 02,20.05,71.07,20.28,18.4,20.0,1013,2.41,327,0.0,1,2,4
2019-03-28 03,19.22,75.55,19.73,17.56,20.0,1013,2.44,330,0.0,3,2,4
2019-03-28 04,19.12,75.85,19.16,17.33,19.0,1013,1.86,294,0.0,20,2,4
2019-03-28 05,19.9,72.67,18.63,19.0,19.42,1013,1.49,255,0.0,1,0,5
2019-03-28 06,19.1,78.45,19.69,17.0,19.55,1013,1.69,247,0.0,20,2,5
2019-03-28 07,19.68,76.5,20.37,18.8,22.8,1013,2.44,243,0.0,40,2,5
2019-03-28 08,23.15,58.33,22.78,18.8,24.0,1014,1.7,241,0.0,1,0,5
2019-03-28 09,26.43,44.07,26.99,22.8,28.89,1011,1.0,290,0.0,1,0,6
2019-03-28 10,29.67,36.58,28.96,28.0,29.31,1011,1.5,160,0.0,1,0,5
2019-03-28 11,31.38,30.15,31.79,29.2,32.0,1010,1.5,140,0.0,1,0,4
2019-03-28 12,33.12,26.95,31.77,29.2,33.0,1010,2.1,210,0.0,1,0,4
2019-03-28 13,34.27,23.55,32.2,32.0,33.39,1012,2.6,280,0.0,1,0,3
2019-03-28 14,35.05,21.83,33.66,32.0,35.0,1012,2.6,250,0.0,40,0,3
2019-03-28 15,35.23,23.7,35.07,30.56,35.0,1007,1.0,230,0.0,40,0,3
2019-03-28 16,35.05,25.7,34.9,30.0,35.0,1006,2.1,270,0.0,20,0,3
2019-03-28 17,34.45,26.88,33.5,31.11,34.0,1006,2.1,270,0.0,20,0,2
2019-03-28 18,32.8,29.4,33.92,30.0,32.8,1006,1.0,320,0.0,20,0,2
2019-03-28 19,29.73,35.8,32.4,27.18,30.56,1006,1.0,320,0.0,20,0,2
2019-03-28 20,27.68,45.52,30.7,25.64,30.56,1006,2.58,15,0.0,2,0,3
2019-03-28 21,25.7,54.57,29.23,25.84,28.0,1011,2.28,15,0.0,12,0,5
2019-03-28 22,23.7,64.57,27.29,22.6,26.0,1011,2.24,13,0.0,24,2,5
2019-03-28 23,23.5,66.97,27.05,22.34,26.0,1011,2.2,17,0.0,34,2,6
2019-03-29 00,22.73,73.03,25.98,21.65,25.0,1011,2.7,18,0.0,48,2,5
2019-03-29 01,22.58,75.08,25.35,20.55,24.0,1010,2.08,354,0.0,1,2,6
2019-03-29 02,23.17,73.42,25.28,19.5,24.0,1010,1.61,301,0.0,1,2,6
2019-03-29 03,21.92,79.6,24.23,18.7,23.0,1010,1.24,284,0.0,1,2,6
2019-03-29 04,20.8,85.75,24.04,18.88,23.0,1010,1.38,290,0.0,0,2,6
2019-03-29 05,20.23,89.33,23.52,19.83,22.0,1009,1.56,293,0.0,0,2,6
2019-03-29 06,19.93,91.25,22.79,20.0,21.0,1010,1.61,295,0.0,0,2,6
2019-03-29 07,20.55,89.2,25.0,20.0,25.4,1010,1.96,300,0.0,1,2,6
2019-03-29 08,25.55,67.2,27.65,22.6,27.0,1011,1.37,312,0.0,1,2,6
2019-03-29 09,29.57,47.27,30.48,22.6,30.0,1007,1.0,160,0.0,1,0,5
2019-03-29 10,31.9,39.95,32.75,29.6,32.0,1007,2.1,230,0.0,1,0,5
2019-03-29 11,34.02,32.55,34.81,32.38,35.0,1010,2.6,230,0.0,1,0,3
2019-03-29 12,35.83,26.92,33.02,30.4,36.0,1006,2.6,270,0.0,1,0,3
2019-03-29 13,36.45,24.57,33.86,34.75,36.14,1009,4.1,250,0.0,1,0,2
2019-03-29 14,36.83,25.35,36.71,35.07,37.0,1007,1.5,310,0.0,1,0,3
2019-03-29 15,37.12,25.02,35.17,33.59,37.0,1007,2.1,260,0.0,20,0,3
2019-03-29 16,35.83,27.9,35.02,31.67,35.05,1003,1.5,300,0.0,40,0,2
2019-03-29 17,34.4,30.93,34.42,32.22,34.93,1003,2.1,320,0.0,40,0,2
2019-03-29 18,33.58,33.45,34.83,32.0,34.0,1003,1.0,290,0.0,40,0,2
2019-03-29 19,31.2,41.15,33.13,29.94,32.0,1003,1.0,290,0.0,40,0,2
2019-03-29 20,29.65,49.67,32.79,27.4,31.67,1003,1.0,340,0.0,20,0,2
2019-03-29 21,27.5,58.62,30.89,26.69,29.0,1008,1.0,340,0.0,20,0,4
2019-03-29 22,27.23,58.92,29.06,23.71,28.0,1009,2.48,27,0.0,20,0,5
2019-03-29 23,25.88,65.68,28.05,23.42,27.0,1009,2.38,25,0.0,20,0,5
2019-03-30 00,26.07,62.95,27.44,23.39,26.67,1009,2.38,17,0.0,20,0,5
2019-03-30 01,25.5,65.38,26.58,21.85,26.0,1008,2.86,18,0.0,20,2,5
2019-03-30 02,24.78,66.2,26.02,21.28,25.0,1008,2.37,26,0.0,20,2,5
2019-03-30 03,23.32,72.2,26.4,20.52,25.0,1008,1.87,66,0.0,20,2,6
2019-03-30 04,22.57,75.97,25.86,20.77,24.0,1007,1.26,131,0.0,45,2,6
2019-03-30 05,22.0,79.02,25.08,21.34,23.81,1008,1.56,183,0.0,33,2,6
2019-03-30 06,21.62,81.65,25.67,21.18,23.0,1008,0.51,270,0.0,13,2,5
2019-03-30 07,21.7,82.9,28.02,22.0,25.23,1009,0.5,270,0.0,1,2,5
2019-03-30 08,26.93,64.4,29.31,24.6,28.0,1009,1.14,250,0.0,1,0,5
2019-03-30 09,30.45,47.85,30.65,24.6,31.11,1006,2.1,200,0.0,1,0,5
2019-03-30 10,33.1,37.3,33.48,31.5,34.0,1006,2.1,200,0.0,1,0,5
2019-03-30 11,35.53,26.73,35.72,33.85,35.12,1009,1.5,110,0.0,1,0,3
2019-03-30 12,37.65,21.35,34.67,31.67,38.0,1005,2.6,150,0.0,1,0,2
2019-03-30 13,38.55,18.32,37.92,35.2,38.0,1007,1.0,180,0.0,1,0,2
2019-03-30 14,38.77,19.22,36.72,35.2,39.0,1007,4.1,250,0.0,40,9,2
2019-03-30 15,37.48,22.25,35.12,32.78,39.0,1003,4.6,50,0.0,40,9,2
2019-03-30 16,37.0,22.6,34.45,32.6,38.0,1003,5.1,50,0.0,40,9,3
2019-03-30 17,35.88,27.88,33.82,32.6,35.24,1003,5.1,360,0.0,75,0,2
2019-03-30 18,34.33,30.43,34.16,31.76,33.26,1003,2.6,270,1.5,75,5,3
2019-03-30 19,32.95,35.33,33.48,30.41,32.78,1004,2.6,270,1.5,75,5,3
2019-03-30 20,31.48,39.52,32.67,28.38,31.0,1008,1.0,50,0.0,75,0,3
2019-03-30 21,30.5,44.05,33.14,27.3,33.33,1004,1.0,50,0.0,75,0,4
2019-03-30 22,29.15,48.78,30.79,25.51,30.0,1009,2.81,12,0.0,40,0,5
2019-03-30 23,29.23,48.65,29.77,24.31,29.0,1009,2.98,5,0.0,40,0,4
2019-03-31 00,27.12,55.35,29.26,24.02,28.89,1009,2.59,359,0.0,40,0,4
2019-03-31 01,25.45,61.83,27.82,23.7,27.0,1009,2.6,270,0.0,40,2,4
2019-03-31 02,25.9,60.15,26.31,23.44,25.0,1008,2.6,270,0.0,40,2,4
2019-03-31 03,25.8,60.75,25.88,22.16,25.0,1009,2.6,270,0.0,40,2,4
2019-03-31 04,25.43,63.07,25.55,21.8,25.0,1008,2.1,270,0.0,20,2,3
2019-03-31 05,24.8,60.9,25.29,23.11,24.0,1008,2.1,270,0.0,20,2,3
2019-03-31 06,24.12,57.17,25.19,23.0,24.06,1009,2.1,270,0.0,20,2,2
2019-03-31 07,24.38,48.25,26.48,22.0,24.82,1010,1.5,270,0.0,0,3,2
2019-03-31 08,26.55,37.12,24.48,23.0,26.0,1010,2.1,250,0.0,1,0,2
2019-03-31 09,29.12,30.45,26.21,24.2,29.0,1010,2.6,300,0.0,1,0,2
2019-03-31 10,30.93,26.7,27.56,29.27,31.67,1007,6.2,270,0.0,20,0,2
2019-03-31 11,32.45,25.77,29.34,31.66,32.78,1007,5.1,270,0.0,40,9,2
2019-03-31 12,33.62,23.55,28.97,31.93,33.04,1006,5.1,260,0.0,40,9,2
2019-03-31 13,34.35,17.82,29.74,32.2,34.98,1009,4.6,290,0.0,20,0,2
2019-03-31 14,34.8,14.75,28.09,32.2,35.28,1005,6.2,270,0.0,20,0,1
2019-03-31 15,35.02,14.5,28.84,32.08,34.0,1005,4.1,310,0.0,20,0,1
2019-03-31 16,34.45,13.28,28.29,31.6,33.89,1004,6.2,290,0.0,20,0,1
2019-03-31 17,33.62,17.7,28.22,31.1,32.89,1004,4.6,270,0.0,40,0,1
2019-03-31 18,31.93,21.6,27.62,30.11,32.78,1004,4.6,270,0.0,40,0,1
2019-03-31 19,29.82,27.4,29.13,27.2,31.67,1008,2.1,270,0.0,0,0,1
2019-03-31 20,28.55,33.83,26.79,25.54,28.0,1008,2.1,270,0.0,0,0,1
2019-03-31 21,27.32,35.7,26.13,25.58,27.2,1009,2.1,270,0.0,0,0,2
2019-03-31 22,26.73,37.12,26.26,23.15,27.0,1009,1.5,270,0.0,0,0,2
2019-03-31 23,25.98,39.1,25.34,22.8,26.0,1009,1.5,270,0.0,0,0,2
2019-04-01 00,25.4,40.78,24.66,22.21,25.56,1009,1.5,270,0.0,0,0,2
2019-04-01 01,24.43,43.58,22.58,21.13,24.0,1008,2.1,270,0.0,0,0,2
2019-04-01 02,23.52,46.58,21.2,20.75,22.4,1008,2.1,270,0.0,0,0,2
2019-04-01 03,22.83,50.47,17.92,19.0,19.55,1008,2.1,230,0.0,1,0,2
2019-04-01 04,22.2,52.97,18.2,18.0,19.6,1008,2.1,250,0.0,0,0,1
2019-04-01 05,22.07,51.83,18.59,18.0,20.67,1008,2.1,250,0.0,0,0,2
2019-04-01 06,21.35,53.47,17.45,16.0,20.39,1009,2.1,240,0.0,1,0,2
2019-04-01 07,21.6,51.6,18.95,18.0,22.6,1009,2.6,240,0.0,1,0,3
2019-04-01 08,24.02,44.27,20.64,21.0,22.6,1010,3.1,250,0.0,1,0,3
2019-04-01 09,26.85,35.53,22.39,19.6,26.0,1010,3.6,270,0.0,1,0,4
2019-04-01 10,28.9,29.25,26.3,27.07,30.0,1011,4.1,250,0.0,1,0,4
2019-04-01 11,30.82,25.03,27.67,29.6,31.44,1010,4.6,270,0.0,1,0,3
2019-04-01 12,33.03,19.55,28.29,29.6,33.0,1006,5.1,270,0.0,1,0,2
2019-04-01 13,33.97,17.93,29.17,32.19,33.9,1006,5.7,270,0.0,1,0,1
2019-04-01 14,34.45,19.18,29.05,32.78,34.45,1005,6.2,270,0.0,1,0,1
2019-04-01 15,34.8,19.15,30.46,32.14,34.0,1004,5.1,270,0.0,1,0,1
2019-04-01 16,34.17,20.65,31.08,32.0,34.0,1004,3.1,250,0.0,1,0,1
2019-04-01 17,33.38,21.33,31.44,31.29,33.45,1004,3.1,270,0.0,1,0,1
2019-04-01 18,31.9,22.55,29.81,29.8,32.78,1005,3.1,320,0.0,1,0,1
2019-04-01 19,29.58,26.48,28.05,26.88,31.67,1005,3.1,320,0.0,1,0,1
2019-04-01 20,28.12,32.33,27.75,25.07,31.11,1005,2.1,320,0.0,0,0,1
2019-04-01 21,27.22,35.2,26.74,23.51,31.11,1006,2.1,320,0.0,0,0,2
2019-04-01 22,26.25,38.0,27.13,20.89,30.56,1005,1.5,290,0.0,0,0,2
2019-04-01 23,26.25,39.15,25.44,20.05,27.0,1010,1.5,290,0.0,0,0,2
2019-04-02 00,25.8,41.92,24.73,19.92,26.0,1010,1.5,290,0.0,0,0,3
2019-04-02 01,23.88,48.12,23.44,18.4,24.0,1010,1.0,270,0.0,0,0,3
2019-04-02 02,23.3,49.92,22.56,17.86,23.0,1009,1.0,270,0.0,0,0,3
2019-04-02 03,20.3,61.45,21.35,15.23,22.0,1009,1.0,270,0.0,0,0,3
2019-04-02 04,19.75,64.38,18.46,15.0,20.0,1010,2.31,23,0.0,0,0,3
2019-04-02 05,19.18,67.07,19.19,15.75,20.0,1010,1.6,35,0.0,0,0,3
2019-04-02 06,19.62,66.53,19.38,16.11,19.69,1010,0.26,267,0.0,0,2,4
2019-04-02 07,19.47,69.12,21.06,17.0,23.6,1011,1.19,253,0.0,1,2,5
2019-04-02 08,25.27,48.38,24.41,21.0,24.0,1012,0.97,265,0.0,1,0,5
2019-04-02 09,28.35,38.75,26.64,21.0,28.0,1012,1.0,230,0.0,1,0,5
2019-04-02 10,30.5,33.1,29.91,27.97,32.22,1009,2.1,230,0.0,1,0,5
2019-04-02 11,32.33,25.12,33.03,30.24,32.78,1008,2.1,250,0.0,1,0,5
2019-04-02 12,33.28,23.52,30.97,30.76,34.0,1008,3.1,270,0.0,20,0,3
2019-04-02 13,34.2,21.0,30.46,32.22,33.0,1010,4.1,270,0.0,40,0,3
2019-04-02 14,35.45,14.5,30.83,32.4,34.28,1006,4.1,240,0.0,20,0,2
2019-04-02 15,35.67,14.4,32.04,32.4,35.0,1005,3.6,260,0.0,20,0,2
2019-04-02 16,35.4,15.57,32.62,32.36,35.0,1004,2.6,280,0.0,1,0,2
2019-04-02 17,34.67,17.45,31.84,31.53,34.0,1004,2.6,270,0.0,1,0,2
2019-04-02 18,32.75,19.42,30.4,30.4,33.33,1005,2.6,340,0.0,1,0,2
2019-04-02 19,30.3,25.95,28.89,27.25,32.78,1004,2.6,340,0.0,1,0,1
2019-04-02 20,28.27,29.83,26.47,23.79,28.0,1009,2.77,342,0.0,0,0,2
2019-04-02 21,27.05,32.42,26.16,24.22,28.0,1009,2.47,345,0.0,0,0,3
2019-04-02 22,26.2,35.8,25.29,20.6,26.0,1010,2.57,350,0.0,0,0,3
2019-04-02 23,25.98,37.2,24.86,20.6,26.0,1010,2.63,356,0.0,0,0,3
2019-04-03 00,25.25,41.4,23.63,20.6,25.0,1009,2.58,357,0.0,0,0,3
2019-04-03 01,24.88,42.67,22.64,19.15,24.0,1009,2.52,355,0.0,0,2,3
2019-04-03 02,23.1,47.28,20.76,18.01,22.0,1008,2.55,345,0.0,0,2,4
2019-04-03 03,21.23,53.65,18.88,16.69,21.0,1008,2.9,339,0.0,0,2,3
2019-04-03 04,19.73,60.45,18.18,17.08,19.2,1008,2.1,250,0.0,0,0,2
2019-04-03 05,21.12,56.35,18.76,18.94,19.47,1008,2.1,250,0.0,0,0,3
2019-04-03 06,21.9,51.4,20.93,19.22,21.0,1008,1.0,250,0.0,1,0,4
2019-04-03 07,22.7,48.92,22.0,21.0,24.0,1009,1.5,250,0.0,1,0,4
2019-04-03 08,25.93,40.77,23.63,22.0,25.0,1009,2.1,270,0.0,1,0,4
2019-04-03 09,28.9,33.52,23.59,22.0,29.0,1010,4.1,240,0.0,1,0,3
2019-04-03 10,31.58,28.35,28.94,28.97,31.11,1007,4.1,250,0.0,1,0,3
2019-04-03 11,32.98,26.23,31.22,31.36,32.37,1007,3.1,290,0.0,1,0,2
2019-04-03 12,34.53,22.52,33.06,31.67,34.0,1006,2.1,340,0.0,1,0,2
2019-04-03 13,35.7,20.25,33.14,33.6,36.04,1009,4.1,270,0.0,1,0,2
2019-04-03 14,36.38,18.02,33.9,34.69,36.48,1008,4.1,270,0.0,1,0,2
2019-04-03 15,37.03,16.77,35.66,33.6,37.0,1007,2.1,210,0.0,20,0,2
2019-04-03 16,36.88,14.82,34.03,31.8,37.0,1004,2.1,250,0.0,20,0,1
2019-04-03 17,36.12,18.33,34.0,31.8,35.0,1004,2.1,250,0.0,40,0,1
2019-04-03 18,34.05,23.3,33.77,31.74,34.0,1004,1.0,290,0.0,40,0,1
2019-04-03 19,32.0,27.2,32.68,28.42,34.0,1004,1.0,290,0.0,40,0,2
2019-04-03 20,28.38,36.7,31.69,25.7,32.22,1004,1.0,340,0.0,0,0,2
2019-04-03 21,26.65,43.67,29.66,25.53,29.0,1009,1.0,340,0.0,0,0,5
2019-04-03 22,26.45,44.45,26.72,22.89,27.0,1010,2.83,40,0.0,20,0,6
2019-04-03 23,27.0,43.98,26.52,22.33,27.0,1010,2.83,40,0.0,20,0,5
2019-04-04 00,24.23,54.15,26.55,22.89,27.0,1010,2.89,41,0.0,20,0,5
2019-04-04 01,23.43,56.95,26.29,21.2,27.0,1010,2.94,40,0.0,20,2,5
2019-04-04 02,22.75,60.05,23.63,20.6,24.0,1010,2.97,31,0.0,20,2,5
2019-04-04 03,23.45,56.75,23.49,19.03,24.0,1010,2.43,48,0.0,20,2,5
2019-04-04 04,22.08,62.85,22.51,19.0,23.0,1010,2.65,55,0.0,90,2,5
2019-04-04 05,21.25,66.53,22.48,20.06,22.0,1010,2.43,58,0.0,94,2,5
2019-04-04 06,20.8,68.58,23.3,20.2,23.0,1011,2.11,66,0.0,20,2,5
2019-04-04 07,21.8,66.22,26.12,21.0,27.0,1011,1.56,85,0.0,20,2,5
2019-04-04 08,27.6,49.7,29.35,22.4,30.56,1008,1.5,180,0.0,40,0,5
2019-04-04 09,30.67,37.7,30.32,22.4,32.0,1008,1.5,60,0.0,20,0,5
2019-04-04 10,33.02,31.5,33.64,31.15,33.0,1008,2.1,90,0.0,20,0,5
2019-04-04 11,34.95,27.3,35.51,32.8,36.0,1011,3.1,110,0.0,20,0,4
2019-04-04 12,35.95,24.3,37.1,32.22,37.0,1007,1.5,90,0.0,1,0,3
2019-04-04 13,36.88,23.65,36.83,36.43,38.0,1009,4.1,240,0.0,20,0,3
2019-04-04 14,37.77,21.75,37.47,36.76,38.17,1008,2.6,290,0.0,1,0,3
2019-04-04 15,39.07,18.28,38.72,35.2,39.0,1008,1.5,260,0.0,1,0,3
2019-04-04 16,38.4,18.6,36.67,33.0,39.0,1004,3.1,260,0.0,1,0,2
2019-04-04 17,37.52,19.98,35.54,33.89,37.0,1004,3.1,280,0.0,1,0,2
2019-04-04 18,35.93,24.18,35.74,33.0,36.67,1004,1.0,300,0.0,1,0,2
2019-04-04 19,33.23,28.9,33.68,29.92,35.0,1003,1.0,300,0.0,1,0,2
2019-04-04 20,30.73,36.12,34.34,27.78,33.89,1003,1.0,320,0.0,0,0,3
2019-04-04 21,29.85,38.98,31.91,26.87,31.0,1008,1.0,320,0.0,0,0,5
2019-04-04 22,28.45,42.33,30.3,24.34,29.0,1008,2.52,20,0.0,0,2,5
2019-04-04 23,25.8,51.35,28.59,24.33,27.0,1008,2.81,25,0.0,0,2,5
2019-04-05 00,24.62,57.85,29.08,24.4,27.0,1008,2.95,26,0.0,0,2,5
2019-04-05 01,23.65,62.3,27.19,21.8,25.65,1008,2.5,17,0.0,0,2,5
2019-04-05 02,23.38,63.58,27.4,21.8,25.0,1008,1.57,350,0.0,4,2,5
2019-04-05 03,23.17,64.97,26.96,21.8,25.0,1007,1.27,12,0.0,0,2,5
2019-04-05 04,23.25,62.47,26.59,20.59,25.0,1008,0.63,347,0.0,1,2,5
2019-04-05 05,22.27,67.58,25.87,21.0,25.0,1008,1.1,352,0.0,1,2,5
2019-04-05 06,22.0,70.0,25.39,21.0,24.0,1009,1.18,4,0.0,1,2,5
2019-04-05 07,22.75,68.93,27.84,22.0,27.8,1009,1.02,33,0.0,20,0,6
2019-04-05 08,28.4,52.22,30.85,25.0,29.0,1010,0.71,99,0.0,1,2,6
2019-04-05 09,32.18,38.6,31.42,25.0,33.33,1006,1.5,130,0.0,1,0,6
2019-04-05 10,34.08,31.5,35.04,32.32,34.0,1006,1.0,110,0.0,1,0,5
2019-04-05 11,35.6,27.35,38.61,34.58,36.0,1010,1.0,100,0.0,1,0,4
2019-04-05 12,36.7,25.0,38.55,33.33,37.0,1006,1.0,100,0.0,1,0,3
2019-04-05 13,38.27,20.02,39.41,36.07,39.0,1008,3.1,270,0.0,15,0,3
2019-04-05 14,39.1,19.27,40.23,36.95,40.0,1007,3.1,270,0.0,20,0,3
2019-04-05 15,39.58,20.15,40.26,36.34,40.0,1006,3.1,270,0.0,83,0,3
2019-04-05 16,38.7,22.45,37.79,34.44,39.0,1001,2.6,320,0.0,40,0,4
2019-04-05 17,38.4,20.52,37.05,34.44,38.0,1001,2.6,320,0.0,40,0,3
2019-04-05 18,36.75,23.2,35.81,34.05,37.2,1001,2.6,320,0.0,40,0,2
2019-04-05 19,33.12,31.8,32.9,29.2,34.44,1002,2.77,305,0.0,20,0,2
2019-04-05 20,29.42,44.3,31.31,28.54,34.44,1003,3.37,338,0.0,20,0,2
2019-04-05 21,28.0,51.92,31.89,28.76,33.33,1004,1.9,324,0.0,20,0,4
2019-04-05 22,28.68,49.73,26.44,28.07,30.4,1010,7.2,230,0.0,75,0,5
2019-04-05 23,29.4,46.9,26.25,27.91,30.4,1010,7.2,230,0.0,75,0,5
2019-04-06 00,30.85,33.03,25.15,26.59,30.4,1009,7.2,230,0.0,75,0,3
2019-04-06 01,29.73,34.83,26.82,25.53,29.0,1009,2.02,359,0.0,40,0,2
2019-04-06 02,27.4,42.27,26.29,24.88,28.0,1007,1.96,5,0.0,40,0,2
2019-04-06 03,25.95,50.17,27.09,24.32,28.0,1007,0.45,49,0.0,40,0,3
2019-04-06 04,26.15,49.8,28.27,23.17,27.0,1008,2.1,50,0.0,20,0,5
2019-04-06 05,25.47,48.77,27.78,23.4,26.0,1008,2.1,50,0.0,20,0,5
2019-04-06 06,25.9,47.9,27.94,23.4,26.0,1008,2.1,50,0.0,20,0,4
2019-04-06 07,26.5,53.15,27.76,25.8,27.4,1009,1.5,140,0.0,20,0,5
2019-04-06 08,28.57,52.25,29.88,25.59,30.0,1010,1.5,140,0.0,20,0,5
2019-04-06 09,30.62,48.07,30.94,25.8,34.0,1006,3.1,110,0.0,20,0,5
2019-04-06 10,32.78,44.38,36.49,29.88,34.0,1005,1.0,70,0.0,20,0,5
2019-04-06 11,34.75,36.62,37.35,31.8,36.0,1005,1.5,350,0.0,20,0,5
2019-04-06 12,36.85,27.38,36.73,31.8,38.0,1004,2.1,320,0.0,20,0,4
2019-04-06 13,37.92,23.35,37.24,36.14,38.0,1008,2.6,200,0.0,20,0,3
2019-04-06 14,38.62,22.32,39.56,36.55,39.0,1007,3.1,250,0.0,1,0,3
2019-04-06 15,38.77,21.02,36.79,34.0,39.0,1005,3.1,250,0.0,1,0,3
2019-04-06 16,39.17,18.27,35.27,34.2,38.89,1001,3.1,300,0.0,1,0,2
2019-04-06 17,38.25,19.8,35.92,34.2,38.0,1001,2.1,260,0.0,1,0,2
2019-04-06 18,36.52,22.1,35.74,33.88,36.0,1001,2.1,20,0.0,1,0,2
2019-04-06 19,34.23,26.08,34.39,31.52,36.0,1001,2.1,20,0.0,1,0,2
2019-04-06 20,31.8,34.23,35.39,30.37,34.44,1000,1.5,20,0.0,20,0,3
2019-04-06 21,31.85,38.48,34.99,29.66,34.44,1000,1.5,20,0.0,20,0,4
2019-04-06 22,29.95,47.2,32.6,27.74,31.0,1005,2.12,56,0.0,40,0,5
2019-04-06 23,28.77,58.62,32.11,26.83,31.0,1005,2.33,83,0.0,40,0,5
2019-04-07 00,29.15,57.22,32.8,27.12,30.0,1005,0.51,175,0.0,40,0,5
2019-04-07 01,29.52,57.53,32.99,25.91,30.0,1005,0.64,225,0.0,40,0,5
2019-04-07 02,28.1,62.9,32.34,25.81,29.0,1005,0.29,148,0.0,40,0,5
2019-04-07 03,28.5,61.62,29.71,23.59,28.0,1005,1.95,91,0.0,40,0,5
2019-04-07 04,27.82,62.75,28.54,24.67,28.0,1005,3.21,101,0.0,40,0,5
2019-04-07 05,27.57,63.95,28.6,25.37,28.0,1005,3.45,108,0.0,40,0,6
2019-04-07 06,27.45,64.42,30.16,25.19,27.2,1006,1.54,60,0.0,20,7,5
2019-04-07 07,27.4,66.25,30.39,26.0,27.0,1007,1.5,60,0.0,20,7,5
2019-04-07 08,29.35,57.92,30.87,24.0,30.0,1007,1.5,70,0.0,90,7,5
2019-04-07 09,30.28,52.65,30.55,24.0,32.0,1008,3.6,140,0.0,1,0,5
2019-04-07 10,30.45,54.5,33.12,28.4,32.0,1008,2.6,130,0.0,1,7,5
2019-04-07 11,31.23,55.58,35.7,31.44,34.44,1004,4.1,70,0.0,1,7,5
2019-04-07 12,32.23,54.62,36.78,31.8,34.44,1004,3.1,90,0.0,1,7,4
2019-04-07 13,33.02,51.05,37.0,33.51,34.44,1003,4.1,100,0.0,1,7,3
2019-04-07 14,33.9,46.4,37.45,33.8,35.0,1002,2.1,90,0.0,20,0,3
2019-04-07 15,34.58,43.92,35.09,32.64,35.0,1001,4.1,70,0.0,40,0,2
2019-04-07 16,34.4,42.4,37.14,32.42,35.0,1001,3.1,100,0.0,40,0,2
2019-04-07 17,34.15,42.6,36.4,32.58,35.56,1001,3.1,90,0.0,40,0,2
2019-04-07 18,32.33,48.67,35.45,31.62,33.0,1004,2.6,130,0.0,40,0,2
2019-04-07 19,30.95,53.77,33.53,29.17,32.0,1005,2.6,130,0.0,40,0,2
2019-04-07 20,30.08,56.5,21.1,23.0,32.78,1003,9.8,270,0.0,90,9,2
2019-04-07 21,27.02,56.75,20.7,23.0,31.67,1004,9.8,270,0.0,90,9,5
2019-04-07 22,23.52,72.2,26.3,24.0,26.23,1008,2.6,160,0.0,75,0,5
2019-04-07 23,25.18,54.98,26.82,24.0,26.0,1008,2.6,160,0.0,75,0,4
2019-04-08 00,25.75,48.9,26.27,24.0,26.13,1007,2.6,160,0.0,75,0,1
2019-04-08 01,25.3,52.6,27.29,22.4,25.28,1006,2.1,110,0.0,40,2,2
2019-04-08 02,24.02,58.8,26.15,22.4,24.4,1007,2.1,110,0.0,40,2,3
2019-04-08 03,24.33,56.83,25.02,22.4,23.25,1007,2.1,110,0.0,40,2,3
2019-04-08 04,23.93,58.25,24.71,21.8,23.32,1007,1.0,270,0.0,20,2,3
2019-04-08 05,22.35,66.55,25.1,21.8,24.96,1008,1.0,270,0.0,20,2,2
2019-04-08 06,22.4,70.0,24.91,22.0,24.92,1008,1.5,70,0.0,20,2,2
2019-04-08 07,23.23,67.68,25.6,22.0,25.6,1009,2.1,50,0.0,40,2,2
2019-04-08 08,25.2,56.8,28.02,23.6,26.0,1009,1.0,110,0.0,20,0,4
2019-04-08 09,27.73,49.45,29.17,23.6,29.0,1010,1.0,130,0.0,20,0,5
2019-04-08 10,29.75,45.08,31.39,28.14,31.0,1010,2.1,330,0.0,1,0,5
2019-04-08 11,31.75,40.05,32.96,30.4,32.0,1009,3.1,230,0.0,40,9,4
2019-04-08 12,33.45,35.0,33.99,30.12,33.89,1005,2.1,170,0.0,40,9,4
2019-04-08 13,34.77,28.55,35.06,31.92,35.0,1004,2.6,40,0.0,20,9,3
2019-04-08 14,36.45,22.83,36.11,32.16,36.0,1003,1.5,230,0.0,20,9,2
2019-04-08 15,35.55,28.93,33.86,30.2,36.0,1002,4.6,20,0.0,20,9,2
2019-04-08 16,33.65,36.67,34.96,31.2,36.0,1005,3.1,20,0.0,1,9,3
2019-04-08 17,30.58,47.05,32.04,30.0,32.8,1005,4.6,20,0.0,1,9,3
2019-04-08 18,29.78,45.62,32.08,28.2,31.93,1006,2.6,60,0.0,1,9,2
2019-04-08 19,28.57,45.23,31.45,29.0,31.0,1006,2.6,60,0.0,1,9,2
2019-04-08 20,28.0,45.48,30.37,27.6,29.1,1006,1.5,360,0.0,1,0,2
2019-04-08 21,27.38,47.47,29.46,27.0,28.45,1007,1.5,360,0.0,1,0,2
2019-04-08 22,26.78,49.58,27.6,25.0,27.0,1007,2.21,58,0.0,6,0,2
2019-04-08 23,26.42,51.52,26.76,24.57,26.0,1007,2.09,66,0.0,4,0,3
2019-04-09 00,25.68,53.05,26.1,24.07,25.27,1007,1.9,70,0.0,3,0,3
2019-04-09 01,25.53,53.5,25.43,22.32,25.0,1007,2.11,76,0.0,0,0,4
2019-04-09 02,25.05,54.08,24.59,22.22,24.4,1007,2.26,78,0.0,2,0,5
2019-04-09 03,24.2,59.3,25.12,21.4,26.0,1007,1.88,83,0.0,2,0,4
2019-04-09 04,22.62,67.08,24.82,20.98,24.0,1007,1.92,96,0.0,0,2,5
2019-04-09 05,23.55,59.93,24.22,21.72,23.0,1007,2.03,118,0.0,5,2,5
2019-04-09 06,22.4,63.8,24.94,22.0,24.0,1008,1.54,140,0.0,20,0,5
2019-04-09 07,22.88,62.58,26.32,23.0,25.4,1008,1.5,140,0.0,20,0,5
2019-04-09 08,26.73,46.45,26.69,24.0,27.0,1008,2.1,90,0.0,1,0,4
2019-04-09 09,28.88,38.17,29.21,24.0,32.78,1005,1.5,130,0.0,1,0,3
2019-04-09 10,30.95,35.92,32.66,30.0,32.0,1009,1.5,50,0.0,1,0,2
2019-04-09 11,32.9,36.0,35.0,32.95,34.0,1005,2.1,80,0.0,1,0,2
2019-04-09 12,34.5,32.9,35.03,33.12,35.0,1004,3.1,80,0.0,1,0,3
2019-04-09 13,35.77,26.25,35.9,34.44,36.0,1003,2.6,80,0.0,1,0,3
2019-04-09 14,36.33,25.18,36.58,33.8,37.78,1003,3.1,340,0.0,1,0,2
2019-04-09 15,36.4,24.75,37.58,33.8,38.0,1002,2.1,20,0.0,1,0,2
2019-04-09 16,36.12,25.93,37.6,33.4,37.78,1002,1.5,340,0.0,1,0,2
2019-04-09 17,35.33,28.25,35.98,33.4,35.5,1002,2.1,340,0.0,1,0,2
2019-04-09 18,33.92,31.23,36.36,33.0,35.2,1004,1.5,20,0.0,1,0,2
2019-04-09 19,32.02,36.98,34.69,31.23,33.0,1009,1.5,20,0.0,1,0,2
2019-04-09 20,29.55,43.85,31.91,28.79,30.0,1006,2.6,24,0.0,57,0,3
2019-04-09 21,29.4,45.02,31.8,28.65,30.0,1006,2.66,18,0.0,37,0,5
2019-04-09 22,26.88,54.0,30.82,24.6,29.0,1007,2.22,16,0.0,28,2,5
2019-04-09 23,25.67,57.62,29.86,24.6,28.0,1007,2.05,9,0.0,10,2,5
2019-04-10 00,24.2,63.47,29.02,24.32,27.0,1007,1.97,5,0.0,1,2,5
2019-04-10 01,24.15,63.38,27.93,23.2,26.0,1007,2.1,2,0.0,0,2,5
2019-04-10 02,24.1,63.92,27.54,23.1,26.0,1007,2.12,7,0.0,0,2,5
2019-04-10 03,23.57,65.68,26.63,22.18,25.0,1007,1.95,13,0.0,5,2,6
2019-04-10 04,22.7,69.7,25.59,22.2,24.0,1007,2.1,50,0.0,20,2,6
2019-04-10 05,22.32,73.33,25.7,24.57,25.84,1008,2.6,280,0.0,1,0,6
2019-04-10 06,25.15,58.85,26.28,22.2,26.0,1009,1.54,260,0.0,40,0,6
2019-04-10 07,26.02,54.2,28.14,25.0,27.0,1010,1.5,260,0.0,40,0,6
2019-04-10 08,28.07,50.0,29.46,26.0,28.0,1010,1.5,290,0.0,1,0,5
2019-04-10 09,30.2,44.62,32.68,26.0,33.33,1007,1.0,20,0.0,1,0,4
2019-04-10 10,33.15,37.03,35.35,31.24,34.44,1007,0.94,247,0.0,1,0,4
2019-04-10 11,35.3,29.35,34.13,34.04,36.0,1006,4.6,250,0.0,1,0,3
2019-04-10 12,37.05,25.18,36.22,34.43,37.0,1006,3.1,260,0.0,1,0,3
2019-04-10 13,38.67,19.53,37.58,36.38,38.0,1009,3.1,260,0.0,1,0,2
2019-04-10 14,39.45,18.6,37.12,36.76,38.0,1008,3.6,270,0.0,1,0,2
2019-04-10 15,39.7,18.3,36.99,35.56,39.0,1003,2.1,240,0.0,1,0,1
2019-04-10 16,39.33,18.62,38.06,35.56,38.0,1003,2.1,260,0.0,1,0,1
2019-04-10 17,38.65,19.23,37.53,34.6,38.0,1003,1.0,320,0.0,1,0,1
2019-04-10 18,36.88,23.83,37.32,34.48,37.2,1004,1.0,250,0.0,1,0,2
2019-04-10 19,33.6,30.7,35.62,31.32,36.0,1003,1.0,250,0.0,1,0,2
2019-04-10 20,33.42,30.23,35.08,30.12,33.0,1008,1.0,290,0.0,86,0,3
2019-04-10 21,32.3,32.6,34.96,29.63,33.0,1008,1.0,290,0.0,95,0,4
2019-04-10 22,32.27,32.48,30.97,26.65,35.0,1004,3.1,340,0.0,99,0,4
2019-04-10 23,31.68,34.85,29.36,26.97,31.0,1009,3.1,340,0.0,93,0,3
2019-04-11 00,30.15,39.62,29.2,26.39,31.0,1009,3.1,340,0.0,84,0,4
2019-04-11 01,29.3,41.8,28.31,24.68,29.0,1009,2.89,357,0.0,84,0,5
2019-04-11 02,28.35,44.7,28.18,24.1,29.0,1008,2.7,329,0.0,69,0,4
2019-04-11 03,26.68,50.62,27.1,22.96,27.0,1009,1.6,298,0.0,81,0,5
2019-04-11 04,24.73,58.62,27.6,23.24,26.0,1009,1.0,270,0.0,67,0,3
2019-04-11 05,24.1,60.67,27.3,24.39,25.0,1009,1.0,270,0.0,20,0,4
2019-04-11 06,24.3,61.3,27.2,24.32,25.16,1009,1.03,250,0.0,0,0,5
2019-04-11 07,25.15,60.88,29.31,25.0,27.93,1009,1.0,250,0.0,1,0,5
2019-04-11 08,29.57,47.05,30.84,26.4,30.0,1010,1.0,270,0.0,1,0,4
2019-04-11 09,32.32,39.95,32.34,26.4,32.0,1010,1.0,260,0.0,1,0,4
2019-04-11 10,35.05,30.42,34.6,33.0,35.0,1006,2.1,30,0.0,1,0,4
2019-04-11 11,36.88,22.93,36.2,35.35,37.08,1010,2.6,50,0.0,20,0,4
2019-04-11 12,37.73,21.38,36.01,35.56,37.27,1005,3.1,290,0.0,1,0,3
2019-04-11 13,38.65,20.62,37.48,37.58,39.06,1008,2.6,310,0.0,1,0,2
2019-04-11 14,38.65,21.15,36.56,36.11,39.31,1003,4.1,230,0.0,1,0,2
2019-04-11 15,38.47,22.52,37.47,35.6,39.0,1003,2.1,240,0.0,20,9,2
2019-04-11 16,38.83,20.2,38.24,36.11,38.0,1003,2.1,260,0.0,1,0,2
2019-04-11 17,38.4,19.9,37.33,35.96,38.0,1002,2.1,320,0.0,20,0,2
2019-04-11 18,37.25,19.2,34.85,34.4,37.4,1002,4.1,310,0.0,20,0,2
2019-04-11 19,35.12,23.75,32.98,31.22,36.67,1002,4.1,310,0.0,20,0,2
2019-04-11 20,33.45,25.92,35.56,28.95,35.0,1002,1.0,270,0.0,20,0,3
2019-04-11 21,32.83,26.48,34.93,28.7,34.44,1003,1.0,270,0.0,20,0,3
2019-04-11 22,32.17,27.23,33.34,26.61,34.44,1003,2.76,358,0.0,20,0,2
2019-04-11 23,31.7,26.88,32.57,26.25,35.56,1002,3.08,357,0.0,20,0,3
2019-04-12 00,30.43,30.33,30.31,25.95,31.0,1007,2.9,353,0.0,20,0,3
2019-04-12 01,28.9,34.42,28.79,25.27,30.0,1007,2.34,350,0.0,40,0,5
2019-04-12 02,28.0,37.17,28.18,25.31,29.0,1007,2.12,351,0.0,40,0,4
2019-04-12 03,26.58,42.08,27.15,24.16,28.0,1007,2.22,325,0.0,40,0,4
2019-04-12 04,26.45,43.23,24.64,24.08,27.0,1009,5.1,290,0.0,40,0,5
2019-04-12 05,28.02,39.65,24.23,24.76,27.0,1009,5.1,290,0.0,40,0,3
2019-04-12 06,26.55,49.05,26.13,24.99,27.0,1009,3.09,20,0.0,75,0,2
2019-04-12 07,25.9,52.45,26.49,24.4,27.0,1010,3.1,20,0.0,75,0,2
2019-04-12 08,26.2,51.4,27.07,24.4,26.4,1010,3.1,200,1.5,90,5,2
2019-04-12 09,25.58,62.38,27.44,24.4,28.0,1011,4.1,330,0.0,40,0,3
2019-04-12 10,28.68,49.4,30.32,26.0,31.8,1011,4.1,50,0.0,40,0,3
2019-04-12 11,30.85,43.93,31.53,30.0,33.39,1011,4.1,50,0.0,40,0,3
2019-04-12 12,33.05,37.48,33.63,33.0,34.44,1007,4.1,50,0.0,40,0,3
2019-04-12 13,34.88,31.45,36.17,34.0,36.63,1005,2.6,60,0.0,40,0,2
2019-04-12 14,35.8,28.32,38.04,35.56,37.27,1004,1.5,180,0.0,1,0,2
2019-04-12 15,36.98,25.95,36.64,34.8,37.05,1004,2.6,10,0.0,1,0,1
2019-04-12 16,36.73,26.1,39.35,35.1,37.0,1003,1.0,80,0.0,1,0,2
2019-04-12 17,36.32,26.88,37.44,34.83,36.17,1003,1.52,338,0.0,1,0,2
2019-04-12 18,35.55,28.35,36.32,33.6,36.11,1004,1.5,300,0.0,1,0,2
2019-04-12 19,33.62,33.02,35.87,32.1,36.11,1003,1.5,300,0.0,1,0,2
2019-04-12 20,32.05,37.48,33.88,29.06,35.56,1003,1.5,340,0.0,92,0,3
2019-04-12 21,31.6,39.45,32.24,29.02,32.2,1008,1.5,340,0.0,76,0,4
2019-04-12 22,29.95,44.08,32.5,26.6,31.0,1008,1.0,320,0.0,31,0,5
2019-04-12 23,29.93,40.78,31.63,26.6,30.0,1008,1.0,320,0.0,0,0,5
2019-04-13 00,29.75,36.38,30.92,26.6,29.0,1008,1.0,320,0.0,0,0,5
2019-04-13 01,29.18,37.08,29.79,24.8,28.0,1008,1.0,20,0.0,0,0,4
2019-04-13 02,28.9,37.1,29.6,24.8,28.0,1008,1.0,20,0.0,0,0,3
2019-04-13 03,28.08,40.03,29.48,24.38,28.0,1008,1.0,20,0.0,26,0,4
2019-04-13 04,27.2,42.43,27.3,23.4,27.0,1008,2.05,360,0.0,58,0,5
2019-04-13 05,27.02,42.0,25.77,23.4,25.2,1008,2.48,359,0.0,14,0,5
2019-04-13 06,26.32,43.62,26.9,23.0,25.84,1008,1.03,230,0.0,15,0,4
2019-04-13 07,25.9,46.9,28.71,23.0,27.8,1009,1.0,230,0.0,1,0,5
2019-04-13 08,30.1,36.4,29.13,26.6,29.0,1010,2.1,290,0.0,1,0,3
2019-04-13 09,32.6,31.22,27.97,26.6,31.0,1011,4.6,270,0.0,1,0,3
2019-04-13 10,34.62,28.23,31.57,32.0,34.44,1008,6.2,270,0.0,1,0,2
2019-04-13 11,35.65,26.18,31.54,34.0,35.56,1008,7.2,270,0.0,1,0,2
2019-04-13 12,36.0,26.05,33.09,34.79,35.72,1007,6.2,330,0.0,1,0,2
2019-04-13 13,36.6,25.65,33.84,34.8,37.37,1010,6.2,330,0.0,1,0,1
2019-04-13 14,37.25,23.5,36.77,36.0,37.57,1005,3.1,320,0.0,1,0,1
2019-04-13 15,37.6,24.0,36.41,34.8,38.0,1005,3.6,320,0.0,1,0,2
2019-04-13 16,36.95,25.38,36.59,34.94,38.0,1004,4.1,350,0.0,1,0,2
2019-04-13 17,36.33,26.1,35.5,34.71,36.11,1003,4.1,20,0.0,1,0,1
2019-04-13 18,34.62,29.8,36.13,33.0,36.11,1004,2.6,10,0.0,1,0,1
2019-04-13 19,32.95,33.25,34.88,32.41,34.11,1008,2.6,10,0.0,1,0,2
2019-04-13 20,31.9,35.53,31.63,29.94,32.0,1008,2.6,340,0.0,20,0,3
2019-04-13 21,30.97,35.95,31.1,29.65,32.0,1009,2.6,340,0.0,20,0,5
2019-04-13 22,30.2,34.58,29.6,27.59,31.0,1009,2.6,320,0.0,20,0,4
2019-04-13 23,29.67,34.32,28.99,27.6,30.0,1009,2.6,320,0.0,20,0,3
2019-04-14 00,29.02,34.7,28.92,27.43,30.0,1009,2.6,320,0.0,20,0,2
2019-04-14 01,28.45,35.88,28.04,26.15,29.0,1009,2.1,320,0.0,20,0,2
2019-04-14 02,27.62,39.48,27.27,25.79,28.0,1008,2.1,320,0.0,20,0,2
2019-04-14 03,26.82,42.78,26.18,24.45,27.6,1008,2.1,320,0.0,20,0,2
2019-04-14 04,26.0,47.08,26.38,23.4,26.0,1008,2.1,270,0.0,0,0,2
2019-04-14 05,25.62,49.9,25.31,25.43,26.39,1009,2.6,280,0.0,20,0,2
2019-04-14 06,25.32,50.97,26.12,25.0,26.13,1010,2.06,250,0.0,0,0,2
2019-04-14 07,25.98,48.8,26.95,24.8,27.37,1010,2.1,250,0.0,1,0,2
2019-04-14 08,28.68,42.0,26.93,24.8,27.67,1011,3.1,250,0.0,1,0,2
2019-04-14 09,29.68,40.48,28.71,24.8,29.0,1011,3.1,270,0.0,1,0,2
2019-04-14 10,32.27,34.67,31.36,30.0,33.89,1008,3.6,260,0.0,1,0,2
2019-04-14 11,34.55,29.55,34.22,32.6,35.81,1011,2.6,140,0.0,1,0,2
2019-04-14 12,36.08,26.57,36.21,35.0,36.35,1010,2.6,340,0.0,1,0,2
2019-04-14 13,37.52,24.32,37.71,36.0,38.51,1009,2.1,20,0.0,1,0,2
2019-04-14 14,38.98,21.27,38.5,36.0,39.03,1009,3.6,290,0.0,1,0,2
2019-04-14 15,39.28,19.9,38.35,36.0,39.0,1004,3.1,320,0.0,1,0,2
2019-04-14 16,39.47,19.12,36.9,35.4,39.0,1004,4.1,270,0.0,1,0,2
2019-04-14 17,38.7,19.05,36.51,35.0,38.0,1003,2.6,270,0.0,1,0,2
2019-04-14 18,37.42,20.67,35.07,35.4,37.51,1007,3.1,300,0.0,1,0,2
2019-04-14 19,35.23,23.65,33.45,33.58,36.0,1004,3.1,300,0.0,1,0,2
2019-04-14 20,33.72,26.1,35.72,31.6,35.56,1003,1.5,270,0.0,33,0,2
2019-04-14 21,32.92,27.82,35.62,31.6,35.56,1004,1.5,270,0.0,9,0,2
2019-04-14 22,32.4,29.08,30.74,29.43,33.0,1008,4.1,340,0.0,5,0,2
2019-04-14 23,31.6,31.75,30.59,28.52,34.44,1003,4.1,340,0.0,6,0,2
2019-04-15 00,30.25,35.45,29.14,28.69,31.2,1008,4.1,340,0.0,0,0,4
2019-04-15 01,29.8,37.0,30.23,27.22,30.0,1007,1.5,320,0.0,0,0,4
2019-04-15 02,29.35,37.8,30.21,27.24,30.0,1007,1.5,320,0.0,0,0,3
2019-04-15 03,28.77,39.0,29.63,25.61,30.0,1007,1.5,320,0.0,22,0,2
2019-04-15 04,28.12,40.52,28.72,25.54,29.0,1007,1.5,270,0.0,26,0,3
2019-04-15 05,27.7,41.05,28.56,26.94,28.4,1007,1.5,270,0.0,34,0,2
2019-04-15 06,27.32,41.67,28.0,26.99,27.72,1008,1.54,290,0.0,36,0,2
2019-04-15 07,28.25,38.8,29.02,27.0,29.18,1009,1.5,290,0.0,1,0,2
2019-04-15 08,30.75,34.05,30.56,27.6,30.0,1009,1.5,270,0.0,20,0,2
2019-04-15 09,33.52,29.3,31.21,27.6,34.44,1006,3.1,280,0.0,20,0,2
2019-04-15 10,35.5,26.77,35.4,33.65,35.6,1006,2.1,320,0.0,20,0,2
2019-04-15 11,37.98,21.82,35.73,35.6,37.0,1009,4.1,290,0.0,20,0,2
2019-04-15 12,39.55,17.95,36.32,35.0,38.0,1005,3.1,320,0.0,40,0,2
2019-04-15 13,40.33,16.38,38.22,37.4,39.36,1007,2.6,290,0.0,40,0,1
2019-04-15 14,41.03,15.85,37.45,37.4,40.0,1006,4.1,270,0.0,20,0,1
2019-04-15 15,41.35,15.88,38.28,37.4,40.0,1005,4.1,280,0.0,20,0,1
2019-04-15 16,40.93,16.1,37.53,36.6,40.0,1004,5.1,250,0.0,40,0,1
2019-04-15 17,39.85,16.6,37.73,36.11,39.0,1000,2.6,270,0.0,40,0,1
2019-04-15 18,38.05,19.17,36.93,36.6,37.67,1000,2.6,270,0.0,40,0,1
2019-04-15 19,36.23,22.0,35.22,32.9,37.0,1001,2.6,270,0.0,40,0,1
2019-04-15 20,34.2,26.3,35.26,29.53,36.67,1000,2.41,267,0.0,20,0,2
2019-04-15 21,31.73,32.55,33.78,29.4,33.0,1005,2.3,284,0.0,20,0,2
2019-04-15 22,29.45,39.38,33.76,27.81,32.0,1006,1.9,273,0.0,40,0,3
2019-04-15 23,29.23,41.3,33.11,28.4,31.0,1006,2.16,257,0.0,40,0,3
2019-04-16 00,30.65,38.4,32.38,28.4,31.0,1006,3.18,270,0.0,40,0,4
2019-04-16 01,28.57,43.47,25.92,26.0,28.66,1009,5.1,270,0.0,75,0,5
2019-04-16 02,25.92,49.55,25.86,26.0,28.74,1010,5.1,270,0.0,75,0,5
2019-04-16 03,25.4,51.17,24.3,24.89,26.4,1010,5.1,270,0.0,75,0,2
2019-04-16 04,24.35,55.97,24.4,24.0,25.11,1011,3.1,270,0.0,75,0,1
2019-04-16 05,23.55,60.25,23.69,23.0,24.74,1011,3.1,270,0.0,75,0,1
2019-04-16 06,22.9,67.03,23.92,21.0,24.69,1011,3.6,320,0.5,75,4,1
2019-04-16 07,22.25,75.0,24.26,22.0,24.37,1011,3.6,320,0.5,75,4,1
2019-04-16 08,22.75,71.9,24.39,22.2,23.4,1011,3.1,320,0.14,100,4,2
2019-04-16 09,23.48,67.73,24.99,22.2,25.0,1012,3.1,30,0.0,75,0,2
2019-04-16 10,24.85,61.03,26.69,24.97,27.0,1012,4.1,60,0.0,75,0,2
2019-04-16 11,26.8,53.3,28.49,25.0,29.0,1013,2.6,90,0.0,75,0,2
2019-04-16 12,28.38,47.05,28.31,25.0,29.0,1012,3.1,100,0.0,75,0,1
2019-04-16 13,28.9,44.33,31.35,28.32,30.44,1012,2.1,90,0.0,75,0,1
2019-04-16 14,29.1,43.33,32.26,28.45,31.0,1011,1.0,140,0.0,75,0,1
2019-04-16 15,30.0,40.98,30.65,28.8,30.09,1009,2.6,90,0.0,75,0,1
2019-04-16 16,30.12,40.3,31.14,29.0,30.8,1008,2.1,220,0.0,75,0,1
2019-04-16 17,29.62,39.9,29.36,26.0,30.8,1008,2.1,140,0.0,75,0,2
2019-04-16 18,28.57,44.35,26.24,23.0,31.67,1005,4.1,250,0.0,90,0,1
2019-04-16 19,26.0,52.58,25.12,25.0,27.47,1009,4.1,250,0.0,90,0,1
2019-04-16 20,26.6,50.6,22.09,21.67,25.1,1011,4.1,200,0.5,90,4,1
2019-04-16 21,22.88,69.3,21.3,21.0,24.74,1011,4.1,200,0.47,90,4,1
2019-04-16 22,21.95,69.4,19.58,20.76,23.0,1010,6.2,160,0.0,90,0,1
2019-04-16 23,24.45,48.12,21.74,21.52,26.0,1010,6.2,160,0.0,90,0,1
2019-04-17 00,27.02,36.08,19.66,21.21,23.0,1010,6.2,160,0.0,90,0,1
2019-04-17 01,23.95,51.73,20.38,21.17,22.6,1010,4.1,200,0.0,90,0,1
2019-04-17 02,23.93,51.73,20.35,20.78,22.6,1010,4.1,200,0.0,90,0,1
2019-04-17 03,22.27,63.17,20.12,20.35,22.6,1009,4.1,200,0.0,90,0,1
2019-04-17 04,21.52,67.93,22.65,20.26,21.0,1010,1.0,70,0.0,75,2,1
2019-04-17 05,21.73,67.15,22.73,20.34,21.0,1011,1.0,70,0.0,75,2,1
2019-04-17 06,21.55,69.45,21.86,20.8,21.04,1011,2.06,120,0.0,75,2,1
2019-04-17 07,21.58,70.25,21.68,19.8,21.44,1012,2.1,120,0.0,75,2,1
2019-04-17 08,22.77,65.3,20.97,19.8,24.0,1012,5.1,70,0.0,40,0,2
2019-04-17 09,24.48,59.45,23.25,19.8,25.0,1013,3.1,120,0.0,40,0,2
2019-04-17 10,25.15,57.22,25.14,23.25,27.0,1013,3.6,150,0.0,75,0,1
2019-04-17 11,25.85,54.58,24.69,23.19,26.0,1013,3.6,180,0.0,75,0,1
2019-04-17 12,26.05,53.53,24.64,22.68,26.0,1012,4.1,150,0.0,75,0,1
2019-04-17 13,26.75,50.72,27.21,23.65,27.0,1011,2.6,150,0.0,40,0,1
2019-04-17 14,28.32,44.23,29.22,25.09,29.0,1010,1.0,180,0.0,40,0,1
2019-04-17 15,28.7,41.27,27.25,26.03,29.0,1010,4.1,90,0.0,40,0,1
2019-04-17 16,28.62,41.23,23.33,25.0,29.0,1010,7.7,190,0.0,90,9,1
2019-04-17 17,26.18,45.95,20.62,18.6,26.2,1010,4.1,230,1.81,90,8,1
2019-04-17 18,22.18,57.72,17.35,18.0,26.2,1011,7.7,250,0.0,90,2,1
2019-04-17 19,21.17,61.98,16.91,19.0,22.08,1012,7.7,250,0.0,90,2,1
2019-04-17 20,21.72,59.75,18.58,19.79,20.8,1013,4.6,140,0.0,75,0,1
2019-04-17 21,21.57,63.23,18.93,19.61,20.0,1013,3.6,130,0.0,75,0,1
2019-04-17 22,21.05,67.45,20.26,18.55,20.6,1014,2.1,50,0.0,75,2,1
2019-04-17 23,20.73,71.53,20.36,18.67,20.6,1014,2.1,50,0.0,75,2,1
2019-04-18 00,20.3,75.78,20.33,18.63,20.6,1014,2.1,50,0.0,75,2,1
2019-04-18 01,19.92,79.32,20.16,18.23,20.0,1013,2.1,70,0.0,40,2,2
2019-04-18 02,19.6,81.75,20.12,18.17,20.0,1013,2.1,70,0.0,40,2,2
2019-04-18 03,19.35,82.78,19.2,17.57,19.8,1012,2.1,70,0.0,40,2,1
2019-04-18 04,18.75,85.55,19.27,17.69,19.0,1012,2.1,50,0.0,20,2,1
2019-04-18 05,18.35,88.12,19.13,18.84,19.17,1012,2.6,50,0.0,40,2,2
2019-04-18 06,18.05,90.53,19.21,18.0,19.28,1013,1.54,10,0.0,2,2,2
2019-04-18 07,18.5,87.0,21.08,19.0,22.6,1013,1.5,10,0.0,1,2,2
2019-04-18 08,21.75,69.47,22.7,20.2,22.6,1014,1.0,90,0.0,1,0,2
2019-04-18 09,24.43,57.42,24.03,20.4,24.0,1014,1.0,200,0.0,1,0,3
2019-04-18 10,26.73,47.27,26.91,23.87,28.89,1011,2.1,140,0.0,1,0,2
2019-04-18 11,28.38,40.4,28.13,26.53,28.0,1014,1.5,50,0.0,20,0,2
2019-04-18 12,29.53,35.85,29.9,27.07,30.0,1009,2.1,140,0.0,20,0,1
2019-04-18 13,30.25,35.12,29.32,28.98,30.0,1008,2.6,320,0.0,40,0,1
2019-04-18 14,30.45,34.83,29.71,29.0,31.0,1008,3.1,250,0.0,40,0,1
2019-04-18 15,31.4,32.23,30.31,29.2,31.0,1007,2.6,250,0.0,40,0,1
2019-04-18 16,31.4,31.65,30.58,29.4,31.0,1007,2.6,190,0.0,40,0,1
2019-04-18 17,30.75,31.45,29.35,29.4,30.31,1006,3.1,230,0.0,20,0,1
2019-04-18 18,29.48,34.45,30.06,28.0,30.0,1006,1.5,310,0.0,1,0,1
2019-04-18 19,28.05,37.95,28.37,27.0,28.27,1011,1.5,310,0.0,1,0,2
2019-04-18 20,27.15,41.22,27.44,25.38,26.26,1011,1.0,270,0.0,20,0,2
2019-04-18 21,25.77,45.35,27.15,24.49,26.0,1012,1.0,270,0.0,20,0,4
2019-04-18 22,25.45,46.75,25.58,22.77,25.0,1011,1.5,270,0.0,16,0,4
2019-04-18 23,24.3,51.03,25.4,22.28,25.0,1011,1.5,270,0.0,10,0,5
2019-04-19 00,23.53,54.02,23.99,22.01,23.0,1011,1.5,270,0.0,4,0,5
2019-04-19 01,22.23,59.38,23.34,21.2,23.0,1010,2.1,290,0.0,4,2,5
2019-04-19 02,22.77,57.15,22.43,20.64,22.0,1010,2.1,290,0.0,2,2,5
2019-04-19 03,23.15,53.88,21.96,19.33,22.0,1010,2.1,290,0.0,3,2,5
2019-04-19 04,22.57,55.22,21.09,19.23,20.0,1010,1.0,270,0.0,0,2,4
2019-04-19 05,21.98,57.22,21.77,20.0,21.91,1010,1.0,270,0.0,3,2,4
2019-04-19 06,21.73,59.33,21.13,19.0,22.09,1010,1.03,270,0.0,1,0,4
2019-04-19 07,22.88,56.03,23.29,21.0,24.8,1010,1.0,270,0.0,0,0,3
2019-04-19 08,25.5,46.48,24.26,22.0,24.8,1011,2.1,50,0.0,1,0,3
2019-04-19 09,27.2,42.27,26.22,22.0,27.0,1011,1.5,270,0.0,1,0,4
2019-04-19 10,29.18,37.35,27.79,26.7,29.44,1008,2.1,260,0.0,1,0,4
2019-04-19 11,30.68,33.22,29.54,29.0,31.0,1008,3.1,270,0.0,40,0,2
2019-04-19 12,32.1,30.1,31.48,30.0,31.0,1008,1.5,190,0.0,40,0,3
2019-04-19 13,32.05,29.85,31.32,31.0,31.87,1006,2.6,240,0.0,40,0,3
2019-04-19 14,32.62,28.5,30.54,31.0,32.38,1006,4.1,250,0.0,75,0,2
2019-04-19 15,33.4,27.1,32.19,31.11,32.0,1005,2.1,260,0.0,75,0,1
2019-04-19 16,33.4,26.77,30.78,31.0,32.0,1005,3.6,230,0.0,40,0,1
2019-04-19 17,32.55,27.93,30.66,31.0,32.0,1004,4.1,230,0.0,40,0,2
2019-04-19 18,31.25,30.2,30.67,30.0,31.8,1004,2.6,250,0.0,40,0,2
2019-04-19 19,29.77,33.1,29.4,29.0,30.0,1008,2.6,250,0.0,40,0,2
2019-04-19 20,28.8,35.58,28.64,26.49,27.6,1009,1.5,250,0.0,10,0,2
2019-04-19 21,27.73,38.83,27.62,25.69,27.6,1009,1.5,250,0.0,3,0,2
2019-04-19 22,26.1,44.3,25.43,23.84,25.19,1009,2.1,250,0.0,0,0,3
2019-04-19 23,25.3,47.17,25.15,23.1,25.0,1009,2.1,250,0.0,0,0,3
2019-04-20 00,24.55,50.08,24.3,22.6,24.4,1009,2.1,250,0.0,0,0,4
2019-04-20 01,23.88,52.65,24.81,21.48,24.0,1008,1.0,270,0.0,0,0,5
2019-04-20 02,25.5,45.38,24.09,21.28,23.0,1008,1.0,270,0.0,0,0,5
2019-04-20 03,25.1,45.2,23.76,20.46,23.0,1007,1.0,270,0.0,0,0,5
2019-04-20 04,24.62,46.17,23.87,20.61,23.0,1007,1.0,230,0.0,0,2,5
2019-04-20 05,22.9,52.2,21.95,22.0,22.84,1008,2.1,260,0.0,1,0,5
2019-04-20 06,23.38,51.2,22.47,21.0,22.92,1008,1.54,250,0.0,20,0,5
2019-04-20 07,24.1,50.4,23.96,21.0,25.8,1008,1.5,250,0.0,20,0,5
2019-04-20 08,27.3,42.1,26.81,25.0,25.8,1009,1.0,290,0.0,20,0,5
2019-04-20 09,30.05,35.88,29.71,25.0,30.56,1006,1.0,230,0.0,20,0,5
2019-04-20 10,32.03,31.32,32.05,29.12,32.6,1006,1.5,310,0.0,20,0,4
2019-04-20 11,33.58,26.95,33.22,32.0,33.0,1009,2.1,230,0.0,20,0,2
2019-04-20 12,34.3,24.7,33.35,32.34,33.0,1008,2.1,290,0.0,40,0,1
2019-04-20 13,34.65,22.6,34.83,33.45,34.04,1008,1.5,240,0.0,40,0,1
2019-04-20 14,35.35,22.7,35.54,33.94,35.0,1007,1.5,140,0.0,40,0,1
2019-04-20 15,34.85,23.18,34.39,33.89,35.0,1006,2.1,20,0.0,40,0,1
2019-04-20 16,35.23,22.25,33.8,33.0,35.0,1005,2.6,340,0.0,40,0,2
2019-04-20 17,34.88,22.28,33.23,32.22,34.4,1001,1.5,230,0.0,40,0,2
2019-04-20 18,33.65,23.85,33.42,31.0,34.4,1001,1.91,14,0.0,29,0,2
2019-04-20 19,30.55,29.9,30.76,29.5,31.0,1005,1.82,50,0.0,23,0,2
2019-04-20 20,27.57,36.7,31.46,28.2,30.0,1005,1.97,76,0.0,20,0,2
2019-04-20 21,26.27,41.17,30.77,27.49,29.0,1006,1.58,101,0.0,13,0,2
2019-04-20 22,25.6,45.2,29.86,24.8,29.0,1006,1.14,144,0.0,12,0,2
2019-04-20 23,24.8,49.1,29.07,23.72,28.0,1006,0.8,199,0.0,13,0,3
2019-04-21 00,24.4,51.38,28.53,23.76,27.0,1006,0.75,269,0.0,8,0,3
2019-04-21 01,24.8,51.88,26.82,22.86,27.0,1005,1.39,299,0.0,2,0,4
2019-04-21 02,25.45,48.8,25.58,22.49,26.0,1005,1.9,312,0.0,3,0,5
2019-04-21 03,23.9,50.97,24.04,21.37,25.0,1005,2.01,318,0.0,0,0,5
2019-04-21 04,23.05,54.58,24.68,21.27,24.0,1005,1.0,200,0.0,2,0,5
2019-04-21 05,22.18,60.45,25.19,21.6,24.0,1005,1.0,200,0.0,0,0,5
2019-04-21 06,21.82,62.03,24.71,23.0,23.46,1006,1.03,250,0.0,2,0,5
2019-04-21 07,23.83,54.23,27.63,23.0,29.2,1006,1.0,250,0.0,1,0,5
2019-04-21 08,29.23,37.03,28.33,25.4,29.2,1007,2.1,250,0.0,1,0,5
2019-04-21 09,32.15,29.88,28.74,25.4,32.22,1004,3.6,250,0.0,1,0,5
2019-04-21 10,34.35,24.85,31.99,32.04,33.0,1004,3.1,240,0.0,1,0,4
2019-04-21 11,35.67,22.8,34.34,34.57,35.35,1007,3.1,270,0.0,1,0,2
2019-04-21 12,36.93,20.55,34.97,34.64,36.0,1007,3.1,270,0.0,1,0,1
2019-04-21 13,37.52,19.98,37.47,36.0,37.28,1006,1.5,190,0.0,1,0,1
2019-04-21 14,38.08,19.77,36.9,36.0,38.0,1005,3.1,250,0.0,40,0,1
2019-04-21 15,38.12,19.92,36.53,35.79,37.13,1004,2.6,250,0.0,40,0,1
2019-04-21 16,37.83,20.18,36.13,34.8,38.0,1003,3.6,270,0.0,40,0,1
2019-04-21 17,37.48,20.4,34.45,34.8,37.12,1003,4.6,270,0.0,20,0,1
2019-04-21 18,36.52,21.62,35.63,34.57,36.4,1003,1.5,290,0.0,20,0,1
2019-04-21 19,34.47,25.02,33.82,31.6,35.0,1000,1.5,290,0.0,20,0,2
2019-04-21 20,32.5,29.5,33.82,29.27,33.89,1000,2.56,356,0.0,0,0,2
2019-04-21 21,29.62,37.25,33.09,29.14,33.89,1000,2.64,5,0.0,0,0,3
2019-04-21 22,29.48,38.33,32.6,26.6,33.89,1001,2.72,12,0.0,0,0,4
2019-04-21 23,30.58,35.2,32.39,26.6,33.33,1000,2.62,14,0.0,0,0,5
2019-04-22 00,27.73,43.92,30.55,25.96,30.0,1005,2.52,352,0.0,0,0,5
2019-04-22 01,25.92,50.08,29.67,23.91,29.0,1005,2.12,317,0.0,1,0,4
2019-04-22 02,25.5,53.35,28.66,23.26,28.0,1004,1.78,298,0.0,1,0,5
2019-04-22 03,25.35,54.45,28.84,22.72,28.0,1004,1.12,282,0.0,1,0,5
2019-04-22 04,26.02,51.3,27.55,22.75,26.0,1005,1.2,275,0.0,0,2,5
2019-04-22 05,24.18,59.27,27.16,22.97,25.0,1005,0.95,268,0.0,0,2,5
2019-04-22 06,24.03,60.77,27.2,23.4,25.0,1006,0.34,283,0.0,0,0,5
2019-04-22 07,26.15,53.62,29.56,25.0,28.8,1007,0.31,94,0.0,1,0,5
2019-04-22 08,28.98,46.18,30.29,26.0,28.8,1007,1.5,50,0.0,1,0,5
2019-04-22 09,32.38,37.58,34.06,26.0,34.0,1004,0.5,110,0.0,1,0,5
2019-04-22 10,35.08,30.6,36.22,32.03,35.2,1008,1.0,20,0.0,1,0,5
2019-04-22 11,36.72,24.8,37.47,35.2,36.58,1007,1.5,200,0.0,1,0,5
2019-04-22 12,37.1,23.57,38.55,35.72,37.0,1006,2.1,50,0.0,1,0,3
2019-04-22 13,38.33,21.88,37.84,37.0,37.95,1006,3.6,230,0.0,1,0,2
2019-04-22 14,38.62,21.52,37.08,37.4,39.0,1005,4.6,230,0.0,20,0,2
2019-04-22 15,39.28,20.27,38.06,36.73,39.0,1004,3.6,260,0.0,40,0,2
2019-04-22 16,39.62,18.35,37.72,35.2,38.31,1004,3.1,280,0.0,40,0,2
2019-04-22 17,39.0,19.18,36.5,35.2,38.25,1003,4.1,270,0.0,20,0,1
2019-04-22 18,37.83,21.02,37.56,34.44,38.3,1000,1.0,260,0.0,20,0,1
2019-04-22 19,35.55,25.0,35.98,33.73,35.0,1000,1.0,260,0.0,20,0,2
2019-04-22 20,32.68,31.88,35.25,30.8,34.44,1000,2.62,340,0.0,20,0,2
2019-04-22 21,31.83,34.98,34.78,30.03,34.44,1000,2.95,349,0.0,20,0,3
2019-04-22 22,30.15,39.85,31.9,27.63,31.0,1005,3.25,348,0.0,0,0,4
2019-04-22 23,28.32,44.95,31.08,27.83,30.0,1005,3.34,335,0.0,0,0,4
2019-04-23 00,27.4,49.45,30.26,27.01,29.0,1005,3.08,320,0.0,0,0,4
2019-04-23 01,27.12,52.12,29.08,24.98,28.0,1005,2.72,299,0.0,0,0,4
2019-04-23 02,26.75,54.9,28.66,24.52,27.0,1005,1.95,286,0.0,0,0,5
2019-04-23 03,26.48,55.5,28.24,23.17,27.0,1005,1.96,331,0.0,0,0,5
2019-04-23 04,26.77,55.58,27.87,22.97,26.0,1006,1.1,323,0.0,0,2,5
2019-04-23 05,25.48,62.05,28.03,23.8,26.0,1006,0.92,286,0.0,0,2,5
2019-04-23 06,24.3,68.25,27.82,24.0,25.82,1007,1.13,274,0.0,1,2,5
2019-04-23 07,26.38,64.03,30.92,25.0,29.7,1007,1.0,230,0.0,1,2,5
2019-04-23 08,32.27,40.92,30.15,28.0,30.55,1007,2.6,250,0.0,1,0,5
2019-04-23 09,34.83,31.73,33.46,28.0,34.0,1004,2.1,260,0.0,1,0,5
2019-04-23 10,36.93,27.05,37.11,34.3,36.0,1008,1.0,220,0.0,1,0,3
2019-04-23 11,38.4,23.88,37.44,35.96,38.05,1008,3.1,230,0.0,1,0,2
2019-04-23 12,39.35,21.62,39.64,36.54,39.0,1007,1.5,100,0.0,1,0,2
2019-04-23 13,40.12,20.67,39.88,38.0,40.45,1007,2.6,170,0.0,1,0,2
2019-04-23 14,40.58,19.43,40.37,38.6,41.0,1006,3.1,230,0.0,1,0,2
2019-04-23 15,41.58,16.4,40.2,38.28,42.0,1005,3.1,320,0.0,20,0,2
2019-04-23 16,41.77,15.05,40.39,37.6,42.0,1005,2.6,240,0.0,20,0,2
2019-04-23 17,41.12,16.02,41.66,37.6,41.0,1005,1.0,350,0.0,40,0,1
2019-04-23 18,39.62,18.52,39.73,36.21,40.0,1005,2.1,290,0.0,40,0,1
2019-04-23 19,36.9,23.68,37.55,33.63,38.0,1001,2.1,290,0.0,40,0,2
2019-04-23 20,34.25,30.98,37.51,31.24,36.0,1006,2.26,50,0.0,20,0,2
2019-04-23 21,34.67,32.3,36.92,30.86,35.0,1001,2.1,54,0.0,20,0,4
2019-04-23 22,33.58,34.95,35.99,28.51,34.44,1002,1.5,90,0.0,20,0,4
2019-04-23 23,32.77,39.05,34.37,28.6,32.0,1007,1.5,90,0.0,20,0,4
2019-04-24 00,32.25,41.75,33.7,28.68,31.0,1007,1.5,90,0.0,20,0,4
2019-04-24 01,31.77,43.25,32.72,27.79,31.0,1007,2.1,90,0.0,20,0,3
2019-04-24 02,31.4,44.07,31.97,27.71,30.0,1007,2.1,90,0.0,20,0,3
2019-04-24 03,30.65,45.0,31.68,27.0,30.0,1007,2.1,90,0.0,20,0,3
2019-04-24 04,29.98,46.6,31.54,27.3,30.0,1007,2.1,110,0.0,2,0,3
2019-04-24 05,29.85,48.02,31.68,27.74,30.0,1007,2.1,110,0.0,1,0,3
2019-04-24 06,29.8,49.12,31.45,27.87,29.0,1008,1.54,160,0.0,40,0,3
2019-04-24 07,30.15,48.83,31.8,28.0,31.0,1009,1.5,160,0.0,40,0,3
2019-04-24 08,31.7,44.78,33.04,28.6,32.0,1010,2.6,180,0.0,1,0,3
2019-04-24 09,33.58,41.05,33.72,28.6,35.0,1006,3.6,100,0.0,1,0,3
2019-04-24 10,34.92,39.17,38.22,33.33,37.0,1009,2.6,150,0.0,1,0,3
2019-04-24 11,36.67,34.58,39.7,35.4,38.0,1009,3.1,110,0.0,1,0,3
2019-04-24 12,38.83,28.45,40.75,35.0,40.0,1005,2.6,140,0.0,1,0,3
2019-04-24 13,40.17,25.27,44.01,38.82,41.0,1007,2.6,180,0.0,1,0,3
2019-04-24 14,41.9,21.77,43.89,40.15,43.0,1006,2.6,250,0.0,1,0,2
2019-04-24 15,42.7,18.2,43.22,38.84,43.0,1005,3.1,230,0.0,40,0,2
2019-04-24 16,42.22,16.9,41.26,36.8,43.0,1005,3.1,250,0.0,40,0,2
2019-04-24 17,41.6,16.45,39.5,38.61,42.0,1004,4.1,270,0.0,40,0,2
2019-04-24 18,40.25,16.83,39.91,39.0,41.67,1005,2.6,250,0.0,40,0,2
2019-04-24 19,37.8,29.65,37.19,35.56,39.0,1001,2.6,250,0.0,40,0,2
2019-04-24 20,36.2,36.12,38.45,33.81,36.0,1001,1.0,90,0.0,3,0,3
2019-04-24 21,35.25,38.5,37.4,32.23,35.56,1002,1.0,90,0.0,15,0,4
2019-04-24 22,34.65,40.65,33.35,29.56,33.0,1007,5.1,290,0.0,40,0,4
2019-04-24 23,33.9,43.85,33.79,28.32,35.0,1003,5.1,290,0.0,40,0,4
2019-04-25 00,32.38,49.65,33.89,28.29,35.0,1003,5.1,290,0.0,40,0,4
2019-04-25 01,31.7,52.15,32.34,27.09,32.0,1007,5.1,70,0.0,40,0,4
2019-04-25 02,31.8,50.98,31.55,26.91,31.0,1007,5.1,70,0.0,40,0,4
2019-04-25 03,31.57,51.15,31.58,26.11,33.89,1002,5.1,70,0.0,40,0,4
2019-04-25 04,31.05,52.75,33.47,26.21,32.78,1002,2.1,90,0.0,20,0,4
2019-04-25 05,30.55,53.6,32.01,26.95,29.4,1007,2.1,90,0.0,20,0,3
2019-04-25 06,30.27,53.55,32.45,27.6,30.0,1008,2.06,170,0.0,0,0,3
2019-04-25 07,30.77,52.38,34.08,28.78,31.0,1009,2.1,170,0.0,1,0,3
2019-04-25 08,31.88,48.2,33.64,28.85,32.0,1009,2.6,150,0.0,40,0,3
2019-04-25 09,33.67,43.25,34.74,29.37,35.56,1006,3.6,140,0.0,20,0,3
2019-04-25 10,35.33,40.05,38.89,33.23,37.0,1009,3.1,170,0.0,20,0,3
2019-04-25 11,37.27,35.7,41.45,35.2,39.0,1009,3.1,50,0.0,20,0,3
2019-04-25 12,38.58,32.92,43.28,35.2,41.0,1005,1.5,90,0.0,20,0,3
2019-04-25 13,40.05,28.98,45.31,39.48,42.0,1007,2.1,80,0.0,20,0,3
2019-04-25 14,41.1,23.6,44.4,39.6,42.0,1006,2.1,50,0.0,40,0,3
2019-04-25 15,41.47,21.12,43.87,36.67,43.0,1001,1.5,340,0.0,40,0,2
2019-04-25 16,41.5,20.73,44.78,37.86,43.0,1004,1.5,90,0.0,75,0,2
2019-04-25 17,36.05,33.8,41.74,37.34,40.2,1005,4.1,20,0.0,75,9,3
2019-04-25 18,34.73,34.45,38.68,35.0,40.2,1002,4.1,50,0.0,75,9,3
2019-04-25 19,32.67,41.38,36.68,33.0,37.22,1002,4.1,50,0.0,75,9,2
2019-04-25 20,30.85,41.03,34.78,31.0,33.97,1006,1.0,290,0.0,0,9,2
2019-04-25 21,31.25,36.5,33.77,31.0,32.92,1007,1.0,290,0.0,0,9,2
2019-04-25 22,30.9,34.5,32.07,28.4,31.0,1007,2.89,353,0.0,0,0,2
2019-04-25 23,29.8,35.75,31.41,28.4,30.06,1007,2.71,349,0.0,2,0,2
2019-04-26 00,28.02,41.22,31.4,28.4,30.03,1007,2.75,348,0.0,0,0,2
2019-04-26 01,27.82,41.78,31.58,26.4,30.0,1006,2.67,349,0.0,20,0,2
2019-04-26 02,28.48,44.3,31.48,26.4,30.0,1006,2.34,345,0.0,20,0,4
2019-04-26 03,28.3,46.47,31.7,25.95,30.0,1006,1.66,349,0.0,20,0,5
2019-04-26 04,27.88,45.23,29.77,25.4,29.0,1006,2.0,339,0.0,0,0,5
2019-04-26 05,27.3,47.05,29.38,25.4,29.0,1007,2.36,333,0.0,0,0,5
2019-04-26 06,27.05,47.48,28.86,26.0,28.21,1008,2.79,332,0.0,1,0,5
2019-04-26 07,27.82,47.15,30.16,26.0,29.92,1008,2.47,341,0.0,1,0,4
2019-04-26 08,31.28,37.4,32.4,28.0,31.0,1009,1.0,270,0.0,1,0,4
2019-04-26 09,33.27,32.77,33.04,28.0,33.0,1009,1.5,340,0.0,1,0,4
2019-04-26 10,35.22,29.2,35.62,34.0,36.11,1005,2.6,20,0.0,1,0,4
2019-04-26 11,37.2,25.58,38.37,36.0,38.88,1009,1.5,340,0.0,1,0,3
2019-04-26 12,39.05,24.25,39.0,37.95,39.33,1008,3.6,270,0.0,1,0,3
2019-04-26 13,40.62,21.05,40.69,39.0,41.05,1007,2.6,320,0.0,1,0,2
2019-04-26 14,41.15,18.75,39.08,39.4,41.26,1006,4.6,250,0.0,40,0,2
2019-04-26 15,41.77,15.55,38.96,38.78,41.0,1006,4.1,320,0.0,40,0,2
2019-04-26 16,41.9,13.85,36.78,37.2,41.0,1005,6.2,260,0.0,40,0,2
2019-04-26 17,41.03,13.82,37.93,37.2,40.0,1001,3.1,290,0.0,20,0,2
2019-04-26 18,39.62,13.53,38.13,37.2,39.6,1001,2.1,270,0.0,1,0,2
2019-04-26 19,37.52,16.98,36.37,35.63,38.0,1001,2.1,270,0.0,1,0,2
2019-04-26 20,36.03,18.92,36.84,32.8,36.11,1002,1.0,270,0.0,2,0,2
2019-04-26 21,34.82,20.6,35.56,32.8,34.0,1007,1.0,270,0.0,0,0,3
2019-04-26 22,33.3,23.48,33.52,29.8,33.0,1007,1.5,290,0.0,0,0,3
2019-04-26 23,32.9,23.65,33.34,29.8,33.0,1007,1.5,290,0.0,0,0,3
2019-04-27 00,32.53,25.4,33.19,29.8,33.0,1007,1.5,290,0.0,0,0,3
2019-04-27 01,31.9,26.73,30.59,28.6,32.0,1006,2.1,320,0.0,0,0,4
2019-04-27 02,31.1,29.35,30.46,28.24,32.0,1006,2.1,320,0.0,0,0,3
2019-04-27 03,30.45,30.77,31.21,27.08,35.56,1001,2.1,320,0.0,0,0,2
2019-04-27 04,30.23,31.58,30.03,27.22,30.0,1006,1.0,270,0.0,0,0,2
2019-04-27 05,30.27,31.62,30.4,28.35,30.0,1006,1.0,270,0.0,0,0,3
2019-04-27 06,29.53,33.55,27.55,27.0,28.93,1006,3.09,250,0.0,0,0,4
2019-04-27 07,29.9,34.15,28.42,27.0,31.36,1007,3.1,250,0.0,1,0,3
2019-04-27 08,32.65,29.5,30.3,29.0,31.62,1008,2.6,240,0.0,1,0,2
2019-04-27 09,34.92,26.1,33.56,29.8,34.0,1008,2.6,260,0.0,1,0,2
2019-04-27 10,37.6,19.77,35.19,34.63,36.0,1008,4.6,280,0.0,1,0,2
2019-04-27 11,39.33,15.43,35.14,37.4,38.69,1008,6.7,270,0.0,1,0,2
2019-04-27 12,40.78,13.57,37.09,37.4,40.0,1007,4.6,280,0.0,1,0,2
2019-04-27 13,41.58,12.9,37.84,39.9,40.95,1006,4.1,290,0.0,1,0,2
2019-04-27 14,42.05,12.25,39.3,40.2,42.0,1005,4.1,270,0.0,1,0,2
2019-04-27 15,42.08,11.12,38.57,38.77,41.0,1005,4.1,270,0.0,1,0,2
2019-04-27 16,41.73,11.0,37.95,37.8,41.0,1004,4.1,280,0.0,1,0,2
2019-04-27 17,40.83,12.05,37.62,36.67,41.0,1000,3.1,260,0.0,0,0,2
2019-04-27 18,39.33,12.7,37.7,37.77,39.78,1004,1.5,320,0.0,1,0,2
2019-04-27 19,37.52,13.95,36.18,35.59,38.0,1005,1.5,320,0.0,1,0,2
2019-04-27 20,35.98,14.7,36.3,32.79,36.11,1001,2.1,270,0.0,0,0,2
2019-04-27 21,34.88,15.77,35.55,31.92,36.11,1001,2.1,270,0.0,0,0,3
2019-04-27 22,34.1,16.45,32.37,30.66,34.0,1006,2.1,290,0.0,0,0,3
2019-04-27 23,33.33,17.02,32.89,29.75,36.11,1001,2.1,290,0.0,0,0,3
2019-04-28 00,32.28,18.82,31.42,29.65,33.0,1006,2.1,290,0.0,0,0,2
2019-04-28 01,31.25,20.75,31.92,28.54,36.11,1000,2.1,320,0.0,0,0,2
2019-04-28 02,30.57,22.48,30.17,28.27,32.0,1004,2.1,320,0.0,0,0,3
2019-04-28 03,29.8,24.2,28.9,26.35,31.0,1004,2.1,320,0.0,0,0,3
2019-04-28 04,28.6,26.9,27.14,26.46,29.0,1005,2.6,270,0.0,0,0,2
2019-04-28 05,28.0,28.53,25.64,26.0,28.42,1005,2.6,270,0.0,0,0,2
2019-04-28 06,28.33,28.65,27.56,26.0,28.32,1005,1.54,250,0.0,0,3,2
2019-04-28 07,29.65,28.35,29.46,27.0,31.0,1006,1.5,250,0.0,1,0,2
2019-04-28 08,31.77,25.98,28.66,29.0,31.52,1006,4.53,312,0.0,1,0,2
2019-04-28 09,34.28,23.5,31.43,31.0,33.0,1007,3.6,260,0.0,1,0,3
2019-04-28 10,36.25,20.85,35.1,35.0,36.47,1007,3.1,260,0.0,1,0,3
2019-04-28 11,38.27,18.3,35.78,37.0,38.95,1006,5.1,250,0.0,1,0,2
2019-04-28 12,41.0,11.25,37.29,37.6,41.0,1006,4.6,280,0.0,1,0,2
2019-04-28 13,42.15,8.15,38.57,40.0,42.0,1005,3.1,260,0.0,1,9,2
2019-04-28 14,42.4,7.92,38.51,40.27,42.0,1004,3.1,290,0.0,1,9,2
2019-04-28 15,42.7,7.62,38.26,38.94,42.0,1004,3.1,290,0.0,1,9,2
2019-04-28 16,42.17,7.83,38.0,38.0,41.0,1003,3.1,300,0.0,1,9,2
2019-04-28 17,41.2,8.6,36.73,38.0,41.0,1003,4.1,250,0.0,1,9,2
2019-04-28 18,39.7,9.6,36.82,38.0,40.0,1003,2.6,300,0.0,1,9,2
2019-04-28 19,37.25,12.25,35.5,35.98,39.0,1000,2.6,300,0.0,1,9,2
2019-04-28 20,35.85,13.62,36.55,32.4,36.11,999,1.0,290,0.0,2,0,2
2019-04-28 21,33.67,16.27,35.87,32.26,36.11,1000,1.0,290,0.0,1,0,3
2019-04-28 22,32.27,18.48,32.09,29.8,33.0,1005,1.5,340,0.0,0,0,3
2019-04-28 23,32.9,17.75,31.97,29.8,33.0,1005,1.5,340,0.0,0,0,3
2019-04-29 00,32.3,18.55,31.29,29.67,32.0,1004,1.5,340,0.0,0,0,3
2019-04-29 01,31.2,19.93,30.9,28.23,32.0,1004,1.0,290,0.0,0,0,3
2019-04-29 02,31.68,19.83,30.8,28.05,32.0,1003,1.0,290,0.0,0,0,2
2019-04-29 03,30.62,22.1,28.9,26.14,30.0,1003,1.0,290,0.0,0,0,2
2019-04-29 04,29.57,23.95,28.29,24.8,29.0,1004,2.4,330,0.0,0,0,2
2019-04-29 05,28.52,25.33,27.82,24.8,28.0,1004,2.34,322,0.0,0,0,2
2019-04-29 06,27.88,27.0,25.31,24.8,27.94,1005,2.57,270,0.0,0,0,2
2019-04-29 07,28.98,28.1,28.04,27.0,30.97,1006,2.6,270,0.0,1,0,2
2019-04-29 08,32.55,23.02,30.02,29.6,31.44,1006,2.6,250,0.0,1,0,3
2019-04-29 09,35.5,17.6,33.27,29.6,35.56,1004,2.1,280,0.0,1,0,4
2019-04-29 10,37.52,15.6,36.34,35.85,38.0,1007,2.1,320,0.0,1,0,3
2019-04-29 11,39.62,13.05,37.31,38.21,39.0,1006,3.1,270,0.0,1,0,3
2019-04-29 12,41.0,10.65,38.1,38.45,40.0,1006,3.1,230,0.0,1,0,2
2019-04-29 13,42.23,9.02,38.21,40.55,41.49,1005,4.1,290,0.0,1,0,2
2019-04-29 14,43.0,8.55,39.09,40.8,43.0,1004,4.1,250,0.0,1,0,2
2019-04-29 15,43.17,8.88,39.82,39.95,43.0,1003,3.6,270,0.0,1,0,1
2019-04-29 16,42.93,9.05,40.15,38.6,42.0,1002,2.6,270,0.0,1,0,2
2019-04-29 17,42.05,9.62,39.92,38.6,41.48,1002,2.6,270,0.0,1,0,2
2019-04-29 18,40.43,10.85,41.2,38.0,41.4,1002,1.0,290,0.0,1,0,2
2019-04-29 19,37.83,13.88,38.81,34.65,39.0,998,1.0,290,0.0,1,0,2
2019-04-29 20,33.65,19.02,36.43,32.0,36.11,998,2.89,16,0.0,2,0,2
2019-04-29 21,31.98,23.2,35.92,31.71,36.11,998,2.56,16,0.0,2,0,3
2019-04-29 22,31.12,23.52,35.39,28.0,36.11,998,2.41,20,0.0,1,0,5
2019-04-29 23,33.05,18.5,34.28,27.43,36.11,998,2.86,20,0.0,0,0,5
2019-04-30 00,32.92,17.9,31.87,26.52,32.0,1003,2.94,22,0.0,0,0,5
2019-04-30 01,32.42,17.83,30.05,25.6,31.0,1001,2.43,26,0.0,0,0,5
2019-04-30 02,31.93,18.27,29.15,24.97,30.0,1001,2.35,30,0.0,0,0,4
2019-04-30 03,30.77,19.65,28.13,23.86,29.0,1001,2.44,53,0.0,0,0,4
2019-04-30 04,28.65,22.85,27.56,24.0,29.0,1001,2.94,58,0.0,0,0,3
2019-04-30 05,26.97,27.55,28.68,24.0,29.0,1001,1.45,96,0.0,0,0,5
2019-04-30 06,25.9,31.65,28.3,24.0,30.0,1002,1.54,220,0.0,0,0,5
2019-04-30 07,28.65,29.82,30.4,27.0,31.7,1003,1.5,220,0.0,1,0,4
2019-04-30 08,32.97,22.6,34.55,30.6,35.0,999,1.5,200,0.0,0,0,4
2019-04-30 09,35.77,17.0,33.52,30.6,38.0,1001,3.1,160,0.0,1,0,4
2019-04-30 10,38.15,13.55,38.14,37.12,40.0,1004,3.6,140,0.0,1,0,4
2019-04-30 11,40.7,12.0,41.24,40.03,41.34,1004,2.6,90,0.0,1,0,3
2019-04-30 12,41.68,11.12,41.59,38.4,43.0,1003,3.1,140,0.0,1,0,3
2019-04-30 13,42.47,10.75,42.73,42.18,43.22,1002,3.1,130,0.0,1,0,2
2019-04-30 14,43.35,10.95,44.41,43.0,43.98,1001,1.0,110,0.0,40,0,2
2019-04-30 15,43.45,10.6,42.99,41.68,44.0,1000,3.6,170,0.0,40,0,2
2019-04-30 16,43.1,10.45,42.43,39.2,44.0,999,3.1,220,0.0,40,0,2
2019-04-30 17,42.42,11.25,42.74,39.2,42.38,998,1.0,230,0.0,75,0,2
2019-04-30 18,40.17,14.3,36.39,37.22,41.6,993,2.45,159,0.0,75,9,2
2019-04-30 19,38.78,16.57,34.54,34.29,38.0,994,2.88,156,0.0,40,0,2
2019-04-30 20,38.27,17.57,38.4,32.33,37.0,995,1.5,50,0.0,40,0,2
2019-04-30 21,36.55,23.35,37.22,32.22,36.0,1000,1.5,50,0.0,40,0,3
2019-04-30 22,35.65,25.38,37.18,30.18,36.67,995,1.0,90,0.0,40,0,3
2019-04-30 23,35.2,25.85,35.71,30.82,34.0,1000,1.0,90,0.0,40,0,3
2019-05-01 00,33.25,30.08,35.08,31.17,33.0,1000,1.0,90,0.0,40,0,4
2019-05-01 01,32.6,31.53,32.02,29.0,32.0,1000,3.68,79,0.0,20,0,5
2019-05-01 02,31.6,30.98,31.38,29.0,31.0,1000,3.27,82,0.0,20,0,5
2019-05-01 03,30.07,33.65,30.67,27.53,30.0,1000,2.36,62,0.0,20,0,5
2019-05-01 04,29.7,33.88,30.82,25.4,29.0,1000,1.0,20,0.0,20,0,5
2019-05-01 05,28.28,36.42,26.83,28.07,29.0,1001,2.98,68,0.0,40,0,5
2019-05-01 06,28.2,37.67,29.64,25.4,28.8,1001,1.03,60,0.0,20,0,5
2019-05-01 07,28.23,36.42,31.78,27.0,30.94,1002,1.0,60,0.0,20,0,5
2019-05-01 08,30.1,32.2,30.77,29.0,31.0,1002,3.38,77,0.0,1,0,5
2019-05-01 09,32.6,30.15,31.75,29.2,33.0,1003,3.7,84,0.0,1,0,5
2019-05-01 10,35.5,26.7,35.01,34.72,36.0,1003,4.1,93,0.0,1,7,5
2019-05-01 11,36.98,24.65,39.52,37.0,38.61,1002,1.5,50,0.0,1,7,5
2019-05-01 12,38.95,22.98,40.26,37.6,39.49,1002,3.1,50,0.0,20,9,5
2019-05-01 13,40.45,20.6,43.18,39.0,41.59,1001,1.5,50,0.0,20,9,5
2019-05-01 14,41.58,14.22,42.08,39.8,42.06,1000,2.1,70,0.0,1,9,4
2019-05-01 15,41.92,12.48,42.6,39.8,43.0,999,1.5,250,0.0,1,9,2
2019-05-01 16,41.92,13.07,42.68,38.4,43.0,998,1.5,150,0.0,40,9,2
2019-05-01 17,41.28,13.77,41.18,37.22,42.0,995,2.1,270,0.0,40,9,2
2019-05-01 18,39.8,16.7,39.9,37.22,40.2,995,1.98,50,0.0,40,9,2
2019-05-01 19,37.05,21.1,36.96,35.92,39.0,995,4.66,80,0.0,40,9,3
2019-05-01 20,35.6,26.2,37.75,32.8,37.0,1000,2.1,90,0.0,20,0,3
2019-05-01 21,34.6,29.45,36.91,32.8,36.11,996,2.1,90,0.0,20,0,4
2019-05-01 22,32.6,32.17,36.91,30.0,34.0,1001,1.0,230,0.0,40,0,3
2019-05-01 23,30.42,38.25,35.05,30.0,32.0,1001,1.0,230,0.0,40,0,3
2019-05-02 00,30.23,38.72,34.12,30.0,31.0,1001,1.0,230,0.0,40,0,3
2019-05-02 01,30.83,38.58,31.2,29.2,31.0,1001,3.6,50,0.0,40,0,4
2019-05-02 02,30.38,42.65,30.08,27.91,30.0,1001,3.6,50,0.0,40,0,4
2019-05-02 03,29.52,38.4,29.75,27.1,30.0,1001,3.6,50,0.0,40,0,4
2019-05-02 04,29.0,37.05,29.69,27.14,29.0,1002,1.5,20,0.0,40,0,3
2019-05-02 05,28.2,37.4,30.06,27.4,29.13,1002,1.5,20,0.0,40,0,3
2019-05-02 06,27.27,37.6,29.52,27.0,29.76,1003,1.54,90,0.0,40,0,3
2019-05-02 07,27.9,36.07,30.7,27.0,30.81,1004,1.5,90,0.0,40,0,2
2019-05-02 08,29.95,32.5,31.22,30.0,31.0,1004,3.1,30,0.0,40,0,2
2019-05-02 09,32.5,28.27,31.43,30.57,33.0,1004,4.6,40,0.0,40,0,2
2019-05-02 10,34.38,28.45,36.18,34.16,36.0,1001,3.6,70,0.0,40,0,2
2019-05-02 11,35.38,35.2,39.86,35.4,38.0,1001,2.6,50,0.0,40,0,2
2019-05-02 12,36.65,35.23,40.27,36.11,38.0,1000,2.6,120,0.0,75,0,3
2019-05-02 13,37.52,33.8,42.44,37.6,39.87,1003,3.1,60,0.0,75,0,3
2019-05-02 14,38.48,31.12,41.29,37.6,40.45,1002,5.7,110,0.0,75,0,3
2019-05-02 15,38.62,28.95,41.42,36.67,40.0,998,2.6,90,0.0,75,0,2
2019-05-02 16,38.55,27.55,39.34,35.4,38.0,997,2.6,70,0.0,75,0,2
2019-05-02 17,37.92,27.05,37.79,35.4,37.7,997,2.6,270,0.0,75,0,2
2019-05-02 18,36.62,22.93,31.31,33.0,37.32,999,6.2,250,0.0,75,9,2
2019-05-02 19,35.12,17.55,30.09,31.9,35.0,998,6.2,250,0.0,75,9,3
2019-05-02 20,32.38,27.35,32.97,29.91,34.44,999,2.1,340,0.0,90,0,3
2019-05-02 21,28.65,41.75,30.38,29.66,32.0,1004,2.1,340,0.0,90,0,2
2019-05-02 22,29.12,39.83,28.29,28.0,29.0,1004,4.1,70,0.0,40,0,2
2019-05-02 23,27.77,42.85,27.73,28.0,29.31,1004,4.1,70,0.0,40,0,2
2019-05-03 00,27.07,44.62,27.56,28.0,28.92,1004,4.1,70,0.0,40,0,2
2019-05-03 01,26.1,48.23,28.15,27.0,28.48,1004,2.6,90,0.0,40,0,1
2019-05-03 02,26.0,48.08,27.98,27.0,28.23,1004,2.6,90,0.0,40,0,1
2019-05-03 03,24.27,66.5,27.31,25.2,27.0,1004,2.6,90,0.0,40,0,2
2019-05-03 04,25.27,58.92,28.47,25.23,27.0,1004,1.5,200,0.0,40,0,2
2019-05-03 05,24.88,60.48,28.4,25.0,27.18,1004,1.5,200,0.0,40,0,3
2019-05-03 06,25.1,56.7,26.93,25.0,27.12,1005,3.34,31,0.0,1,0,4
2019-05-03 07,26.2,54.5,29.49,26.0,28.78,1005,1.5,340,0.0,1,0,4
2019-05-03 08,28.2,49.4,30.35,26.0,30.0,1006,2.6,20,0.0,20,0,4
2019-05-03 09,30.27,41.6,32.63,26.0,32.0,1007,1.5,190,0.0,40,0,4
2019-05-03 10,33.4,31.02,36.31,32.58,35.0,1004,1.5,120,0.0,20,0,5
2019-05-03 11,35.38,25.9,37.92,34.65,36.0,1004,1.0,60,0.0,1,0,4
2019-05-03 12,36.83,22.75,37.73,34.8,38.0,1003,3.1,50,0.0,1,0,2
2019-05-03 13,37.98,20.82,40.44,36.6,38.0,1005,1.0,70,0.0,20,0,2
2019-05-03 14,38.47,20.4,39.92,36.6,39.0,1005,3.6,110,0.0,20,0,2
2019-05-03 15,38.4,20.95,40.14,35.0,39.0,1001,1.0,50,0.0,40,0,2
2019-05-03 16,38.0,21.3,29.45,35.0,38.0,1000,15.4,70,0.0,75,0,2
2019-05-03 17,37.38,21.45,39.57,35.15,37.6,1000,1.0,50,0.0,75,0,2
2019-05-03 18,36.25,23.15,36.01,24.0,37.6,1002,1.11,319,0.5,79,5,2
2019-05-03 18,36.25,23.15,36.01,24.0,37.6,1002,1.11,319,0.5,79,4,2
2019-05-03 19,30.93,33.53,32.14,24.0,33.39,1001,2.04,301,0.5,60,5,2
2019-05-03 19,30.93,33.53,32.14,24.0,33.39,1001,2.04,301,0.5,60,4,2
2019-05-03 20,30.85,30.3,29.04,28.68,30.68,1006,2.6,130,0.0,75,0,2
2019-05-03 21,30.1,29.93,28.64,27.83,30.78,1006,1.5,260,0.0,75,0,1
2019-05-03 22,29.75,31.92,31.22,26.36,28.0,1006,1.0,290,0.0,75,0,1
2019-05-03 23,30.9,30.58,31.03,26.16,28.0,1006,1.0,290,0.0,75,0,2
2019-05-04 00,30.7,31.42,31.78,26.02,29.0,1006,1.0,290,0.0,75,0,2
2019-05-04 01,30.05,34.05,28.82,24.18,29.0,1006,2.1,270,0.0,40,0,3
2019-05-04 02,29.3,35.5,28.1,24.23,28.0,1006,2.1,270,0.0,40,0,4
2019-05-04 03,28.33,37.35,27.2,23.33,27.6,1006,2.1,270,0.0,40,0,4
2019-05-04 04,25.83,43.83,27.73,23.44,25.0,1006,1.0,200,0.0,40,2,3
2019-05-04 05,26.0,40.92,27.34,23.8,25.91,1007,1.0,200,0.0,40,2,3
2019-05-04 06,25.73,40.92,26.59,23.8,27.14,1007,1.54,250,0.0,75,0,3
2019-05-04 07,27.95,36.42,29.32,25.0,29.43,1008,1.5,250,0.0,75,0,3
2019-05-04 08,31.12,26.93,29.42,28.0,30.21,1008,2.6,250,0.0,1,0,4
2019-05-04 09,33.58,22.0,32.25,28.6,32.78,1005,1.5,340,0.0,1,0,5
2019-05-04 10,35.22,18.4,33.8,33.5,34.64,1009,3.1,360,0.0,1,0,4
2019-05-04 11,36.42,16.35,36.08,35.0,36.99,1009,2.6,20,0.0,1,0,2
2019-05-04 12,38.0,16.0,37.48,36.0,37.23,1008,1.5,70,0.0,1,0,2
2019-05-04 13,39.33,12.3,35.12,38.0,39.21,1007,6.2,260,0.0,1,0,3
2019-05-04 14,,,38.16,38.38,39.41,1006,2.6,250,0.0,1,0,6
2019-05-04 15,,,36.33,38.04,39.0,1006,5.1,340,0.0,1,0,6
2019-05-04 16,,,34.97,35.8,38.54,1005,5.1,290,0.0,1,0,6
2019-05-04 17,,,35.72,35.8,38.38,1005,4.1,250,0.0,1,0,6
2019-05-04 18,,,34.73,33.89,38.22,1001,3.6,300,0.0,1,0,6
2019-05-04 19,,,33.05,32.24,35.0,1002,3.6,300,0.0,1,0,6
2019-05-04 20,,,33.21,29.6,34.44,1001,1.5,250,0.0,0,0,6
2019-05-04 21,,,32.39,28.47,34.44,1002,1.5,250,0.0,0,0,6
2019-05-04 22,,,31.06,25.96,32.78,1003,1.0,250,0.0,0,0,6
2019-05-04 23,,,30.73,26.3,33.33,1002,1.0,250,0.0,0,0,6
2019-05-05 00,,,29.14,26.5,30.0,1007,1.0,250,0.0,0,0,6
2019-05-05 01,,,28.46,23.4,29.0,1007,1.0,290,0.0,0,0,6
2019-05-05 02,,,28.22,23.4,29.0,1007,1.0,290,0.0,0,0,6
2019-05-05 03,,,27.26,23.23,28.0,1007,1.0,290,0.0,0,0,6
2019-05-05 04,,,26.52,21.0,27.0,1007,1.0,250,0.0,0,0,6
2019-05-05 05,,,24.19,21.0,25.53,1007,1.0,250,0.0,0,0,6
2019-05-05 06,,,22.26,21.0,26.14,1008,2.57,250,0.0,0,0,6
2019-05-05 07,,,25.24,23.0,30.0,1008,2.6,250,0.0,1,0,6
2019-05-05 08,,,25.66,27.2,30.0,1009,5.1,250,0.0,1,0,6
2019-05-05 09,,,28.95,29.54,33.89,1006,5.1,250,0.0,1,0,6
2019-05-05 10,,,34.16,35.0,36.8,1010,4.1,260,0.0,1,0,6
2019-05-05 11,38.75,14.05,35.6,36.8,38.38,1009,5.1,290,0.0,1,0,5
2019-05-05 12,39.67,12.27,37.36,36.8,39.0,1009,3.1,230,0.0,1,0,4
2019-05-05 13,40.08,11.07,36.9,38.94,39.63,1008,4.6,280,0.0,1,0,2
2019-05-05 14,40.88,10.4,39.31,39.0,40.26,1007,2.6,290,0.0,20,0,2
2019-05-05 15,40.85,9.93,38.26,38.65,40.0,1006,4.6,270,0.0,20,0,3
2019-05-05 16,40.58,10.12,38.02,37.8,40.0,1005,4.6,270,0.0,40,0,3
2019-05-05 17,39.58,11.53,38.45,37.73,39.2,1005,3.1,270,0.0,40,0,4
2019-05-05 18,38.48,12.65,36.69,36.0,39.2,1005,4.1,260,0.0,40,0,4
2019-05-05 19,36.48,14.05,33.83,31.85,36.0,1002,4.1,260,0.0,40,0,4
2019-05-05 20,33.0,18.5,34.14,29.79,35.0,1006,2.95,14,0.0,0,0,4
2019-05-05 21,31.17,21.77,31.74,28.33,33.0,1001,3.1,7,0.0,0,0,4
2019-05-05 22,29.58,26.3,33.53,26.09,33.33,1002,0.5,320,0.0,0,0,4
2019-05-05 23,27.72,31.18,31.47,26.67,30.0,1001,0.5,320,0.0,0,0,5
2019-05-06 00,27.33,34.12,32.25,26.8,31.67,1001,0.5,320,0.0,0,0,5
2019-05-06 01,26.73,38.0,28.64,24.67,29.0,1005,1.32,227,0.0,1,0,5
2019-05-06 02,27.98,33.7,27.87,24.31,29.0,1005,2.02,223,0.0,1,0,5
2019-05-06 03,26.05,37.3,26.63,23.07,28.0,1005,2.27,261,0.0,1,0,5
2019-05-06 04,25.98,34.88,26.87,22.94,27.0,1005,1.0,250,0.0,0,0,5
2019-05-06 05,24.95,35.0,26.42,23.8,26.0,1005,1.0,250,0.0,0,0,5
2019-05-06 06,24.68,34.65,24.99,23.8,26.21,1005,2.57,250,0.0,0,0,5
2019-05-06 07,28.15,28.33,27.5,26.0,29.4,1006,2.6,250,0.0,1,0,5
2019-05-06 08,32.47,20.15,30.08,27.0,32.78,1003,3.1,230,0.0,1,0,5
2019-05-06 09,34.9,15.83,30.85,29.4,34.0,1003,4.6,260,0.0,1,0,5
2019-05-06 10,36.68,14.4,33.47,35.51,36.27,1006,5.1,230,0.0,1,0,3
2019-05-06 11,38.65,13.8,38.0,37.8,39.58,1006,3.6,290,0.0,1,0,4
2019-05-06 12,40.4,12.45,40.55,38.7,40.56,1005,2.1,260,0.0,1,0,4
2019-05-06 13,41.92,8.72,38.71,40.0,41.48,1005,6.2,270,0.0,1,0,3
2019-05-06 14,42.57,6.1,40.78,40.56,41.47,1004,2.1,270,0.0,1,0,2
2019-05-06 15,42.38,6.65,38.7,40.37,41.0,1004,4.6,230,0.0,1,0,2
2019-05-06 16,41.98,7.2,39.59,38.2,41.4,1003,4.1,260,0.0,1,0,2
2019-05-06 17,41.0,8.05,38.68,38.2,41.4,1002,4.1,270,0.0,1,0,2
2019-05-06 18,39.48,9.52,39.06,37.57,41.4,1002,3.1,240,0.0,1,0,2
2019-05-06 19,37.33,10.9,35.99,32.36,39.0,999,3.1,240,0.0,1,0,3
2019-05-06 20,34.73,13.97,36.24,30.61,36.11,998,2.5,348,0.0,0,0,3
2019-05-06 21,31.43,19.35,35.23,30.06,35.0,998,2.47,356,0.0,0,0,5
2019-05-06 22,28.8,24.9,33.07,26.0,33.0,998,2.63,355,0.0,0,0,5
2019-05-06 23,28.25,26.4,31.07,26.0,32.22,999,3.02,350,0.0,0,0,6
2019-05-07 00,27.42,27.35,28.56,26.0,29.0,1003,3.31,341,0.0,0,0,6
2019-05-07 01,27.03,27.02,27.64,23.62,28.0,1003,3.07,328,0.0,0,0,6
2019-05-07 02,26.68,26.23,27.95,23.07,28.0,1003,2.47,301,0.0,0,0,5
2019-05-07 03,25.65,30.3,27.21,22.1,27.0,1003,2.01,253,0.0,0,0,5
2019-05-07 04,25.45,31.28,24.89,22.38,26.0,1003,2.27,244,0.0,0,0,5
2019-05-07 05,25.27,32.08,24.89,23.0,26.0,1003,2.28,249,0.0,0,0,5
2019-05-07 06,26.2,26.68,25.96,23.0,28.0,1004,2.58,254,0.0,1,0,5
2019-05-07 07,27.88,27.75,30.63,24.0,32.78,1001,2.1,220,0.0,1,0,5
2019-05-07 08,33.33,19.6,30.93,28.0,33.89,1001,4.1,250,0.0,1,0,5
2019-05-07 09,35.55,15.62,31.8,31.72,36.0,1001,5.7,260,0.0,1,0,4
2019-05-07 10,37.4,17.17,36.26,36.5,37.06,1005,4.1,250,0.0,1,0,3
2019-05-07 11,38.83,17.4,38.97,38.81,39.53,1005,4.6,250,0.0,1,0,2
2019-05-07 12,40.18,16.6,38.79,39.0,40.0,1005,5.7,250,0.0,1,0,2
2019-05-07 13,41.65,13.6,39.42,40.0,41.75,1004,6.2,250,0.0,40,0,3
2019-05-07 14,42.38,12.57,41.52,40.98,42.0,1003,4.6,250,0.0,20,0,3
2019-05-07 15,42.22,13.8,41.53,40.11,42.0,1002,5.1,250,0.0,75,9,4
2019-05-07 16,41.77,14.28,41.25,38.8,42.0,1001,5.1,290,0.0,40,9,5
2019-05-07 17,41.4,12.65,42.66,38.8,42.0,1001,2.6,270,0.0,20,0,5
2019-05-07 18,40.45,10.78,40.92,38.07,41.2,1001,1.0,290,0.0,1,0,5
2019-05-07 19,36.9,14.15,39.17,33.33,39.0,998,1.0,290,0.0,1,0,4
2019-05-07 20,31.62,22.05,36.59,31.92,36.0,997,2.97,26,0.0,0,0,4
2019-05-07 21,30.35,25.4,35.45,31.65,35.0,997,2.74,24,0.0,0,0,4
2019-05-07 22,30.25,28.18,34.56,28.48,35.0,998,2.72,22,0.0,40,0,4
2019-05-07 23,29.18,31.45,33.47,27.42,35.0,999,2.83,24,0.0,40,0,5
2019-05-08 00,28.25,35.8,33.3,27.2,35.0,998,3.16,20,0.0,40,0,5
2019-05-08 01,27.98,38.95,31.65,25.49,30.0,1002,1.0,200,0.0,2,0,5
2019-05-08 02,27.5,42.65,30.66,24.88,29.0,1002,1.0,200,0.0,0,0,5
2019-05-08 03,27.38,44.5,29.92,23.98,28.0,1002,1.0,200,0.0,15,0,5
2019-05-08 04,27.18,44.58,29.16,24.52,28.0,1002,1.0,230,0.0,20,0,5
2019-05-08 05,26.83,38.92,29.24,25.2,28.0,1002,1.0,230,0.0,20,0,5
2019-05-08 06,27.18,31.55,27.64,27.01,29.0,1004,2.57,260,0.0,0,0,5
2019-05-08 07,30.2,23.5,29.18,28.2,31.01,1004,2.6,260,0.0,1,0,5
2019-05-08 08,32.62,20.1,30.2,30.73,33.33,1001,4.6,250,0.0,1,0,5
2019-05-08 09,35.1,17.12,33.6,31.0,34.0,1002,3.1,250,0.0,1,0,5
2019-05-08 10,36.6,16.82,38.47,37.0,38.6,1005,3.1,260,0.0,1,0,5
2019-05-08 11,38.9,15.75,39.97,38.0,40.0,1005,4.1,250,0.0,1,0,4
2019-05-08 12,40.92,14.6,41.18,39.84,41.0,1005,4.1,260,0.0,1,0,4
2019-05-08 13,42.42,11.9,42.1,41.0,42.6,1004,4.1,260,0.0,1,0,4
2019-05-08 14,43.02,10.7,43.16,41.4,42.88,1003,4.1,270,0.0,1,0,3
2019-05-08 15,43.28,10.82,43.16,40.77,42.0,1002,3.1,250,0.0,1,0,3
2019-05-08 16,43.1,9.18,42.95,38.8,42.4,1002,3.1,300,0.0,20,0,2
2019-05-08 17,42.55,10.07,41.15,40.18,42.4,1005,5.1,250,0.0,40,9,2
2019-05-08 18,40.93,11.55,41.13,38.31,42.4,1002,3.1,260,0.0,40,9,2
2019-05-08 19,38.6,14.75,38.35,33.37,39.0,998,3.1,260,0.0,40,9,3
2019-05-08 20,35.62,19.17,38.79,30.78,36.11,998,1.0,250,0.0,20,0,3
2019-05-08 21,34.77,21.12,38.64,30.29,36.11,998,1.0,250,0.0,20,0,4
2019-05-08 22,32.05,25.3,36.21,27.67,36.11,998,2.31,312,0.0,20,0,5
2019-05-08 23,31.0,27.18,35.33,27.5,36.11,998,2.39,301,0.0,20,0,5
2019-05-09 00,30.1,28.82,35.24,28.04,35.56,998,2.51,299,0.0,20,0,5
2019-05-09 01,28.93,32.62,32.76,27.19,35.0,997,3.1,250,0.0,20,0,5
2019-05-09 02,30.58,28.88,31.91,26.19,35.0,997,3.1,250,0.0,20,0,5
2019-05-09 03,30.9,25.65,29.27,25.23,30.0,1002,3.1,250,0.0,20,0,5
2019-05-09 04,29.08,29.55,27.88,26.24,30.4,1002,3.1,250,0.0,0,0,5
2019-05-09 05,30.92,23.77,28.48,28.2,30.83,1002,3.1,250,0.0,0,0,5
2019-05-09 06,30.85,22.57,29.42,28.76,32.0,1003,3.6,250,0.0,0,0,4
2019-05-09 07,32.05,21.6,30.6,30.0,33.33,1003,3.6,250,0.0,1,0,3
2019-05-09 08,33.55,22.43,31.33,31.6,33.17,1004,6.2,270,0.0,1,0,2
2019-05-09 09,34.75,23.67,32.74,31.6,35.0,1000,6.2,270,0.0,1,0,3
2019-05-09 10,37.17,21.8,38.24,36.0,37.78,1004,4.1,250,0.0,1,9,3
2019-05-09 11,38.83,19.7,39.9,37.78,39.31,1004,4.1,250,0.0,1,9,4
2019-05-09 12,40.25,18.4,40.69,38.8,39.81,1003,4.1,270,0.0,1,9,4
2019-05-09 13,41.8,15.55,42.72,40.0,41.97,1002,4.1,260,0.0,1,9,5
2019-05-09 14,42.8,12.95,43.74,40.56,42.38,1001,3.1,270,0.0,1,9,4
2019-05-09 15,43.42,9.4,43.54,40.52,42.0,1001,3.6,290,0.0,1,9,3
2019-05-09 16,42.8,9.2,41.72,39.0,42.0,1001,3.6,260,0.0,1,9,2
2019-05-09 17,41.72,10.23,40.89,39.0,41.34,1000,3.1,250,0.0,1,9,3
2019-05-09 18,39.98,12.75,42.47,38.06,40.75,1001,1.5,250,0.0,1,0,3
2019-05-09 19,37.02,15.5,39.83,34.27,39.0,997,1.5,250,0.0,1,0,4
2019-05-09 20,34.17,20.9,38.82,30.24,36.67,997,1.5,250,0.0,10,0,4
2019-05-09 21,34.48,21.72,38.15,29.41,37.22,997,1.5,250,0.0,8,0,5
2019-05-09 22,33.58,24.75,34.59,28.3,35.56,997,2.6,250,0.0,20,0,5
2019-05-09 23,31.68,30.25,34.69,27.7,36.67,997,2.6,250,0.0,20,0,5
2019-05-10 00,34.12,23.75,34.11,27.89,36.11,997,2.6,250,0.0,20,0,5
2019-05-10 01,33.85,21.85,31.46,27.54,32.0,1002,3.1,250,0.0,20,0,5
2019-05-10 02,32.93,22.38,31.69,27.92,32.0,1002,3.1,250,0.0,20,0,5
2019-05-10 03,32.95,20.95,31.3,29.9,31.24,1002,3.1,250,0.0,20,0,5
2019-05-10 04,32.9,19.8,30.51,30.4,31.46,1003,3.6,250,0.0,20,0,4
2019-05-10 05,32.8,18.43,30.44,30.0,32.12,1003,3.6,250,0.0,20,0,3
2019-05-10 06,32.35,18.93,29.53,30.0,31.99,1004,4.6,260,0.0,75,0,2
2019-05-10 07,32.42,20.05,30.54,31.0,33.08,1005,4.6,270,0.0,40,0,2
2019-05-10 08,33.2,21.52,32.46,31.2,33.28,1005,4.1,250,0.0,20,0,3
2019-05-10 09,35.38,20.88,34.81,31.2,35.56,1001,3.6,270,0.0,20,0,3
2019-05-10 10,37.32,19.27,37.13,36.11,37.0,1001,4.6,250,0.0,20,0,3
2019-05-10 11,38.93,17.32,39.91,38.0,39.13,1004,4.1,250,0.0,20,0,3
2019-05-10 12,40.5,15.42,39.77,39.0,40.0,1004,5.7,230,0.0,20,0,3
2019-05-10 13,41.73,14.08,44.25,40.0,41.23,1003,1.5,250,0.0,1,0,2
2019-05-10 14,42.32,13.53,41.69,40.6,41.46,1003,4.6,230,0.0,1,0,2
2019-05-10 15,42.45,12.9,43.8,39.64,42.0,1002,2.6,220,0.0,1,0,2
2019-05-10 16,42.43,12.32,43.54,39.2,42.0,1001,2.6,220,0.0,20,0,2
2019-05-10 17,41.25,13.17,42.58,39.2,41.0,1001,2.6,200,0.0,20,0,2
2019-05-10 18,40.0,13.98,42.93,37.22,40.1,997,1.0,190,0.0,40,0,2
2019-05-10 19,36.2,19.25,38.57,33.0,39.0,998,1.0,190,0.0,40,0,2
2019-05-10 20,33.45,26.68,33.12,31.0,34.03,1003,2.6,270,0.0,40,0,3
2019-05-10 21,32.67,27.43,32.97,31.0,32.78,1003,2.6,270,0.0,40,0,4
2019-05-10 22,32.1,28.75,34.06,29.8,31.13,1005,1.0,290,0.0,40,0,3
2019-05-10 23,31.23,30.6,33.32,29.8,30.99,1005,1.0,290,0.0,40,0,3
2019-05-11 00,30.82,31.33,32.8,29.21,30.0,1005,1.0,290,0.0,40,0,5
2019-05-11 01,30.75,30.07,31.26,26.92,30.0,1004,2.53,349,0.0,47,0,5
2019-05-11 02,29.02,33.83,30.73,26.47,29.0,1004,2.06,312,0.0,4,0,4
2019-05-11 03,27.43,37.15,30.6,25.2,29.0,1004,1.72,323,0.0,1,0,3
2019-05-11 04,26.3,39.9,30.75,25.06,29.0,1005,1.5,270,0.0,0,0,3
2019-05-11 05,26.68,39.83,29.25,25.4,28.13,1005,1.5,270,0.0,0,0,3
2019-05-11 06,27.45,39.35,27.09,25.0,28.5,1006,3.09,230,0.0,0,0,3
2019-05-11 07,30.0,36.12,29.5,27.0,30.25,1007,3.1,230,0.0,1,0,3
2019-05-11 08,32.05,32.72,29.45,27.78,30.75,1004,4.1,250,0.0,1,0,4
2019-05-11 09,34.05,30.12,32.74,27.22,33.0,1004,3.1,260,0.0,1,0,5
2019-05-11 10,35.9,26.08,35.27,34.47,35.03,1008,4.6,250,0.0,1,0,5
2019-05-11 11,37.65,21.38,38.19,36.6,37.7,1008,4.1,270,0.0,1,0,5
2019-05-11 12,38.68,19.03,39.06,36.6,38.0,1007,3.1,280,0.0,1,0,4
2019-05-11 13,39.5,17.73,41.72,38.0,39.36,1006,1.5,220,0.0,1,0,3
2019-05-11 14,39.77,17.23,40.71,38.0,39.55,1006,3.1,250,0.0,40,0,2
2019-05-11 15,40.08,16.85,41.22,38.0,40.0,1005,3.1,250,0.0,75,0,2
2019-05-11 16,39.88,16.38,42.57,37.2,40.0,1004,1.5,290,0.0,75,0,2
2019-05-11 17,39.42,17.25,40.69,35.56,39.0,1001,2.1,340,0.0,75,0,2
2019-05-11 18,37.67,20.03,40.7,35.56,38.0,1000,1.5,290,0.0,40,0,2
2019-05-11 19,36.25,21.62,39.28,34.69,36.05,1000,1.5,290,0.0,40,0,2
2019-05-11 20,34.9,24.67,38.19,31.35,35.56,1001,1.0,340,0.0,40,0,3
2019-05-11 21,33.82,27.57,37.44,30.74,35.56,1000,1.0,340,0.0,40,0,4
2019-05-11 22,33.5,29.62,36.49,28.73,35.56,1001,1.5,270,0.0,40,0,5
2019-05-11 23,32.35,32.17,34.65,29.01,32.0,1005,1.5,270,0.0,40,0,5
2019-05-12 00,31.0,35.33,33.24,29.25,30.6,1005,1.5,270,0.0,40,0,5
2019-05-12 01,30.68,36.1,30.61,27.7,29.0,1005,2.81,324,0.0,1,0,5
2019-05-12 02,30.15,36.38,30.89,27.7,29.0,1005,2.37,322,0.0,1,0,5
2019-05-12 03,29.45,37.88,29.34,26.28,28.0,1005,2.82,287,0.0,1,0,5
2019-05-12 04,28.07,42.15,28.16,26.02,28.2,1006,2.6,250,0.0,11,0,5
2019-05-12 05,29.02,38.8,28.65,27.0,28.54,1006,2.6,250,0.0,25,0,5
2019-05-12 06,28.6,39.78,27.43,27.0,29.0,1007,5.14,280,0.0,75,7,5
2019-05-12 07,29.05,39.48,28.6,28.0,29.77,1008,5.1,280,0.0,75,7,5
2019-05-12 08,30.25,37.17,30.7,28.94,31.0,1008,4.1,270,0.0,40,9,5
2019-05-12 09,32.0,32.25,32.69,29.0,33.0,1004,4.1,270,0.0,40,9,5
2019-05-12 10,34.12,27.93,35.15,33.64,34.14,1008,4.1,250,0.0,40,9,5
2019-05-12 11,35.65,25.55,36.94,34.95,35.83,1007,4.1,290,0.0,40,9,5
2019-05-12 12,37.02,23.27,38.55,35.19,37.0,1006,4.1,290,0.0,20,9,5
2019-05-12 13,38.38,21.4,39.07,36.98,37.84,1005,4.6,270,0.0,20,9,4
2019-05-12 14,39.33,18.95,40.03,37.31,39.0,1004,4.1,250,0.0,40,9,4
2019-05-12 15,38.75,18.82,40.99,37.09,39.0,1005,2.6,320,0.0,40,9,3
2019-05-12 16,39.3,18.6,39.51,37.21,38.0,1003,4.1,290,0.0,20,9,2
2019-05-12 17,38.7,18.65,39.87,37.14,38.07,1003,3.6,270,0.0,20,9,3
2019-05-12 18,37.62,19.17,40.86,36.25,37.49,1003,1.0,290,0.0,20,9,3
2019-05-12 19,36.05,22.52,39.39,33.89,37.0,999,1.0,290,0.0,20,9,3
2019-05-12 20,33.65,27.3,39.58,32.6,35.0,999,0.5,270,0.0,20,0,4
2019-05-12 21,31.22,32.17,38.28,32.29,34.44,1000,0.5,270,0.0,20,0,4
2019-05-12 22,30.1,35.1,33.7,28.8,31.0,1005,1.86,272,0.0,21,0,4
2019-05-12 23,30.1,35.33,33.59,28.27,31.0,1004,1.59,245,0.0,24,0,5
2019-05-13 00,31.27,31.55,32.76,27.97,30.0,1004,1.52,243,0.0,15,0,5
2019-05-13 01,30.05,34.55,32.04,27.07,30.0,1004,1.68,274,0.0,1,0,5
2019-05-13 02,28.27,39.7,30.96,26.7,29.0,1003,1.97,303,0.0,1,0,6
2019-05-13 03,27.55,43.67,29.73,24.27,28.0,1003,1.57,318,0.0,1,0,6
2019-05-13 04,28.02,44.48,28.81,24.47,27.0,1004,1.5,340,0.0,17,0,6
2019-05-13 05,28.12,45.03,29.17,25.34,27.0,1004,1.5,340,0.0,3,0,6
2019-05-13 06,27.8,45.65,31.34,26.8,28.58,1004,1.03,250,0.0,0,0,5
2019-05-13 07,29.1,42.55,32.86,27.0,30.72,1005,1.0,250,0.0,1,0,5
2019-05-13 08,31.62,34.88,33.9,29.0,31.32,1005,1.5,230,0.0,1,0,6
2019-05-13 09,33.4,33.73,35.49,30.0,33.0,1006,1.5,250,0.0,1,0,6
2019-05-13 10,35.23,29.93,39.28,34.16,36.2,1002,2.1,40,0.0,1,7,6
2019-05-13 11,37.77,22.83,41.14,36.11,38.0,1002,2.1,20,0.0,1,7,6
2019-05-13 12,39.7,19.27,40.69,36.11,38.02,1001,2.6,40,0.0,20,7,5
2019-05-13 13,40.7,17.88,43.69,39.0,39.88,1004,1.0,340,0.0,40,0,5
2019-05-13 14,40.62,18.07,43.14,39.27,40.19,1002,4.1,250,0.0,40,0,3
2019-05-13 15,40.08,18.95,43.32,37.22,40.0,998,1.71,332,0.0,75,0,3
2019-05-13 16,38.65,20.73,42.36,37.26,39.8,1001,2.6,20,0.0,75,0,3
2019-05-13 17,38.45,21.67,36.85,35.0,37.7,1001,6.2,180,0.0,75,9,3
2019-05-13 18,35.15,26.5,35.86,32.0,39.8,1002,4.1,180,0.0,75,9,3
2019-05-13 19,31.88,31.42,31.96,27.0,35.56,999,4.1,180,0.0,75,9,3
2019-05-13 20,32.3,29.57,31.59,30.0,32.71,1003,4.1,200,0.0,40,0,2
2019-05-13 21,31.9,31.05,29.61,25.0,36.11,999,4.1,200,0.0,40,0,2
2019-05-13 22,28.1,48.5,28.79,25.6,28.62,1006,3.6,320,0.0,75,0,2
2019-05-13 23,26.33,56.75,27.72,25.6,27.65,1007,3.6,320,0.0,75,0,2
2019-05-14 00,26.35,55.08,27.85,25.6,27.88,1006,3.6,320,0.0,75,0,1
2019-05-14 01,26.7,51.62,29.53,25.6,27.48,1005,1.5,250,0.0,40,2,2
2019-05-14 02,25.95,57.2,28.68,25.0,27.09,1005,1.5,250,0.0,40,2,2
2019-05-14 03,25.75,58.55,27.18,24.0,25.6,1005,1.5,250,0.0,40,2,2
2019-05-14 04,25.98,57.62,27.65,24.0,25.2,1005,1.5,320,0.0,40,2,2
2019-05-14 05,25.12,61.43,28.17,24.0,26.61,1005,1.5,320,0.0,40,2,4
2019-05-14 06,24.93,61.45,28.67,24.4,27.0,1005,1.03,180,0.0,75,0,5
2019-05-14 07,26.3,57.25,30.87,26.33,27.0,1005,1.0,180,0.0,75,0,5
2019-05-14 08,28.55,50.62,30.72,26.16,28.0,1006,2.6,20,0.0,75,0,4
2019-05-14 09,29.12,49.42,31.7,26.79,29.0,1006,1.5,240,0.0,75,0,3
2019-05-14 10,30.2,46.17,34.0,29.7,32.4,1007,2.1,280,0.0,40,0,4
2019-05-14 11,32.0,41.17,35.81,32.0,33.0,1007,1.5,50,0.0,1,0,4
2019-05-14 12,33.67,37.1,35.52,32.4,34.0,1003,3.1,320,0.0,1,0,3
2019-05-14 13,34.6,33.45,39.0,34.0,35.92,1006,1.0,280,0.0,1,0,3
2019-05-14 14,36.0,28.17,37.0,34.44,36.46,1001,4.1,250,0.0,1,0,3
2019-05-14 15,36.58,24.82,38.26,34.44,35.8,1001,2.1,260,0.0,1,0,2
2019-05-14 16,36.75,24.42,36.56,34.4,36.06,1000,3.6,270,0.0,1,0,2
2019-05-14 17,36.33,24.98,38.07,34.0,36.14,1000,1.5,360,0.0,1,0,2
2019-05-14 18,35.38,27.17,38.03,34.0,36.39,1000,1.0,360,0.0,1,0,2
2019-05-14 19,33.47,30.9,37.08,33.0,35.0,1000,1.0,360,0.0,1,0,2
2019-05-14 20,31.8,34.4,35.27,31.2,32.19,1004,2.23,32,0.0,15,0,2
2019-05-14 21,30.27,38.47,35.39,31.15,32.03,1005,1.97,39,0.0,22,0,3
2019-05-14 22,28.98,42.17,35.76,27.4,33.33,1000,1.87,51,0.0,4,2,3
2019-05-14 23,29.18,42.52,33.25,27.09,30.0,1005,2.03,67,0.0,2,2,4
2019-05-15 00,27.8,46.83,32.56,26.61,29.0,1005,1.71,78,0.0,2,2,5
2019-05-15 01,27.55,48.23,31.23,24.83,28.0,1005,1.68,80,0.0,1,2,5
2019-05-15 02,27.47,48.22,30.26,24.62,27.0,1005,1.75,77,0.0,3,2,5
2019-05-15 03,27.65,47.55,29.7,23.76,27.0,1005,2.13,92,0.0,8,2,5
2019-05-15 04,28.1,47.12,30.67,24.2,27.0,1005,1.0,200,0.0,40,2,5
2019-05-15 05,27.1,50.5,30.98,24.97,27.0,1005,1.0,200,0.0,40,2,5
2019-05-15 06,27.2,50.6,31.23,25.2,28.0,1006,1.54,110,0.5,90,5,4
2019-05-15 07,28.85,48.7,31.9,27.0,31.0,1007,1.5,110,1.5,90,5,4
2019-05-15 08,28.1,58.45,30.29,22.0,33.33,1006,3.6,320,0.0,90,8,4
2019-05-15 09,22.93,87.55,28.07,22.0,32.22,1007,5.1,330,0.0,90,8,4
2019-05-15 10,22.6,89.6,30.03,23.0,32.78,1006,2.6,20,0.0,75,2,3
2019-05-15 11,24.35,79.72,29.82,25.0,33.28,1010,4.1,20,0.0,75,2,3
2019-05-15 12,27.7,65.1,32.51,29.0,34.18,1008,4.6,30,0.0,75,0,3
2019-05-15 13,30.97,51.33,34.66,31.0,34.88,1007,3.6,50,0.0,20,0,2
2019-05-15 14,32.97,40.5,37.42,33.0,35.77,1007,4.1,70,0.0,40,0,2
2019-05-15 15,34.15,35.82,38.97,34.99,35.99,1006,3.6,70,0.0,40,0,2
2019-05-15 16,34.55,36.4,38.71,33.2,35.81,1001,3.1,70,0.0,40,0,2
2019-05-15 17,34.25,36.25,39.03,33.6,35.0,1001,2.6,70,0.0,20,0,2
2019-05-15 18,33.42,38.42,38.59,33.2,34.87,1001,1.5,50,0.0,20,0,2
2019-05-15 19,31.4,45.73,37.18,32.0,34.0,1005,1.5,50,0.0,20,0,2
2019-05-15 20,29.25,52.9,35.52,29.59,31.0,1005,1.5,50,0.0,40,0,2
2019-05-15 21,28.3,58.48,35.04,29.47,30.0,1005,1.5,50,0.0,40,0,3
2019-05-15 22,29.0,57.48,34.14,28.6,30.5,1006,1.5,20,0.0,40,2,3
2019-05-15 23,28.35,59.02,34.15,28.6,30.36,1006,1.5,20,0.0,40,2,4
2019-05-16 00,27.85,60.3,33.18,28.0,29.6,1006,1.5,20,0.0,40,2,4
2019-05-16 01,26.93,62.0,33.22,26.2,29.02,1005,1.73,346,0.0,40,2,3
2019-05-16 02,27.25,64.08,32.7,26.2,28.46,1005,2.06,357,0.0,40,2,4
2019-05-16 03,26.8,64.78,31.65,25.96,28.0,1006,2.69,313,0.0,40,2,5
2019-05-16 04,25.93,68.45,24.82,25.84,28.0,1007,7.2,250,0.0,40,0,5
2019-05-16 05,25.97,68.7,24.87,26.82,27.59,1008,7.2,280,0.0,40,0,5
2019-05-16 06,26.45,58.65,28.34,26.0,27.41,1008,4.12,20,0.5,90,5,5
2019-05-16 07,26.75,52.42,28.64,26.0,28.15,1008,4.12,20,0.5,90,5,3
2019-05-16 08,25.68,59.35,31.07,25.0,27.92,1008,1.54,70,0.0,75,2,2
2019-05-16 09,27.38,51.02,32.99,26.0,29.11,1009,1.03,230,0.0,75,2,2
2019-05-16 10,29.03,45.97,31.84,31.0,31.58,1009,1.54,60,0.0,40,0,2
2019-05-16 11,31.65,38.62,37.41,32.0,34.57,1003,1.54,160,0.0,75,0,2
2019-05-16 12,33.5,31.9,35.88,32.78,35.0,1003,3.09,140,0.0,40,0,2
2019-05-16 13,36.03,27.43,36.36,35.56,36.85,1007,4.12,190,0.0,40,0,2
2019-05-16 14,34.95,34.85,37.55,36.0,37.1,1007,3.09,220,0.0,40,0,2
2019-05-16 15,35.42,32.33,33.77,35.0,36.11,1000,4.12,300,0.0,75,0,2
2019-05-16 16,35.62,31.45,38.79,33.89,36.53,1006,2.06,320,0.0,40,0,2
2019-05-16 17,35.72,27.23,38.69,33.89,36.6,1001,2.57,270,0.0,20,0,2
2019-05-16 18,34.6,31.0,38.91,33.0,36.05,1001,1.54,340,0.0,20,0,2
2019-05-16 19,32.75,36.28,38.19,32.07,34.25,1001,1.54,340,0.0,20,0,2
2019-05-16 20,31.43,40.1,31.88,30.53,33.89,999,2.57,320,0.0,20,0,2
2019-05-16 21,29.62,46.6,32.46,29.97,33.89,999,1.54,10,0.0,30,0,3
2019-05-16 22,28.88,49.9,31.18,27.93,33.89,999,1.78,98,0.0,18,0,4
2019-05-16 23,27.0,58.2,29.44,26.8,29.0,1007,0.49,46,0.0,30,0,5
2019-05-17 00,26.2,62.77,29.26,26.89,29.0,1007,0.7,315,0.0,30,0,5
2019-05-17 01,26.05,64.33,27.88,25.61,28.0,1007,1.23,296,0.0,20,0,4
2019-05-17 02,25.77,64.92,27.17,25.25,27.0,1006,1.41,296,0.0,20,0,4
2019-05-17 03,25.52,64.42,26.66,24.28,27.0,1007,1.19,287,0.0,40,0,4
2019-05-17 04,26.45,59.4,26.73,24.55,27.0,1007,1.37,275,0.0,20,0,3
2019-05-17 05,26.73,58.33,27.14,26.35,27.54,1007,2.57,250,0.0,20,0,3
2019-05-17 06,28.47,49.25,30.6,26.55,27.49,1008,1.54,20,0.0,75,0,3
2019-05-17 07,27.75,52.27,31.1,27.0,28.4,1008,1.54,20,0.0,75,0,3
2019-05-17 08,27.73,54.0,31.37,27.0,29.27,1008,2.57,270,0.0,40,0,4
2019-05-17 09,30.4,47.75,33.37,29.0,30.0,1008,1.54,260,0.0,20,0,4
2019-05-17 10,32.4,42.95,37.21,30.22,33.89,1003,1.03,20,0.0,20,0,4
2019-05-17 11,34.08,37.65,33.56,31.78,34.0,1002,1.54,200,0.19,7,4,4
2019-05-17 12,35.7,32.58,36.28,32.35,36.0,1001,4.63,250,0.0,20,0,4
2019-05-17 13,36.83,29.32,39.65,34.93,37.0,1001,1.54,60,0.0,40,0,3
2019-05-17 14,37.43,26.88,40.23,33.0,37.56,1000,1.54,110,0.0,75,0,2
2019-05-17 15,35.95,31.15,34.92,30.13,35.0,999,3.6,30,1.53,80,4,2
2019-05-17 16,30.12,41.3,33.82,25.0,35.0,1001,3.6,250,0.23,90,5,2
2019-05-17 17,24.38,77.57,37.84,26.0,35.56,998,1.54,20,0.0,75,2,2
2019-05-17 18,26.78,68.32,36.05,26.0,35.56,998,3.09,80,0.0,75,2,2
2019-05-17 19,25.25,66.45,32.06,26.0,29.86,1005,3.09,80,0.0,75,2,2
2019-05-17 20,25.23,61.27,25.93,25.0,28.16,1006,4.63,50,0.0,40,5,2
2019-05-17 21,25.82,55.4,19.07,24.0,26.76,1008,12.86,220,1.5,75,5,2
2019-05-17 22,21.8,91.93,23.93,21.0,25.13,1008,3.6,340,0.5,75,5,1
2019-05-17 23,21.9,90.7,24.99,21.0,24.84,1007,1.95,218,0.0,75,0,1
2019-05-18 00,22.02,87.78,24.17,21.0,24.92,1006,3.09,240,0.0,75,2,1
2019-05-18 01,22.3,87.65,24.07,21.0,23.96,1006,2.06,270,0.0,75,2,1
2019-05-18 02,22.02,84.35,24.23,21.0,24.1,1006,2.06,270,0.0,75,2,1
2019-05-18 03,22.48,82.0,23.88,21.0,23.77,1006,1.54,320,0.0,40,2,1
2019-05-18 04,21.98,84.38,23.69,21.0,23.5,1006,1.54,250,0.0,40,2,2
2019-05-18 05,22.1,83.25,24.54,22.0,24.57,1007,2.57,280,0.0,40,2,2
2019-05-18 06,22.52,81.25,24.47,22.0,24.21,1007,3.09,340,0.0,40,2,2
2019-05-18 07,23.68,79.1,25.33,23.0,24.89,1008,3.09,340,0.0,40,2,2
2019-05-18 08,25.47,72.6,26.54,24.0,25.05,1008,3.09,340,0.0,40,2,2
2019-05-18 09,27.3,60.6,28.29,25.0,27.0,1009,3.09,320,0.0,40,0,1
2019-05-18 10,28.73,55.65,30.96,27.0,28.18,1009,2.57,330,0.0,12,0,1
2019-05-18 11,29.9,52.05,35.55,29.95,31.67,1000,1.54,320,0.0,20,0,1
2019-05-18 12,31.18,48.48,33.29,30.0,31.03,1008,5.14,300,0.0,20,0,1
2019-05-18 13,32.5,42.62,33.27,31.0,32.64,1001,2.06,320,0.0,20,0,2
2019-05-18 14,33.25,41.28,33.41,31.0,34.07,1001,3.09,290,0.0,40,0,2
2019-05-18 15,34.02,38.53,35.42,32.78,33.98,998,1.54,250,0.0,40,0,2
2019-05-18 16,33.83,41.62,33.6,32.0,34.13,1000,4.12,250,0.0,20,0,2
2019-05-18 17,33.62,39.65,31.43,32.0,34.35,1000,6.17,270,0.0,20,0,2
2019-05-18 18,32.5,40.75,34.39,32.0,34.05,1000,1.54,250,0.0,20,0,2
2019-05-18 19,31.15,46.5,34.31,32.0,33.45,998,1.54,250,0.0,20,0,2
2019-05-18 20,30.22,47.78,31.86,30.0,32.22,999,3.6,290,0.0,21,0,2
2019-05-18 21,29.55,50.77,33.2,29.0,32.22,999,2.06,270,0.0,7,0,2
2019-05-18 22,28.85,55.52,29.91,28.0,29.05,1007,2.57,260,0.0,5,0,2
2019-05-18 23,28.77,53.52,30.26,27.0,28.88,1007,1.67,270,0.0,6,0,2
2019-05-19 00,28.5,52.12,31.4,27.0,31.67,998,2.57,250,0.0,0,0,3
2019-05-19 01,28.35,50.45,28.35,26.0,27.1,1007,2.06,250,0.0,0,0,2
2019-05-19 02,27.67,53.5,27.55,26.0,26.75,1006,2.81,281,0.0,0,0,3
2019-05-19 03,26.95,56.47,26.58,24.76,26.0,1007,2.75,292,0.0,20,0,3
2019-05-19 04,26.45,58.27,26.49,24.82,25.32,1007,2.51,296,0.0,0,0,4
2019-05-19 05,26.25,59.4,26.88,25.0,26.83,1007,2.31,302,0.0,20,0,4
2019-05-19 06,26.23,59.22,28.48,25.0,27.25,1008,1.03,260,0.0,0,0,4
2019-05-19 07,27.55,55.17,31.92,26.0,32.22,1002,1.03,260,0.0,0,0,4
2019-05-19 08,29.75,49.23,31.44,29.0,29.98,1008,1.54,230,0.0,0,0,3
2019-05-19 09,31.88,43.78,30.93,29.85,31.0,1008,3.6,270,0.0,0,0,3
2019-05-19 10,33.78,38.58,32.99,32.65,33.14,1009,4.63,270,0.0,0,0,3
2019-05-19 11,35.17,34.5,34.35,34.0,35.61,1008,4.63,270,0.0,1,0,3
2019-05-19 12,36.4,30.48,36.25,35.0,35.91,1008,2.57,340,0.0,15,0,2
2019-05-19 13,37.38,26.35,34.94,35.0,37.52,1008,4.12,270,0.0,36,0,2
2019-05-19 14,38.45,23.02,34.8,35.56,38.04,1007,4.63,250,0.0,23,0,2
2019-05-19 15,38.8,21.6,35.56,37.0,37.89,1006,4.63,270,0.0,18,0,2
2019-05-19 16,38.07,23.2,35.47,36.67,38.29,1006,4.63,270,0.0,4,0,2
2019-05-19 17,37.55,23.1,35.55,36.67,38.07,1005,4.12,270,0.0,12,0,2
2019-05-19 18,36.6,23.5,35.56,36.0,38.32,1006,3.09,270,0.0,36,0,2
2019-05-19 19,34.83,25.38,33.7,34.6,36.0,1006,3.09,270,0.0,2,0,2
2019-05-19 20,33.28,26.88,32.37,31.11,35.0,1001,2.06,280,0.0,2,0,2
2019-05-19 21,31.25,31.22,31.97,31.38,33.33,999,2.06,280,0.0,5,0,3
2019-05-19 22,29.9,34.38,30.0,29.33,32.0,1008,2.31,318,0.0,4,0,3
2019-05-19 23,28.4,39.83,28.71,28.1,30.0,1009,2.29,315,0.0,4,0,3
2019-05-20 00,27.7,43.27,28.54,27.41,29.0,1009,2.14,316,0.0,2,0,3
2019-05-20 01,26.95,46.17,27.69,26.68,28.0,1008,2.1,323,0.0,0,0,3
2019-05-20 02,27.32,45.25,27.43,26.47,28.0,1008,2.12,335,0.0,0,0,4
2019-05-20 03,25.95,50.12,26.78,24.72,27.0,1008,1.95,353,0.0,1,0,5
2019-05-20 04,24.98,53.0,26.7,24.48,26.0,1008,2.1,270,0.0,6,0,5
2019-05-20 05,24.95,53.68,26.23,24.6,25.86,1008,2.1,270,0.0,16,0,5
2019-05-20 06,26.82,49.48,26.72,24.6,27.42,1008,1.54,230,0.0,39,7,5
2019-05-20 07,28.88,43.8,30.4,26.0,32.78,1005,1.5,230,0.0,1,7,5
2019-05-20 08,31.93,38.1,31.5,29.0,31.69,1009,2.6,250,0.0,1,7,5
2019-05-20 09,34.85,34.12,33.78,30.4,34.0,1005,2.6,250,0.0,1,7,5
2019-05-20 10,36.95,30.38,36.28,35.92,37.0,1009,3.6,240,0.0,1,0,4
2019-05-20 11,38.83,24.75,37.51,37.92,38.67,1009,4.1,250,0.0,1,0,3
2019-05-20 12,39.77,21.2,37.26,38.49,39.08,1008,4.6,270,0.0,1,0,2
2019-05-20 13,40.58,19.57,38.77,39.0,40.6,1007,3.1,270,0.0,40,0,2
2019-05-20 14,40.92,17.4,38.76,40.0,40.86,1007,3.6,340,0.0,40,0,2
2019-05-20 15,40.97,17.62,37.06,39.22,40.6,1006,5.7,270,0.0,20,0,1
2019-05-20 16,40.67,17.48,37.99,37.8,40.0,1005,3.6,260,0.0,40,0,2
2019-05-20 17,40.33,17.15,37.81,37.8,40.0,1005,3.1,290,0.0,20,0,2
2019-05-20 18,39.15,17.02,39.43,37.8,39.31,1005,1.5,300,0.0,40,0,1
2019-05-20 19,37.15,22.6,37.39,35.27,38.0,1002,1.5,300,0.0,40,0,1
2019-05-20 20,35.27,25.02,35.84,32.55,35.0,1006,2.1,250,0.0,20,0,2
2019-05-20 21,34.02,26.45,34.07,31.59,33.0,1006,2.1,250,0.0,20,0,2
2019-05-20 22,33.3,29.23,33.1,29.92,32.0,1007,1.0,250,0.0,20,0,3
2019-05-20 23,31.15,34.65,32.21,29.08,31.0,1006,1.0,250,0.0,20,0,3
2019-05-21 00,31.48,35.45,31.38,28.69,30.4,1006,1.0,250,0.0,20,0,3
2019-05-21 01,30.45,38.8,30.99,27.3,30.0,1006,1.5,250,0.0,20,0,3
2019-05-21 02,29.55,42.1,30.12,26.91,29.0,1006,1.5,250,0.0,20,0,3
2019-05-21 03,30.27,39.58,29.17,25.76,28.0,1005,1.5,250,0.0,20,0,3
2019-05-21 04,29.88,39.85,29.63,26.1,28.0,1006,1.0,230,0.0,20,0,4
2019-05-21 05,28.52,43.12,29.42,26.4,28.21,1006,1.0,230,0.0,20,0,5
2019-05-21 06,29.17,38.8,28.99,26.4,29.01,1007,2.06,260,0.0,40,0,5
2019-05-21 07,30.58,36.3,32.16,28.0,32.78,1004,2.1,260,0.0,40,0,5
2019-05-21 08,32.95,31.3,33.37,30.8,33.0,1004,1.5,340,0.0,40,0,5
2019-05-21 09,34.77,29.05,33.8,30.8,34.0,1004,2.1,240,0.0,40,0,5
2019-05-21 10,37.3,25.2,36.6,35.81,37.0,1008,2.6,220,0.0,40,0,3
2019-05-21 11,39.05,21.88,39.57,38.0,39.04,1007,1.5,270,0.0,20,0,3
2019-05-21 12,40.4,19.52,37.65,38.79,39.33,1007,4.1,300,0.0,20,0,3
2019-05-21 13,41.48,17.05,40.09,40.0,41.28,1006,3.6,340,0.0,40,0,2
2019-05-21 14,41.9,16.73,40.9,40.0,41.41,1006,2.1,270,0.0,40,0,2
2019-05-21 15,42.15,16.18,41.81,40.08,42.0,1005,2.1,290,0.0,40,0,2
2019-05-21 16,42.0,16.2,40.2,39.0,41.0,1004,3.1,220,0.0,75,0,2
2019-05-21 17,41.58,16.42,40.27,39.0,41.0,1004,2.1,250,0.0,75,0,1
2019-05-21 18,40.2,18.1,38.32,38.98,40.25,1004,3.6,250,0.0,75,0,1
2019-05-21 19,38.17,20.78,36.48,35.56,40.0,1001,3.6,250,0.0,75,0,2
2019-05-21 20,36.3,24.77,35.25,34.31,35.5,1005,2.6,230,0.0,40,0,2
2019-05-21 21,35.0,27.22,33.58,33.0,34.6,1005,2.6,230,0.0,40,0,2
2019-05-21 22,33.8,29.88,33.22,30.6,32.2,1005,2.75,244,0.0,40,0,1
2019-05-21 23,32.6,33.8,33.05,30.6,32.0,1005,2.74,249,0.0,40,0,1
2019-05-22 00,30.77,39.17,32.59,30.6,31.61,1005,2.47,265,0.0,40,0,2
2019-05-22 01,31.15,38.72,32.94,29.09,31.0,1005,1.0,250,0.0,20,0,2
2019-05-22 02,31.6,37.85,32.8,28.7,31.0,1004,1.0,250,0.0,20,0,2
2019-05-22 03,30.92,39.75,31.05,27.26,29.6,1004,1.0,250,0.0,20,0,2
2019-05-22 04,29.62,43.45,30.74,27.16,28.93,1004,1.5,250,0.0,20,0,3
2019-05-22 05,28.33,47.75,30.99,27.2,29.54,1004,1.5,250,0.0,20,0,3
2019-05-22 06,28.77,48.03,30.19,27.2,30.0,1005,1.54,230,0.0,75,0,3
2019-05-22 07,30.27,45.4,31.93,29.2,31.8,1006,1.5,230,0.0,75,0,3
2019-05-22 08,31.98,39.98,31.89,29.2,31.8,1006,3.1,250,0.0,75,0,3
2019-05-22 09,33.35,36.8,33.51,31.8,33.89,1002,3.6,250,0.0,75,0,2
2019-05-22 10,33.58,37.17,33.65,33.0,35.26,1006,5.1,230,0.0,75,0,1
2019-05-22 11,35.7,32.6,36.57,33.6,38.07,1006,2.6,270,0.0,75,0,2
2019-05-22 12,37.95,28.4,37.52,33.6,38.52,1005,3.1,230,0.0,75,0,2
2019-05-22 13,39.25,24.0,38.32,34.44,40.6,1001,4.1,260,0.0,75,0,2
2019-05-22 14,38.67,23.68,40.77,37.0,40.6,1004,1.5,270,0.0,75,0,2
2019-05-22 15,38.95,22.02,40.47,37.52,40.6,1003,2.1,270,0.0,75,0,2
2019-05-22 16,39.38,21.75,41.04,35.0,41.0,998,1.0,240,0.0,75,0,2
2019-05-22 17,40.08,21.5,40.38,37.2,40.0,1001,1.5,230,0.0,75,0,1
2019-05-22 18,38.85,23.25,40.0,37.2,38.22,1002,1.0,230,0.0,40,0,1
2019-05-22 19,36.3,29.0,37.9,34.87,38.0,998,1.0,230,0.0,40,0,2
2019-05-22 20,32.4,38.95,38.96,32.1,35.56,999,2.06,266,0.0,40,0,2
2019-05-22 21,31.1,43.45,37.99,31.68,34.44,999,1.89,249,0.0,40,0,2
2019-05-22 22,31.2,44.55,34.69,29.6,32.0,1004,1.78,250,0.0,4,0,3
2019-05-22 23,32.08,39.85,31.58,30.9,31.4,1005,2.02,257,0.0,20,0,3
2019-05-23 00,29.97,45.95,33.34,29.6,31.49,1004,1.99,269,0.0,82,0,2
2019-05-23 01,30.7,43.8,32.89,27.6,30.0,1003,2.05,286,0.0,40,0,2
2019-05-23 02,30.12,46.52,31.89,27.6,29.56,1002,2.1,303,0.0,40,0,3
2019-05-23 03,28.77,49.4,31.77,27.51,29.0,1002,1.68,329,0.0,40,0,3
2019-05-23 04,28.43,49.33,31.46,26.77,29.0,1002,1.0,200,0.0,20,0,4
2019-05-23 05,28.38,48.35,31.21,27.0,29.06,1003,1.0,200,0.0,20,0,4
2019-05-23 06,28.7,47.85,30.11,27.0,29.45,1003,1.54,250,0.0,75,0,4
2019-05-23 07,30.32,45.35,31.83,28.0,31.04,1004,1.5,250,0.0,75,0,5
2019-05-23 08,32.3,40.85,33.94,31.0,33.0,1004,1.5,250,0.0,75,0,5
2019-05-23 09,34.62,34.17,35.33,32.04,35.0,1004,2.1,270,0.0,75,0,5
2019-05-23 10,36.93,28.23,35.97,35.33,37.2,1005,4.6,250,0.0,75,0,4
2019-05-23 11,37.35,27.9,38.34,36.9,38.0,1005,2.6,290,0.0,75,0,4
2019-05-23 12,38.45,25.55,39.26,37.2,39.0,1004,2.6,340,0.0,40,0,4
2019-05-23 13,40.07,23.02,40.69,38.75,40.0,1004,1.5,290,0.0,40,0,4
2019-05-23 14,40.92,22.18,41.89,39.88,40.48,1003,1.0,320,0.0,75,0,4
2019-05-23 15,41.15,21.25,41.8,38.81,40.0,1003,1.5,230,0.0,75,0,3
2019-05-23 16,40.98,21.35,40.11,37.47,40.0,1001,3.1,340,0.0,75,0,3
2019-05-23 17,40.05,22.0,41.13,36.95,39.0,1001,1.0,20,0.0,75,0,3
2019-05-23 18,38.15,27.3,29.71,24.0,38.6,1003,7.7,250,1.5,90,5,3
2019-05-23 19,28.43,67.1,28.27,26.0,37.0,1003,7.7,250,1.5,90,5,3
2019-05-23 20,26.35,78.53,32.16,25.0,30.69,1004,2.6,110,1.5,40,5,2
2019-05-23 21,25.58,81.97,30.74,28.0,30.55,1005,2.68,222,0.0,75,0,2
2019-05-23 22,26.38,81.67,33.89,27.2,29.37,1004,1.0,270,0.0,40,2,2
2019-05-23 23,26.68,82.22,34.02,27.2,29.66,1004,1.0,270,0.0,40,2,2
2019-05-24 00,26.72,75.67,33.99,27.2,29.5,1004,1.0,270,0.0,40,2,2
2019-05-24 01,25.05,84.52,33.28,25.6,27.77,1003,1.0,340,0.0,40,2,2
2019-05-24 02,24.02,98.65,33.24,25.6,27.92,1003,1.0,340,0.0,40,2,1
2019-05-24 03,24.83,95.72,33.05,25.6,27.25,1003,1.0,340,0.0,40,2,1
2019-05-24 04,25.85,84.03,31.14,25.0,27.48,1003,2.7,337,0.0,40,2,4
2019-05-24 05,25.4,83.92,30.87,25.0,28.48,1004,2.43,328,0.0,40,2,5
2019-05-24 06,24.7,90.47,30.71,25.0,28.52,1005,3.09,290,0.0,40,2,5
2019-05-24 07,25.75,86.45,32.27,26.0,29.4,1006,3.1,290,0.0,40,2,5
2019-05-24 08,28.95,62.27,28.55,26.2,29.43,1006,6.2,320,0.0,40,0,5
2019-05-24 09,29.27,57.3,29.34,29.4,30.7,1008,6.2,340,0.0,40,0,3
2019-05-24 10,29.55,56.53,30.82,29.0,32.08,1008,4.6,350,0.0,20,0,2
2019-05-24 11,30.1,52.77,30.11,30.0,33.94,1008,6.7,50,0.0,75,0,1
2019-05-24 12,31.52,45.83,33.06,30.0,34.15,1008,3.1,340,0.0,75,0,1
2019-05-24 13,31.27,46.8,31.43,28.0,35.0,1007,5.1,60,0.0,75,0,1
2019-05-24 14,30.73,47.55,32.26,31.0,34.27,1005,5.1,50,0.0,20,0,1
2019-05-24 15,32.9,42.45,34.77,33.0,35.17,1005,4.1,40,0.0,40,0,1
2019-05-24 16,33.58,42.53,35.13,31.8,35.69,1001,2.6,330,0.0,40,0,1
2019-05-24 17,33.2,45.65,35.81,31.8,35.66,1001,3.6,250,0.0,40,0,1
2019-05-24 18,32.78,46.57,35.71,31.8,35.76,1001,3.1,240,0.0,20,0,1
2019-05-24 19,31.73,46.05,35.18,31.0,35.0,1001,3.1,240,0.0,20,0,1
2019-05-24 20,30.95,48.45,36.29,30.0,35.56,1000,1.0,250,0.0,20,0,1
2019-05-24 21,30.2,50.35,34.84,30.0,32.73,1005,1.0,250,0.0,20,0,2
2019-05-24 22,29.32,53.85,32.53,27.6,30.94,1006,2.1,270,0.0,20,0,2
2019-05-24 23,29.05,56.25,31.34,27.6,30.03,1006,2.1,270,0.0,20,0,2
2019-05-25 00,29.0,57.58,31.13,27.6,29.25,1005,2.1,270,0.0,20,0,2
2019-05-25 01,28.68,59.52,30.77,26.62,27.58,1005,1.0,290,0.0,1,0,2
2019-05-25 02,28.4,60.5,29.99,26.0,27.45,1004,1.0,290,0.0,1,0,2
2019-05-25 03,27.8,62.03,29.51,25.39,27.0,1005,1.0,290,0.0,1,0,2
2019-05-25 04,27.0,65.95,28.46,25.39,26.02,1005,1.5,290,0.0,0,0,2
2019-05-25 05,26.07,65.27,29.13,26.0,27.88,1005,1.5,290,0.0,0,0,2
2019-05-25 06,25.33,60.52,28.13,26.0,27.88,1006,2.06,260,0.0,0,0,2
2019-05-25 07,26.73,53.02,29.34,27.0,29.21,1006,2.1,260,0.0,1,0,2
2019-05-25 08,29.65,45.33,30.15,27.0,30.01,1006,2.1,20,0.0,1,0,2
2019-05-25 09,32.12,40.92,31.36,28.8,32.0,1007,3.6,240,0.0,1,0,2
2019-05-25 10,33.88,37.2,31.69,32.62,34.44,1003,6.2,280,0.0,1,0,2
2019-05-25 11,34.98,33.1,33.56,34.0,35.61,1003,5.1,250,0.0,1,0,2
2019-05-25 12,36.3,27.18,34.77,31.0,36.0,1002,5.1,340,0.0,1,0,2
2019-05-25 13,37.48,23.05,37.14,35.0,37.95,1002,2.1,320,0.0,1,0,1
2019-05-25 14,37.88,22.48,35.97,37.0,38.38,1004,5.1,290,0.0,20,0,1
2019-05-25 15,37.95,23.85,33.69,37.0,37.6,1004,7.2,280,0.0,20,0,1
2019-05-25 16,37.95,24.35,35.65,35.56,37.54,1000,5.1,280,0.0,1,0,1
2019-05-25 17,37.7,24.3,35.48,35.8,37.24,999,4.1,250,0.0,11,0,1
2019-05-25 18,36.8,25.75,35.48,35.8,37.38,999,3.1,260,0.0,1,0,1
2019-05-25 19,35.2,28.68,34.77,35.0,36.11,999,3.1,260,0.0,1,0,1
2019-05-25 20,33.7,33.17,34.49,32.74,34.0,1003,2.1,290,0.0,1,0,1
2019-05-25 21,32.9,35.83,34.44,32.52,34.0,1003,2.1,290,0.0,1,0,2
2019-05-25 22,32.15,37.25,34.61,29.8,33.0,1004,1.0,340,0.0,0,0,2
2019-05-25 23,31.55,38.23,33.6,29.69,32.0,1004,1.0,340,0.0,0,0,2
2019-05-26 00,30.9,38.58,32.94,29.66,31.0,1003,1.0,340,0.0,0,0,2
2019-05-26 01,30.18,39.0,31.63,26.6,31.0,1003,1.0,340,0.0,0,0,2
2019-05-26 02,29.27,40.47,30.64,26.6,30.0,1002,1.0,340,0.0,0,0,2
2019-05-26 03,28.3,42.53,28.74,24.94,28.0,1002,1.0,340,0.0,0,0,3
2019-05-26 04,27.05,47.08,29.0,24.4,28.0,1003,1.0,270,0.0,0,0,3
2019-05-26 05,26.25,50.17,27.39,24.4,27.26,1003,1.0,270,0.0,0,0,2
2019-05-26 06,26.18,50.2,26.73,24.4,27.95,1004,2.06,250,0.0,0,0,3
2019-05-26 07,28.9,43.5,29.23,26.0,30.4,1004,2.1,250,0.0,1,0,3
2019-05-26 08,31.52,37.4,30.22,27.2,30.68,1005,2.6,250,0.0,1,0,3
2019-05-26 09,33.0,33.8,32.16,30.4,34.44,1002,2.6,240,0.0,1,0,3
2019-05-26 10,34.45,31.0,32.68,33.0,34.44,1001,4.1,270,0.0,1,0,3
2019-05-26 11,35.83,29.7,34.82,35.0,36.94,1004,4.6,230,0.0,1,0,2
2019-05-26 12,37.23,25.55,35.92,36.71,37.42,1004,4.1,300,0.0,1,0,2
2019-05-26 13,38.62,21.65,36.9,37.8,39.35,1004,3.6,230,0.0,1,0,1
2019-05-26 14,39.3,18.93,37.1,37.8,39.95,1003,4.1,250,0.0,1,0,1
2019-05-26 15,39.9,19.1,38.2,38.82,40.0,1002,3.1,290,0.0,1,0,1
2019-05-26 16,40.17,18.73,38.47,38.4,40.0,1002,2.6,260,0.0,1,0,1
2019-05-26 17,39.93,18.12,36.61,38.4,39.6,1002,4.6,270,0.0,1,0,1
2019-05-26 18,39.12,18.05,36.93,37.6,39.98,1002,3.6,270,0.0,1,0,1
2019-05-26 19,37.48,20.1,35.39,35.38,38.0,998,3.6,270,0.0,1,0,1
2019-05-26 20,35.47,23.28,37.55,32.6,36.11,998,1.0,290,0.0,12,0,1
2019-05-26 21,34.17,25.42,36.79,32.27,36.11,998,1.0,290,0.0,11,0,2
2019-05-26 22,33.52,26.38,31.2,30.32,35.56,997,3.1,340,0.0,1,0,3
2019-05-26 23,32.38,29.05,30.81,30.04,35.0,997,3.1,320,0.0,1,0,3
2019-05-27 00,30.27,35.4,30.03,30.27,32.0,1003,2.73,341,0.0,1,0,3
2019-05-27 01,28.73,40.17,28.92,28.39,31.0,1003,2.54,352,0.0,1,0,4
2019-05-27 02,28.93,40.95,28.2,26.9,30.0,1002,2.18,351,0.0,1,0,2
2019-05-27 03,28.25,43.48,27.36,26.11,29.0,1002,2.1,280,0.0,1,0,2
2019-05-27 04,29.3,39.75,29.32,26.0,28.0,1002,1.5,270,0.0,20,0,2
2019-05-27 05,28.9,40.88,28.93,26.0,28.11,1002,1.5,270,0.0,20,0,3
2019-05-27 06,28.78,42.88,28.18,26.0,29.63,1003,2.06,240,0.0,2,0,3
2019-05-27 07,30.62,41.05,31.2,29.0,32.72,1004,2.1,240,0.0,1,0,3
2019-05-27 08,32.85,34.88,31.58,31.4,33.27,1004,3.6,230,0.0,1,0,4
2019-05-27 09,35.43,29.98,34.86,32.6,35.0,1001,2.1,280,0.0,1,0,5
2019-05-27 10,38.12,25.48,35.18,35.0,38.4,1004,4.6,280,0.0,1,0,4
2019-05-27 11,39.73,22.75,38.26,38.4,39.99,1004,2.6,250,0.0,1,0,3
2019-05-27 12,40.75,19.88,37.09,38.4,40.21,1004,4.6,280,0.0,1,0,2
2019-05-27 13,42.07,15.4,38.18,40.81,41.7,1003,3.6,300,0.0,20,0,2
2019-05-27 14,42.67,11.93,39.42,41.2,42.12,1002,4.6,270,0.0,40,0,1
2019-05-27 15,42.93,11.85,39.13,40.74,42.0,1002,4.6,270,0.0,40,0,1
2019-05-27 16,42.85,11.68,38.0,39.2,42.0,1001,5.7,270,0.0,40,0,1
2019-05-27 17,42.05,11.55,38.98,39.2,41.59,1001,2.6,290,0.0,20,0,1
2019-05-27 18,40.72,12.45,38.3,39.2,41.42,1001,2.6,290,0.0,1,0,1
2019-05-27 19,38.67,13.9,36.3,36.34,40.0,998,2.6,290,0.0,1,0,1
2019-05-27 20,36.52,16.68,36.45,33.8,37.22,998,2.9,324,0.0,0,0,1
2019-05-27 21,33.88,20.02,35.41,33.62,37.22,998,3.28,335,0.0,0,0,2
2019-05-27 22,33.35,20.4,34.67,28.2,36.11,998,3.2,340,0.0,0,0,2
2019-05-27 23,31.23,24.57,34.07,28.2,36.11,998,2.89,340,0.0,0,0,2
2019-05-28 00,29.73,26.98,32.43,28.2,33.0,1003,2.64,337,0.0,0,0,2
2019-05-28 01,28.38,29.77,33.04,25.8,35.56,997,2.47,336,0.0,0,0,3
2019-05-28 02,29.62,25.23,29.88,25.8,31.0,1002,2.33,334,0.0,0,0,3
2019-05-28 03,29.62,24.53,28.41,25.8,29.0,1002,2.36,325,0.0,0,0,3
2019-05-28 04,28.07,27.8,27.24,23.8,27.0,1002,1.5,250,0.0,0,0,3
2019-05-28 05,27.07,31.43,26.77,23.8,27.27,1002,1.5,250,0.0,0,0,2
2019-05-28 06,28.2,29.73,25.24,23.8,28.61,1003,3.09,250,0.0,0,0,2
2019-05-28 07,31.1,26.43,30.15,27.0,35.56,1000,3.1,250,0.0,1,0,3
2019-05-28 08,33.7,22.48,31.18,32.0,33.34,1004,2.6,230,0.0,1,0,4
2019-05-28 09,36.25,19.73,34.0,32.0,36.0,1001,2.6,310,0.0,1,0,3
2019-05-28 10,38.88,15.42,36.23,36.38,39.0,1004,3.1,290,0.0,1,0,3
2019-05-28 11,40.62,12.65,36.49,39.0,40.3,1004,4.6,270,0.0,0,0,2
2019-05-28 12,41.48,9.85,36.54,39.0,40.46,1003,4.6,270,0.0,0,0,1
2019-05-28 13,42.35,9.4,37.65,41.0,42.0,1002,5.1,270,0.0,0,0,5
2019-05-28 14,43.03,9.62,38.27,41.4,42.25,1002,5.1,270,0.0,0,0,4
2019-05-28 15,43.45,9.9,36.83,41.27,43.0,1002,7.7,250,0.0,1,0,1
2019-05-28 16,43.22,10.88,37.76,40.8,42.09,1001,6.7,300,0.0,1,0,1
2019-05-28 17,42.77,10.77,39.88,39.8,42.0,1001,3.6,270,0.0,1,0,1
2019-05-28 18,41.38,11.62,39.49,39.8,41.2,1001,3.1,290,0.0,1,0,1
2019-05-28 19,39.22,13.72,37.96,37.22,40.0,997,3.1,290,0.0,1,0,1
2019-05-28 20,37.03,16.95,33.77,34.14,38.0,995,3.1,300,0.0,1,0,1
2019-05-28 21,35.45,20.6,33.97,33.55,37.0,1002,2.1,300,0.0,1,0,2
2019-05-28 22,33.35,25.45,36.43,29.8,36.67,997,1.5,270,0.0,0,0,3
2019-05-28 23,32.05,27.97,35.11,29.8,36.67,996,1.5,270,0.0,0,0,3
2019-05-29 00,32.22,26.3,33.23,29.8,33.0,1001,1.5,270,0.0,0,0,3
2019-05-29 01,32.15,23.93,34.75,26.8,36.67,996,1.0,250,0.0,0,0,3
2019-05-29 02,32.58,20.8,31.25,26.8,31.0,1000,1.0,250,0.0,0,0,3
2019-05-29 03,30.15,25.05,30.4,26.43,30.0,1000,1.0,250,0.0,0,0,3
2019-05-29 04,29.92,24.83,29.34,25.6,29.0,1000,1.0,230,0.0,0,0,3
2019-05-29 05,28.62,29.6,29.77,25.6,30.0,1001,1.0,230,0.0,0,0,3
2019-05-29 06,29.32,30.1,28.42,28.0,30.0,1003,2.6,250,0.0,1,0,3
2019-05-29 07,31.9,29.85,30.85,30.0,33.57,1002,2.6,250,0.0,1,0,3
2019-05-29 08,34.62,26.1,32.59,31.4,34.19,1003,3.1,250,0.0,1,0,4
2019-05-29 09,37.38,22.28,34.35,32.8,37.0,999,3.6,250,0.0,1,0,5
2019-05-29 10,39.8,19.88,37.99,37.99,39.03,1003,3.6,340,0.0,1,0,4
2019-05-29 11,41.33,17.8,40.04,40.0,41.54,1003,2.6,290,0.0,1,0,3
2019-05-29 12,42.53,14.68,40.83,40.4,42.0,1002,2.1,230,0.0,1,0,2
2019-05-29 13,43.2,14.45,41.38,42.0,43.61,1001,3.6,250,0.0,1,0,2
2019-05-29 14,43.97,13.32,42.58,42.8,44.0,1001,4.1,250,0.0,1,0,2
2019-05-29 15,44.53,11.7,41.57,42.45,44.0,1000,4.6,250,0.0,1,0,2
2019-05-29 16,44.23,12.3,41.42,42.31,43.11,999,4.1,290,0.0,1,0,1
2019-05-29 17,43.6,12.95,40.29,42.24,43.25,999,5.1,230,0.0,73,0,1
2019-05-29 18,42.45,14.28,40.72,41.0,43.17,999,3.1,250,0.0,1,0,2
2019-05-29 19,40.25,16.68,39.11,36.96,41.0,999,3.1,250,0.0,1,0,2
2019-05-29 20,37.8,20.52,42.54,34.4,39.0,999,3.15,285,0.0,1,0,2
2019-05-29 21,34.82,26.17,42.48,34.4,39.0,995,2.97,289,0.0,0,0,3
2019-05-29 22,33.57,28.05,39.25,30.4,38.0,995,2.83,299,0.0,1,0,4
2019-05-29 23,32.33,30.82,37.16,30.4,36.0,1000,2.68,311,0.0,1,0,5
2019-05-30 00,31.4,33.92,35.02,30.4,34.0,1000,2.9,313,0.0,0,0,5
2019-05-30 01,30.55,38.17,34.69,28.37,34.0,1000,2.71,295,0.0,0,0,5
2019-05-30 02,30.38,40.5,34.81,28.15,34.0,999,2.26,263,0.0,0,0,5
2019-05-30 03,30.32,40.02,33.25,27.55,32.0,999,2.12,271,0.0,0,0,5
2019-05-30 04,29.85,39.42,31.72,27.7,31.0,1000,1.5,250,0.0,20,0,4
2019-05-30 05,29.52,41.35,31.16,28.0,30.0,1000,1.5,250,0.0,20,0,5
2019-05-30 06,30.25,38.42,31.81,28.0,31.0,1000,1.84,295,0.0,0,0,5
2019-05-30 07,32.47,35.15,35.11,30.0,34.0,1001,1.34,310,0.0,1,0,4
2019-05-30 08,37.1,26.58,37.19,34.0,36.0,1001,1.5,270,0.0,1,0,4
2019-05-30 09,39.85,19.97,37.28,34.0,38.0,998,2.6,260,0.0,1,0,4
2019-05-30 10,41.67,16.93,39.32,39.5,40.0,1002,2.1,250,0.0,1,0,3
2019-05-30 11,43.05,15.35,40.35,42.0,42.81,1001,4.1,250,0.0,1,0,3
2019-05-30 12,44.23,14.07,40.91,42.24,45.0,1001,4.6,250,0.0,1,0,2
2019-05-30 13,45.45,12.52,42.99,44.0,45.08,1000,3.6,260,0.0,1,0,2
2019-05-30 14,46.22,10.75,41.1,44.0,45.38,999,4.6,250,0.0,20,0,2
2019-05-30 15,46.27,9.47,43.04,43.95,45.0,998,4.1,290,0.0,20,0,2
2019-05-30 16,46.05,9.23,42.85,44.0,45.0,997,3.1,340,0.0,20,0,1
2019-05-30 17,45.1,9.85,43.28,43.0,45.0,997,2.1,290,0.0,20,0,2
2019-05-30 18,43.8,11.32,42.98,41.0,44.2,997,1.5,260,0.0,1,0,2
2019-05-30 19,41.3,13.8,41.45,39.24,42.0,998,1.5,260,0.0,1,0,2
2019-05-30 20,37.58,19.15,34.64,34.62,39.0,998,3.19,308,0.0,1,0,2
2019-05-30 21,34.17,26.85,33.36,33.3,37.0,999,2.84,272,0.0,1,0,3
2019-05-30 22,33.0,29.38,36.57,30.4,36.0,999,2.49,261,0.0,5,0,3
2019-05-30 23,33.05,27.28,35.52,30.4,35.0,999,2.38,273,0.0,14,0,4
2019-05-31 00,31.6,31.18,35.58,30.4,35.0,999,2.48,283,0.0,1,0,4
2019-05-31 01,34.1,25.3,35.27,28.6,33.0,999,1.0,230,0.0,0,0,4
2019-05-31 02,35.02,22.0,34.26,28.6,32.0,999,1.0,230,0.0,0,0,3
2019-05-31 03,33.95,23.65,33.7,28.6,31.43,999,1.0,230,0.0,0,0,3
2019-05-31 04,33.35,25.15,29.51,29.15,32.0,999,3.1,250,0.0,20,0,3
2019-05-31 05,33.35,24.93,29.86,30.18,32.47,999,3.1,250,0.0,20,0,3
2019-05-31 06,33.08,25.92,30.66,30.0,33.0,1000,2.57,290,0.0,0,0,3
2019-05-31 07,34.6,24.25,33.07,33.0,35.71,1001,2.6,290,0.0,1,0,3
2019-05-31 08,36.2,23.45,34.7,33.0,36.67,998,2.6,250,0.0,20,0,3
2019-05-31 09,37.95,22.4,35.84,33.0,38.0,1002,2.6,260,0.0,20,0,3
2019-05-31 10,39.35,21.5,40.55,37.48,40.0,1002,1.0,340,0.0,1,0,4
2019-05-31 11,40.93,20.77,41.38,40.0,42.16,1001,3.1,20,0.0,20,0,4
2019-05-31 12,41.95,20.5,43.71,40.78,43.0,1001,2.6,20,0.0,1,0,4
2019-05-31 13,43.25,18.5,45.31,42.0,44.39,1000,1.5,120,0.0,40,0,4
2019-05-31 14,44.25,16.55,46.31,43.0,46.0,1000,1.5,340,0.0,40,0,3
2019-05-31 15,44.73,15.5,45.32,40.8,46.0,999,2.1,20,0.0,20,0,3
2019-05-31 16,44.38,16.05,43.12,43.47,46.0,998,3.6,250,0.0,40,0,3
2019-05-31 17,43.85,16.75,43.74,43.0,45.56,998,3.1,270,0.0,20,0,3
2019-05-31 18,42.8,17.52,43.14,40.0,44.6,998,1.0,20,0.0,20,0,3
2019-05-31 19,40.47,20.93,40.84,37.15,41.0,999,1.0,20,0.0,20,0,3
2019-05-31 20,36.65,28.45,41.12,35.2,39.0,999,2.22,130,0.0,20,0,3
2019-05-31 21,34.83,30.8,39.96,35.02,38.0,1000,2.46,168,0.0,20,0,4
2019-05-31 22,32.88,35.42,39.53,31.4,38.0,1000,2.81,196,0.0,0,0,4
2019-05-31 23,32.62,37.38,38.31,31.4,37.0,1000,2.99,216,0.0,0,0,4
2019-06-01 00,31.75,38.77,38.48,31.4,37.22,995,3.17,230,0.0,0,0,4
2019-06-01 01,31.15,40.92,31.07,31.61,34.0,1000,3.27,240,0.0,1,0,4
2019-06-01 02,32.22,36.3,31.08,31.4,34.0,1000,3.07,250,0.0,1,0,4
2019-06-01 03,33.45,30.18,33.0,30.38,37.22,994,2.12,244,0.0,1,0,4
2019-06-01 04,31.38,37.65,34.75,27.67,33.0,1000,0.64,2,0.0,6,0,4
2019-06-01 05,30.35,46.38,33.47,27.98,32.0,1000,1.62,51,0.0,0,0,5
2019-06-01 06,30.73,52.6,33.29,28.8,32.02,1001,1.03,130,0.0,20,0,5
2019-06-01 07,32.05,52.1,37.05,31.0,36.67,998,1.0,130,0.0,20,0,5
2019-06-01 08,32.9,52.67,37.32,31.4,37.22,998,3.1,70,0.0,1,0,5
2019-06-01 09,34.17,50.17,40.11,34.0,38.0,999,2.1,60,0.0,1,0,5
2019-06-01 10,36.23,44.17,43.26,36.66,40.0,1002,2.1,60,0.0,1,0,5
2019-06-01 11,38.0,37.27,43.7,38.74,41.67,1002,2.1,50,0.0,1,0,4
2019-06-01 12,39.67,32.4,43.56,39.19,42.0,1002,2.1,50,0.0,1,0,4
2019-06-01 13,40.78,29.17,45.48,41.35,43.33,1001,1.5,50,0.0,1,9,4
2019-06-01 14,42.0,26.58,46.01,41.75,44.0,999,2.1,70,0.0,8,9,3
2019-06-01 15,42.83,25.68,45.87,41.55,44.0,998,3.1,70,0.0,20,9,3
2019-06-01 16,43.02,25.1,45.58,41.6,44.0,998,3.6,50,0.0,20,9,3
2019-06-01 17,41.92,28.8,47.45,39.8,44.0,997,1.5,90,0.0,1,9,3
2019-06-01 18,40.42,31.52,45.55,40.06,44.0,997,3.1,50,0.0,1,9,3
2019-06-01 19,39.12,34.8,43.19,37.92,41.0,998,3.1,50,0.0,1,9,3
2019-06-01 20,38.33,37.6,42.44,35.57,38.0,999,2.1,70,0.0,20,0,3
2019-06-01 21,37.5,39.95,41.17,34.24,37.0,999,2.1,70,0.0,20,0,3
2019-06-01 22,36.93,40.75,39.49,32.12,37.0,1000,2.6,70,0.0,20,0,3
2019-06-01 23,35.83,45.52,37.71,31.11,36.0,995,2.6,70,0.0,20,0,4
2019-06-02 00,34.55,52.2,38.06,32.38,35.0,1000,2.6,70,0.0,20,0,4
2019-06-02 01,33.88,53.7,37.92,30.43,35.56,994,2.1,90,0.0,40,0,3
2019-06-02 02,33.42,54.2,36.63,30.73,34.0,999,2.1,90,0.0,40,0,3
2019-06-02 03,33.52,52.85,36.63,29.75,34.44,994,2.1,90,0.0,40,0,3
2019-06-02 04,32.77,56.72,35.38,30.06,32.0,1000,2.6,90,0.0,40,0,2
2019-06-02 05,32.4,58.48,35.95,31.63,32.02,1000,2.6,90,0.0,40,0,2
2019-06-02 06,32.77,55.7,36.06,31.72,33.0,1001,2.06,70,0.0,40,1,2
2019-06-02 07,32.35,58.88,36.37,31.4,33.4,1002,3.1,90,0.0,40,0,3
2019-06-02 08,32.72,59.12,38.1,31.4,34.0,1002,2.1,110,0.0,1,0,3
2019-06-02 09,34.3,53.35,37.25,32.82,35.0,1002,4.1,90,0.0,1,0,3
2019-06-02 10,35.8,48.1,40.69,35.16,37.0,1002,2.1,130,0.0,1,0,3
2019-06-02 11,37.27,43.57,42.97,37.76,39.0,1002,2.1,90,0.0,1,0,3
2019-06-02 12,38.72,39.77,43.2,38.13,40.0,1002,2.1,80,0.0,1,0,3
2019-06-02 13,40.17,35.28,44.14,40.0,41.35,1001,2.6,40,0.0,1,0,3
2019-06-02 14,41.4,31.85,45.37,40.54,42.0,1000,2.1,70,0.0,1,0,2
2019-06-02 15,42.3,29.3,44.4,40.44,43.0,999,2.1,70,0.0,1,0,2
2019-06-02 16,42.48,29.1,44.68,40.25,44.0,998,1.5,20,0.0,1,0,3
2019-06-02 17,41.62,32.2,44.84,39.43,43.0,998,1.0,70,0.0,1,0,3
2019-06-02 18,40.17,37.73,43.86,39.73,42.0,998,2.1,60,0.0,1,0,3
2019-06-02 19,38.62,42.02,42.07,37.84,40.0,998,2.1,60,0.0,1,0,3
2019-06-02 20,37.35,45.6,41.99,35.89,38.0,999,2.1,340,0.0,5,3,3
2019-06-02 21,36.65,48.17,41.23,36.06,37.0,999,2.1,340,0.0,1,3,3
2019-06-02 22,36.05,49.5,39.23,34.02,36.0,1000,4.1,90,0.0,2,3,3
2019-06-02 23,35.23,52.02,38.31,33.53,35.0,999,4.1,90,0.0,0,3,3
2019-06-03 00,34.8,52.45,37.26,32.83,34.6,999,4.1,90,0.0,0,3,3
2019-06-03 01,33.98,54.9,36.51,31.28,33.5,999,2.6,140,0.0,1,3,3
2019-06-03 02,33.23,56.38,36.47,31.11,33.5,999,2.6,140,0.0,1,3,3
2019-06-03 03,32.48,54.55,36.79,29.35,36.11,994,2.6,140,0.0,1,3,3
2019-06-03 04,31.52,56.4,34.86,29.7,33.0,1000,3.1,90,0.0,0,0,3
2019-06-03 05,30.93,53.95,34.4,30.55,32.0,1000,3.1,90,0.0,0,0,3
2019-06-03 06,30.48,49.77,32.76,30.6,31.63,1001,4.12,140,0.0,0,0,3
2019-06-03 07,30.48,51.42,33.09,30.6,33.4,1002,4.1,140,0.0,1,0,3
2019-06-03 08,31.5,51.65,36.25,30.6,33.4,1003,4.1,70,0.0,1,0,3
2019-06-03 09,33.23,49.77,35.92,30.6,36.0,1004,3.6,160,0.0,1,0,3
2019-06-03 10,34.73,47.55,38.66,33.8,36.0,1003,2.6,90,0.0,0,0,3
2019-06-03 11,35.85,44.67,39.03,35.9,37.46,1003,5.1,90,0.0,1,0,2
2019-06-03 12,37.15,40.98,40.62,36.13,38.0,1003,4.1,140,0.0,1,9,2
2019-06-03 13,38.0,36.55,42.15,38.14,39.97,1002,3.6,130,0.0,1,9,2
2019-06-03 14,38.97,33.78,43.72,38.56,40.44,1001,2.6,160,0.0,1,9,2
2019-06-03 15,39.3,33.55,43.07,38.79,41.0,1000,3.1,80,0.0,1,9,2
2019-06-03 16,39.45,32.7,42.05,38.44,42.6,999,4.6,140,0.0,1,9,2
2019-06-03 17,39.0,33.65,42.69,38.41,42.6,999,3.6,90,0.0,20,9,2
2019-06-03 18,38.27,34.7,40.67,38.0,39.07,999,4.1,110,0.0,20,0,2
2019-06-03 19,37.2,36.95,38.34,36.87,39.0,999,4.6,110,0.0,1,9,2
2019-06-03 20,35.83,38.75,37.37,35.0,36.58,999,3.1,360,0.0,1,0,2
2019-06-03 21,34.55,40.98,37.17,34.84,35.95,1000,3.1,360,0.0,1,0,2
2019-06-03 22,33.5,44.98,35.74,33.0,34.31,1000,3.6,70,0.0,0,0,2
2019-06-03 23,33.0,46.15,34.9,32.76,34.16,1000,3.6,70,0.0,0,0,2
2019-06-04 00,32.25,48.12,34.52,32.0,34.44,996,3.6,70,0.0,0,0,2
2019-06-04 01,31.75,48.7,33.39,30.47,32.0,1000,3.6,70,0.0,0,0,2
2019-06-04 02,31.65,48.42,32.56,30.16,31.54,1000,3.6,70,0.0,0,0,2
2019-06-04 03,31.1,51.25,31.95,28.53,31.4,1001,3.6,70,0.0,3,0,2
2019-06-04 04,30.02,55.17,32.43,28.64,31.0,1002,3.1,90,0.0,20,0,2
2019-06-04 05,29.8,56.75,32.33,29.8,31.39,1002,3.1,90,0.0,20,0,2
2019-06-04 06,29.38,58.6,32.76,29.8,32.0,1002,3.1,90,0.0,20,0,2
2019-06-04 07,29.92,56.33,32.99,31.0,32.0,1003,3.6,90,0.0,40,0,2
2019-06-04 08,31.3,51.98,33.84,31.33,32.0,1003,3.1,90,0.0,75,0,2
2019-06-04 09,33.2,47.23,35.84,31.6,34.0,1003,2.6,70,0.0,75,0,2
2019-06-04 10,34.5,44.3,38.05,34.38,36.0,1003,3.1,90,0.0,40,0,2
2019-06-04 11,36.3,40.27,40.95,36.92,38.0,1003,2.1,50,0.0,40,0,2
2019-06-04 12,38.12,36.5,41.97,37.22,39.0,998,1.5,70,0.0,20,0,2
2019-06-04 13,39.12,34.77,41.32,37.0,40.28,998,4.1,80,0.0,20,0,2
2019-06-04 14,40.0,32.83,42.05,37.0,41.0,997,4.6,90,0.0,20,0,2
2019-06-04 15,40.85,30.7,44.74,39.94,41.0,1000,2.6,90,0.0,20,0,2
2019-06-04 16,41.02,29.08,45.68,40.25,42.6,999,1.5,50,0.0,20,0,2
2019-06-04 17,41.05,29.22,45.55,40.28,42.6,999,1.0,70,0.0,75,0,2
2019-06-04 18,40.5,30.05,44.56,39.53,42.6,999,1.0,90,0.0,75,0,2
2019-06-04 19,38.83,34.93,42.92,37.97,41.03,999,1.0,90,0.0,75,0,2
2019-06-04 20,36.75,43.12,39.34,36.01,38.76,1001,2.6,100,0.0,40,0,2
2019-06-04 21,35.67,45.3,38.17,34.36,37.22,994,2.6,100,0.0,40,0,2
2019-06-04 22,34.83,47.05,40.23,32.58,37.22,995,1.5,90,0.0,0,0,3
2019-06-04 23,34.65,46.32,38.52,32.49,35.0,1000,1.5,90,0.0,0,0,3
2019-06-05 00,33.98,47.95,37.68,31.57,34.01,1000,1.5,90,0.0,0,0,3
2019-06-05 01,33.3,50.92,37.56,30.07,33.0,1000,1.0,70,0.0,0,0,3
2019-06-05 02,32.95,51.7,37.38,30.09,33.0,999,1.0,70,0.0,1,0,4
2019-06-05 03,32.55,52.02,36.28,29.01,32.0,999,1.0,70,0.0,10,0,4
2019-06-05 04,32.4,51.7,34.35,28.91,31.0,1000,1.5,90,0.0,40,0,3
2019-06-05 05,32.1,52.2,35.0,30.8,32.07,1000,1.5,90,0.0,40,0,2
2019-06-05 06,31.85,53.4,35.22,31.0,32.69,1001,1.54,70,0.0,40,0,2
2019-06-05 07,32.57,52.7,37.42,32.0,34.48,1002,1.5,70,0.0,40,0,3
2019-06-05 08,34.1,48.0,38.15,32.6,34.86,1002,1.0,70,0.0,20,0,3
2019-06-05 09,35.88,44.38,38.37,32.6,38.0,999,3.6,70,0.0,20,0,3
2019-06-05 10,37.55,39.83,41.15,37.01,39.0,1003,3.6,90,0.0,20,0,3
2019-06-05 11,39.4,35.73,43.05,38.2,40.27,1003,2.6,70,0.0,20,0,3
2019-06-05 12,40.28,33.3,44.29,38.2,42.0,1002,2.6,30,0.0,20,0,2
2019-06-05 13,41.52,30.65,46.48,40.6,43.0,1001,1.5,90,0.0,20,0,2
2019-06-05 14,42.72,27.4,46.84,42.0,43.16,1000,1.5,340,0.0,20,0,2
2019-06-05 15,43.52,23.88,45.05,40.6,43.0,1000,2.6,50,0.0,20,0,2
2019-06-05 16,43.6,20.23,44.26,40.6,42.31,999,1.5,70,0.0,20,0,2
2019-06-05 17,42.23,20.95,44.22,38.86,43.6,999,1.0,50,0.0,75,0,2
2019-06-05 18,41.05,25.98,43.28,39.25,41.0,999,1.0,50,0.0,75,0,2
2019-06-05 19,39.67,29.48,43.53,37.2,40.0,999,2.1,180,0.0,40,0,2
2019-06-05 20,37.48,33.02,41.43,33.99,39.0,999,2.1,180,0.0,40,0,2
2019-06-05 21,35.52,36.65,39.63,33.28,37.2,1000,2.1,180,0.0,40,0,3
2019-06-05 22,35.2,37.07,37.5,31.57,37.0,1000,2.6,200,0.0,40,0,3
2019-06-05 23,34.15,40.3,36.77,31.57,36.0,1000,2.6,200,0.0,40,0,3
2019-06-06 00,35.75,36.72,36.04,31.69,35.0,999,2.6,200,0.0,40,0,3
2019-06-06 01,34.97,38.08,36.79,31.22,35.0,999,2.67,238,0.0,20,0,3
2019-06-06 02,33.47,41.1,35.96,30.86,34.0,999,2.62,239,0.0,20,0,2
2019-06-06 03,32.17,45.23,36.22,30.24,34.0,999,2.3,244,0.0,20,0,3
2019-06-06 04,31.45,48.97,36.73,29.8,33.0,999,1.71,263,0.0,40,0,3
2019-06-06 05,30.73,50.5,36.97,29.8,34.33,1000,1.43,318,0.0,40,0,3
2019-06-06 06,31.3,51.6,36.87,29.8,33.75,1001,1.23,72,0.0,40,0,3
2019-06-06 07,33.97,45.72,37.26,33.69,35.31,1002,2.75,94,0.0,75,0,3
2019-06-06 08,36.2,37.67,37.59,33.8,36.0,1002,3.6,95,0.0,75,0,4
2019-06-06 09,38.08,30.4,40.49,33.8,38.0,999,1.5,230,0.0,75,0,5
2019-06-06 10,40.82,24.27,40.56,36.55,40.0,1002,3.64,103,0.0,40,0,4
2019-06-06 11,41.32,22.7,41.7,37.2,41.67,1002,2.1,20,0.0,20,0,3
2019-06-06 12,42.95,20.68,44.26,39.64,43.0,1002,1.0,20,0.0,20,0,3
2019-06-06 13,43.8,19.82,43.75,41.61,43.4,1002,2.1,70,0.0,20,0,3
2019-06-06 14,43.72,21.12,43.92,39.59,43.39,1001,2.6,50,0.0,40,0,2
2019-06-06 15,43.88,20.88,43.08,40.2,44.0,999,2.6,240,0.0,40,0,2
2019-06-06 16,43.9,18.5,43.75,38.72,44.0,999,2.1,260,0.0,40,0,3
2019-06-06 17,44.55,14.2,40.03,34.5,43.0,999,3.6,270,0.0,40,0,3
2019-06-06 18,40.83,27.12,39.38,33.28,43.0,1000,2.6,290,0.0,40,0,3
2019-06-06 19,36.6,43.1,36.11,32.14,42.78,1000,2.6,290,0.0,40,0,3
2019-06-06 20,34.08,40.67,33.1,30.06,34.0,1002,3.1,50,0.0,40,0,3
2019-06-06 21,32.3,40.02,32.37,29.92,33.8,1002,3.1,50,0.0,40,0,2
2019-06-06 22,31.52,43.12,32.87,28.59,32.0,1003,2.6,90,0.0,40,0,2
2019-06-06 23,30.38,49.43,32.1,28.41,31.2,1003,2.6,90,0.0,40,0,2
2019-06-07 00,30.1,49.95,31.33,28.07,31.2,1003,2.6,90,0.0,40,0,2
2019-06-07 01,29.4,50.92,29.18,26.67,29.8,1003,3.1,110,0.0,0,0,2
2019-06-07 02,29.52,49.5,29.22,26.75,29.8,1003,3.1,110,0.0,0,0,2
2019-06-07 03,29.23,49.62,28.55,24.88,29.8,1004,3.1,110,0.0,1,0,2
2019-06-07 04,28.8,50.35,30.34,25.62,28.0,1004,1.0,50,0.0,2,0,1
2019-06-07 05,28.3,52.33,30.81,27.14,28.12,1004,1.0,50,0.0,0,0,1
2019-06-07 06,28.27,53.2,29.77,27.2,29.0,1005,1.54,120,0.0,0,0,1
2019-06-07 07,29.65,49.47,31.25,28.2,31.0,1005,1.5,120,0.0,1,0,2
2019-06-07 08,31.9,43.38,32.75,28.2,32.0,1005,2.1,70,0.0,1,0,2
2019-06-07 09,33.45,41.25,35.86,28.2,36.67,1002,1.5,50,0.0,1,0,2
2019-06-07 10,35.02,38.67,37.95,33.52,36.0,1006,2.6,90,0.0,1,0,2
2019-06-07 11,35.62,40.47,39.41,35.84,37.0,1005,2.6,90,0.0,1,0,3
2019-06-07 12,36.58,39.23,41.88,36.46,39.0,1001,1.0,90,0.0,1,0,3
2019-06-07 13,38.02,36.58,43.02,38.39,40.0,1004,1.5,260,0.0,1,0,3
2019-06-07 14,39.83,32.88,42.21,38.99,40.11,1003,3.1,340,0.0,20,0,3
2019-06-07 15,39.8,33.28,42.84,39.14,41.0,1003,3.1,30,0.0,20,0,3
2019-06-07 16,39.62,32.85,42.74,39.04,40.6,1002,2.6,50,0.0,20,0,3
2019-06-07 17,39.17,32.45,41.02,36.8,40.6,1002,3.1,20,0.0,20,0,3
2019-06-07 18,38.33,34.58,41.65,36.8,40.6,1002,2.1,20,0.0,20,0,2
2019-06-07 19,37.12,40.98,40.31,36.52,38.21,1002,2.1,20,0.0,20,0,2
2019-06-07 20,36.03,43.17,40.43,33.81,36.0,1003,1.0,20,0.0,1,0,2
2019-06-07 21,35.05,50.35,39.2,32.36,35.0,1003,1.0,20,0.0,0,0,2
2019-06-07 22,34.33,54.02,38.26,30.82,34.0,1003,1.5,110,0.0,0,0,3
2019-06-07 23,33.45,56.62,38.66,31.54,34.0,1004,1.5,110,0.0,0,0,3
2019-06-08 00,33.1,56.6,38.16,32.6,33.09,1004,1.5,110,0.0,0,0,3
2019-06-08 01,31.93,60.8,36.69,30.43,32.0,1003,1.98,177,0.0,0,0,3
2019-06-08 02,31.38,63.9,36.13,29.27,32.0,1003,1.95,188,0.0,0,0,3
2019-06-08 03,30.88,64.43,34.53,27.66,31.8,1003,2.18,185,0.0,0,0,3
2019-06-08 04,30.62,60.58,35.03,27.2,31.0,1003,1.0,180,0.0,0,0,2
2019-06-08 05,30.07,61.88,36.43,29.0,32.0,1003,1.0,180,0.0,0,0,2
2019-06-08 06,30.1,65.2,34.64,30.38,32.0,1004,2.1,160,0.0,1,0,2
2019-06-08 07,32.67,57.55,37.37,31.8,34.4,1005,2.1,180,0.0,1,0,3
2019-06-08 08,35.0,50.47,38.39,31.8,35.0,1004,2.1,180,0.0,1,0,3
2019-06-08 09,36.42,46.08,38.98,31.8,37.0,1004,2.1,220,0.0,1,0,3
2019-06-08 10,38.77,37.22,42.16,36.17,40.56,1004,1.5,240,0.0,1,0,3
2019-06-08 11,41.15,26.62,43.27,39.06,41.0,1004,1.5,90,0.0,1,0,3
2019-06-08 12,42.33,20.97,41.82,39.43,42.0,1003,2.1,70,0.0,20,9,2
2019-06-08 13,42.92,19.02,44.62,41.12,42.32,1002,4.1,250,0.0,20,9,1
2019-06-08 14,43.45,19.07,42.52,41.2,44.0,1001,3.1,320,0.0,18,9,2
2019-06-08 15,43.57,19.82,42.15,41.2,44.0,1000,2.6,350,0.0,1,0,2
2019-06-08 16,43.42,18.93,42.92,40.6,45.0,1000,2.1,360,0.0,1,0,2
2019-06-08 17,43.17,18.77,45.69,40.6,45.0,999,2.1,340,0.0,1,0,2
2019-06-08 18,41.88,20.67,45.17,40.0,43.2,999,1.5,340,0.0,1,0,2
2019-06-08 19,39.7,25.4,43.82,37.43,42.0,999,1.5,340,0.0,1,0,2
2019-06-08 20,36.15,32.5,40.74,34.9,40.0,1000,2.91,355,0.0,1,0,3
2019-06-08 21,33.95,39.3,38.74,33.74,38.0,1000,2.99,348,0.0,0,0,3
2019-06-08 22,33.02,44.27,38.79,32.0,38.0,1000,3.34,341,0.0,0,0,4
2019-06-08 23,32.72,45.67,37.29,31.38,36.67,1000,3.25,331,0.0,0,0,4
2019-06-09 00,32.05,42.67,36.95,31.08,36.67,1000,2.82,309,0.0,0,0,5
2019-06-09 01,31.35,41.22,35.96,29.24,35.0,1000,2.39,277,0.0,0,0,4
2019-06-09 02,30.7,42.55,34.4,28.36,33.0,1000,2.03,268,0.0,0,0,4
2019-06-09 03,31.48,41.42,32.74,26.6,32.0,1000,2.32,261,0.0,0,0,4
2019-06-09 04,30.05,45.15,33.35,26.51,32.0,1000,2.13,271,0.0,0,0,5
2019-06-09 05,29.2,54.7,33.36,26.91,31.0,1000,1.3,292,0.0,0,0,5
2019-06-09 06,29.25,55.52,34.66,28.2,31.0,1001,0.69,24,0.0,0,0,5
2019-06-09 07,33.0,46.75,35.3,32.03,34.8,1002,1.03,20,0.0,0,0,4
2019-06-09 08,34.73,41.2,36.74,32.31,36.0,1002,1.0,20,0.0,1,0,5
2019-06-09 09,36.12,38.75,40.26,32.8,40.0,1002,1.0,360,0.0,1,0,5
2019-06-09 10,38.88,30.48,41.48,36.86,41.0,1002,2.6,10,0.0,1,0,5
2019-06-09 11,41.12,24.55,45.0,39.66,43.0,1001,1.0,20,0.0,1,0,5
2019-06-09 12,43.25,19.67,44.76,38.0,44.0,1001,1.5,340,0.0,1,0,5
2019-06-09 13,44.27,15.7,43.01,41.2,44.26,1000,2.1,360,0.0,1,0,3
2019-06-09 14,44.88,14.3,44.08,41.2,45.0,1000,1.5,340,0.0,1,9,2
2019-06-09 15,44.85,15.25,42.87,41.2,46.0,998,5.1,50,0.0,20,9,2
2019-06-09 16,43.88,16.1,44.99,41.2,45.0,997,1.5,340,0.0,20,9,2
2019-06-09 17,43.23,17.58,44.34,41.2,44.2,997,2.1,20,0.0,1,9,2
2019-06-09 18,41.97,20.7,43.82,39.0,44.2,997,2.1,30,0.0,1,0,2
2019-06-09 19,40.35,22.55,41.25,38.42,40.89,997,2.1,30,0.0,1,0,2
2019-06-09 20,36.65,29.58,41.73,35.8,39.0,998,2.54,16,0.0,0,0,2
2019-06-09 21,34.4,35.08,40.46,35.45,38.34,997,2.31,348,0.0,0,0,2
2019-06-09 22,33.05,39.2,39.0,32.0,36.0,997,2.31,303,0.0,0,0,3
2019-06-09 23,32.95,40.43,37.89,30.84,36.0,997,2.52,279,0.0,0,0,3
2019-06-10 00,32.2,44.8,37.36,30.95,35.0,997,2.23,263,0.0,0,0,4
2019-06-10 01,32.1,46.52,36.36,29.39,34.0,997,2.04,253,0.0,1,0,4
2019-06-10 02,31.78,47.27,35.24,29.04,33.0,997,2.21,247,0.0,1,0,4
2019-06-10 03,31.23,45.57,34.6,27.92,33.0,997,2.32,251,0.0,1,0,3
2019-06-10 04,30.85,44.17,33.97,27.57,33.0,997,2.42,251,0.0,0,0,3
2019-06-10 05,30.1,44.75,34.51,28.4,33.0,997,2.24,262,0.0,0,0,2
2019-06-10 06,29.62,46.57,38.09,28.4,36.67,994,1.88,275,0.0,0,0,2
2019-06-10 07,33.7,40.0,37.33,32.0,37.22,995,2.1,220,0.0,1,0,2
2019-06-10 08,38.12,25.85,38.89,33.44,39.0,999,1.5,250,0.0,1,0,2
2019-06-10 09,40.9,21.2,40.1,34.0,41.0,996,1.0,230,0.0,1,0,3
2019-06-10 10,42.4,19.5,42.65,37.55,43.0,999,1.5,240,0.0,1,0,3
2019-06-10 11,,,41.81,40.77,43.47,998,2.6,200,0.0,1,0,6
2019-06-10 12,45.4,13.8,42.45,41.4,45.0,998,3.1,240,0.0,1,0,2
2019-06-10 13,46.2,12.88,45.46,43.4,46.0,997,1.5,170,0.0,1,0,2
2019-06-10 14,46.83,12.22,42.02,43.4,46.0,996,4.1,270,0.0,4,9,2
2019-06-10 15,46.5,13.07,42.54,43.4,47.0,995,3.1,270,0.0,1,9,2
2019-06-10 16,46.55,11.93,44.57,42.6,48.0,995,2.6,360,0.0,1,9,2
2019-06-10 17,46.3,11.15,43.57,42.6,46.4,994,2.1,340,0.0,1,9,2
2019-06-10 18,44.65,14.07,43.05,42.16,45.0,994,1.5,300,0.0,1,9,2
2019-06-10 19,42.35,17.25,41.21,38.33,43.0,995,1.5,300,0.0,1,9,3
2019-06-10 20,37.95,27.27,43.6,35.7,42.0,996,0.89,77,0.0,2,0,3
2019-06-10 21,35.85,33.77,43.06,35.67,41.0,996,0.76,163,0.0,0,0,3
2019-06-10 22,34.9,36.03,40.87,32.6,39.0,996,1.7,189,0.0,0,0,4
2019-06-10 23,34.07,35.97,38.5,32.36,37.0,996,2.14,199,0.0,0,0,5
2019-06-11 00,33.25,37.8,37.38,31.55,36.0,996,2.44,209,0.0,0,0,4
2019-06-11 01,32.7,39.08,36.95,30.0,37.0,997,3.6,230,0.0,20,0,4
2019-06-11 02,35.4,30.67,36.71,29.47,37.0,996,3.6,230,0.0,20,0,4
2019-06-11 03,35.62,24.07,35.43,30.48,35.0,996,3.6,230,0.0,20,0,3
2019-06-11 04,34.35,25.52,35.01,30.64,35.0,996,4.1,250,0.0,20,0,3
2019-06-11 05,34.55,24.2,35.04,29.14,35.0,997,4.1,250,0.0,20,0,4
2019-06-11 06,34.77,23.95,34.25,30.12,35.0,997,2.57,30,0.0,40,0,5
2019-06-11 07,36.15,23.57,35.8,32.19,36.08,998,2.6,30,0.0,40,0,5
2019-06-11 08,37.15,24.32,38.21,33.55,37.0,999,1.0,320,0.0,40,0,5
2019-06-11 09,37.5,25.03,38.23,34.49,38.0,999,2.1,30,0.0,75,9,5
2019-06-11 10,39.58,20.65,39.22,37.11,39.66,999,2.6,280,0.0,40,9,5
2019-06-11 11,40.67,19.3,40.34,39.35,42.0,998,3.1,340,0.0,40,9,5
2019-06-11 12,43.33,17.0,38.28,39.4,43.0,998,7.2,340,0.0,40,9,5
2019-06-11 13,45.12,14.1,43.37,41.6,45.0,997,3.1,300,0.0,20,9,3
2019-06-11 14,44.47,13.92,41.96,41.6,44.37,997,3.6,340,0.0,40,9,2
2019-06-11 15,46.23,12.75,42.24,41.6,43.0,996,2.6,240,0.0,75,9,2
2019-06-11 16,45.42,13.47,42.18,42.03,44.2,995,4.1,250,0.0,40,0,2
2019-06-11 17,45.58,13.35,43.21,40.8,44.2,995,2.1,270,0.0,20,0,2
2019-06-11 18,43.97,14.93,42.28,40.8,44.2,995,2.6,260,0.0,40,0,2
2019-06-11 19,41.78,17.45,40.91,36.93,43.0,996,2.6,260,0.0,40,0,2
2019-06-11 20,38.22,23.1,40.05,35.05,39.0,996,1.88,113,0.0,40,0,2
2019-06-11 21,37.6,24.0,39.94,35.0,39.0,997,2.05,126,0.0,40,0,3
2019-06-11 22,35.8,29.4,39.2,33.53,38.0,997,1.0,160,0.0,20,0,3
2019-06-11 23,36.68,30.5,39.44,33.93,38.0,998,1.0,160,0.0,20,0,3
2019-06-12 00,37.8,28.5,38.61,33.63,37.0,997,1.0,160,0.0,20,0,3
2019-06-12 01,36.6,30.53,36.83,32.49,36.0,998,2.1,20,0.0,40,0,3
2019-06-12 02,34.88,36.95,36.1,31.98,35.0,998,2.1,20,0.0,40,0,4
2019-06-12 03,33.62,35.05,35.82,29.91,36.11,993,2.1,20,0.0,40,0,3
2019-06-12 04,33.1,33.7,36.2,30.09,36.11,993,2.1,70,0.0,20,0,1
2019-06-12 05,33.12,32.68,36.25,30.14,36.11,994,2.1,70,0.0,20,0,1
2019-06-12 06,33.0,41.75,34.68,30.63,33.0,999,2.1,70,0.0,20,0,1
2019-06-12 07,32.03,48.92,33.75,29.6,34.0,1001,4.1,90,0.0,20,0,2
2019-06-12 08,31.35,46.95,34.44,31.43,34.0,1002,4.1,90,0.0,20,0,2
2019-06-12 09,32.7,43.47,33.72,31.64,34.0,1002,4.6,90,0.0,40,0,2
2019-06-12 10,34.6,36.7,35.13,33.61,36.0,1002,4.1,110,0.0,20,0,2
2019-06-12 11,36.72,30.93,37.91,36.34,38.0,1002,4.1,90,0.0,40,0,2
2019-06-12 12,38.42,29.58,39.73,36.74,39.0,1001,4.1,110,0.0,11,0,2
2019-06-12 13,39.22,34.5,40.66,38.85,39.87,1000,4.1,70,0.0,1,0,2
2019-06-12 14,39.95,32.6,43.09,39.32,41.0,1000,2.1,90,0.0,1,0,2
2019-06-12 15,40.62,30.4,43.17,39.34,41.0,998,2.1,120,0.0,1,0,2
2019-06-12 16,40.77,28.5,42.55,36.66,42.0,997,2.1,120,0.0,20,1,2
2019-06-12 17,40.55,28.75,42.59,37.2,41.2,997,1.5,70,0.0,40,1,2
2019-06-12 18,39.53,29.9,40.86,37.2,41.2,997,2.6,120,0.0,40,1,2
2019-06-12 19,37.5,35.7,35.7,31.0,39.0,995,2.6,120,0.0,40,1,2
2019-06-12 20,31.58,54.07,32.41,30.0,32.45,999,5.1,160,0.0,40,0,3
2019-06-12 21,32.92,40.88,32.83,30.0,33.0,999,5.1,160,0.0,40,0,3
2019-06-12 22,32.6,41.6,33.66,29.28,31.0,1000,1.5,50,0.0,40,0,1
2019-06-12 23,30.23,54.17,32.81,28.81,30.11,1000,1.5,50,0.0,40,0,2
2019-06-13 00,30.4,52.92,32.84,29.03,30.0,1000,1.5,50,0.0,40,0,3
2019-06-13 01,30.05,52.67,31.86,27.69,30.2,1000,2.6,340,0.0,40,0,2
2019-06-13 02,31.3,48.0,32.03,28.12,30.2,999,2.6,340,0.0,40,0,3
2019-06-13 03,30.92,46.08,31.72,27.35,30.2,1000,2.6,340,0.0,40,0,2
2019-06-13 04,31.05,46.62,33.17,28.54,30.0,1000,1.13,13,0.0,40,0,3
2019-06-13 05,30.93,47.73,33.71,29.21,30.57,1000,0.98,72,0.0,40,0,3
2019-06-13 06,30.4,49.3,32.91,29.61,32.0,1001,2.06,190,0.0,75,1,3
2019-06-13 07,32.4,45.6,34.49,31.21,32.05,1002,2.1,190,0.0,75,1,2
2019-06-13 08,34.25,42.62,34.85,31.4,34.0,1002,2.6,340,0.0,1,3,2
2019-06-13 09,35.83,37.4,34.63,31.4,37.0,1002,4.6,200,0.0,1,3,2
2019-06-13 10,37.88,32.12,37.08,34.76,38.4,1002,4.6,180,0.0,40,0,2
2019-06-13 11,39.42,28.58,39.61,37.45,39.0,1002,3.1,230,0.0,40,0,2
2019-06-13 12,40.7,26.6,40.7,37.76,40.0,1002,3.1,260,0.0,40,0,2
2019-06-13 13,41.52,24.88,42.32,38.73,41.0,1001,2.1,250,0.0,40,0,2
2019-06-13 14,42.2,24.73,43.2,39.25,42.0,1000,2.1,200,0.0,40,0,1
2019-06-13 15,42.55,24.95,42.9,39.81,42.0,999,3.1,300,0.0,40,0,1
2019-06-13 16,42.43,25.4,43.27,38.6,43.0,998,3.1,230,0.0,40,0,2
2019-06-13 17,41.9,26.7,43.54,39.99,42.0,997,2.6,250,0.0,20,0,2
2019-06-13 18,40.83,29.35,43.13,38.6,40.0,997,1.5,200,0.0,20,0,2
2019-06-13 19,39.42,32.45,42.86,37.42,40.0,997,1.5,200,0.0,20,0,2
2019-06-13 20,38.35,35.67,41.85,35.56,39.0,998,1.0,180,0.0,20,0,2
2019-06-13 21,37.8,37.12,40.96,35.09,38.0,999,1.0,180,0.0,20,0,3
2019-06-13 22,37.38,38.15,36.26,33.37,36.0,1000,3.1,230,0.0,20,0,3
2019-06-13 23,36.97,35.3,35.44,33.04,35.4,1000,3.1,230,0.0,20,0,2
2019-06-14 00,35.75,34.1,33.41,32.89,34.0,1000,3.6,230,0.0,20,0,2
2019-06-14 01,34.67,40.08,32.46,31.38,32.6,999,4.1,250,0.0,20,0,2
2019-06-14 02,34.05,39.7,32.62,31.71,32.6,999,4.1,250,0.0,20,0,2
2019-06-14 03,33.62,41.1,31.33,30.06,31.26,1000,3.1,230,0.0,20,0,2
2019-06-14 04,33.02,42.8,33.05,30.53,31.78,999,2.1,230,0.0,49,0,2
2019-06-14 05,32.35,44.58,32.83,30.0,33.2,999,2.1,230,0.0,33,0,2
2019-06-14 06,32.12,45.42,33.54,31.0,33.23,1000,2.1,230,0.0,1,0,2
2019-06-14 07,33.57,42.42,33.42,32.0,35.04,1000,4.6,250,0.0,1,0,2
2019-06-14 08,35.2,38.8,35.35,32.4,36.09,1001,5.1,250,0.0,1,0,2
2019-06-14 09,36.83,34.85,37.72,34.4,40.0,1001,4.6,240,0.0,1,0,3
2019-06-14 10,39.7,27.35,37.6,38.67,40.0,1000,6.7,250,0.0,1,0,2
2019-06-14 11,41.8,21.18,37.17,39.4,41.05,1000,6.7,270,0.0,1,0,2
2019-06-14 12,42.83,17.7,40.2,40.34,42.0,1000,3.1,300,0.0,1,0,2
2019-06-14 13,43.75,15.97,40.54,41.0,43.89,999,4.1,250,0.0,1,0,2
2019-06-14 14,44.2,13.82,42.01,42.0,44.0,998,3.6,270,0.0,1,0,2
2019-06-14 15,45.05,11.62,43.52,41.91,45.0,997,2.1,340,0.0,1,0,2
2019-06-14 16,44.65,11.32,40.79,41.0,45.0,997,4.1,270,0.0,1,0,2
2019-06-14 17,43.7,10.6,39.39,40.79,43.0,996,4.1,290,0.0,1,0,2
2019-06-14 18,42.52,11.32,40.69,40.14,42.6,997,2.1,280,0.0,1,0,2
2019-06-14 19,40.52,12.88,39.18,35.78,41.0,997,2.1,280,0.0,1,0,2
2019-06-14 20,38.3,15.5,39.32,33.29,40.56,998,2.59,287,0.0,5,0,2
2019-06-14 21,36.1,18.5,37.65,32.58,38.0,998,2.37,288,0.0,10,0,2
2019-06-14 22,34.8,20.18,37.25,30.38,37.0,998,2.29,293,0.0,20,0,3
2019-06-14 23,33.62,22.65,36.3,30.12,36.0,999,2.21,302,0.0,20,0,3
2019-06-15 00,34.5,21.45,35.48,29.78,35.0,999,2.28,317,0.0,20,0,3
2019-06-15 01,33.45,22.98,34.25,27.96,34.0,999,2.43,328,0.0,20,0,3
2019-06-15 02,31.8,26.17,33.12,27.4,33.0,998,2.63,324,0.0,20,0,3
2019-06-15 03,30.68,29.23,32.46,26.82,32.0,998,2.19,259,0.0,20,0,3
2019-06-15 04,32.6,26.53,31.85,26.62,32.0,998,1.0,250,0.0,20,0,3
2019-06-15 05,31.55,26.45,32.45,28.8,32.0,999,1.0,250,0.0,20,0,3
2019-06-15 06,32.05,26.4,31.73,28.8,32.0,999,2.57,250,0.0,40,0,3
2019-06-15 07,33.68,25.9,34.61,31.0,35.0,1000,2.6,250,0.0,40,0,3
2019-06-15 08,36.72,22.27,34.87,33.78,35.52,1000,2.6,270,0.0,40,0,4
2019-06-15 09,39.17,18.4,35.2,34.6,37.0,1000,4.6,250,0.0,1,0,5
2019-06-15 10,41.08,15.98,36.37,38.06,40.0,1000,6.2,270,0.0,20,0,4
2019-06-15 11,42.32,14.93,38.55,39.4,42.0,1000,4.6,290,0.0,1,0,3
2019-06-15 12,43.5,14.65,40.65,40.82,42.0,999,3.6,290,0.0,1,0,2
2019-06-15 13,44.35,15.7,42.73,42.0,43.0,998,2.6,270,0.0,1,0,2
2019-06-15 14,44.58,15.12,42.47,42.2,44.0,998,4.1,250,0.0,40,9,3
2019-06-15 15,44.65,14.78,42.33,41.69,44.0,996,3.1,280,0.0,40,9,3
2019-06-15 16,44.45,14.32,41.29,41.72,44.0,996,4.1,250,0.0,40,9,3
2019-06-15 17,43.98,14.43,41.67,41.41,43.0,995,3.1,290,0.0,40,9,2
2019-06-15 18,42.95,14.2,41.77,40.15,42.8,996,2.6,270,0.0,20,0,2
2019-06-15 19,41.33,15.85,40.48,37.43,41.0,996,2.6,270,0.0,20,0,2
2019-06-15 20,39.65,19.1,36.0,35.34,38.0,998,5.1,230,0.0,40,0,2
2019-06-15 21,38.23,23.7,35.17,35.07,37.8,998,5.1,230,0.0,40,0,3
2019-06-15 22,37.35,28.48,32.54,33.17,35.4,999,6.7,270,0.0,40,0,3
2019-06-15 23,36.4,30.4,32.77,33.9,35.4,1000,6.7,270,0.0,40,0,2
2019-06-16 00,35.88,31.9,32.73,33.92,35.4,1000,6.7,270,0.0,40,0,2
2019-06-16 01,35.32,33.0,28.76,32.61,33.44,1000,10.3,270,0.0,90,9,2
2019-06-16 02,34.28,37.07,26.66,30.0,33.04,1000,10.3,270,0.0,90,9,3
2019-06-16 03,32.75,40.82,30.92,29.0,30.68,1000,2.6,290,0.0,75,0,3
2019-06-16 04,31.72,44.53,30.96,29.0,30.64,1000,3.1,270,0.0,40,0,3
2019-06-16 05,31.52,44.95,30.14,28.0,30.26,999,3.1,270,0.0,40,0,2
2019-06-16 06,31.1,47.12,29.12,29.0,30.2,1000,6.17,260,0.0,75,0,1
2019-06-16 07,31.02,50.05,30.19,30.0,31.25,1001,6.2,260,0.0,75,0,1
2019-06-16 08,32.4,46.62,31.64,30.56,32.19,998,5.1,250,0.0,40,0,1
2019-06-16 09,33.0,42.83,30.04,28.0,32.71,1002,5.1,240,0.0,40,9,2
2019-06-16 10,30.73,52.33,31.32,27.0,33.83,1003,4.1,250,0.0,75,0,2
2019-06-16 11,30.23,55.5,33.02,27.0,35.62,1002,3.1,250,0.5,90,4,2
2019-06-16 12,31.0,50.05,32.55,28.0,35.72,1002,4.6,230,1.5,90,4,2
2019-06-16 13,31.25,55.45,33.44,30.0,34.8,1002,3.6,340,0.0,75,0,2
2019-06-16 14,34.27,43.4,34.9,33.0,34.37,1001,3.1,270,0.0,75,0,1
2019-06-16 15,36.73,35.28,35.01,31.07,35.0,1000,4.6,270,0.0,40,0,1
2019-06-16 16,37.55,30.05,35.04,32.88,36.0,999,4.6,250,0.0,40,0,1
2019-06-16 17,37.1,31.32,35.75,31.11,36.0,996,3.6,270,0.0,40,0,1
2019-06-16 18,36.35,33.33,36.08,31.86,35.0,996,3.1,270,0.0,40,0,2
2019-06-16 19,34.6,41.4,34.94,31.55,35.0,1000,3.1,270,0.0,40,0,1
2019-06-16 20,33.42,49.1,31.6,28.84,32.4,1000,5.1,230,0.0,40,0,2
2019-06-16 21,32.8,51.47,31.1,28.04,32.4,1001,5.1,230,0.0,40,0,2
2019-06-16 22,32.2,53.12,32.7,26.93,31.2,996,3.6,250,0.0,40,0,2
2019-06-16 23,32.12,51.83,32.2,27.2,31.2,997,3.6,250,0.0,40,0,2
2019-06-17 00,32.02,55.2,32.91,27.36,33.33,996,3.6,250,0.0,40,0,2
2019-06-17 01,31.88,56.77,31.99,27.06,33.33,995,2.6,250,0.0,40,0,2
2019-06-17 02,31.6,52.97,32.09,27.31,33.33,995,2.6,250,0.0,40,0,2
2019-06-17 03,31.5,43.2,31.42,28.07,31.2,999,2.6,250,0.0,40,0,2
2019-06-17 04,30.88,44.48,30.82,28.56,29.2,999,2.6,270,0.0,40,0,2
2019-06-17 05,30.55,43.55,31.43,29.0,30.78,999,2.6,270,0.0,40,0,1
2019-06-17 06,30.8,42.25,31.56,29.2,31.0,1000,2.57,230,0.0,40,0,1
2019-06-17 07,31.93,40.6,33.4,29.69,32.4,1000,2.6,230,0.0,40,0,2
2019-06-17 08,33.92,37.62,33.48,30.26,32.4,1001,4.1,230,0.0,40,0,2
2019-06-17 09,35.5,39.17,31.08,30.0,32.4,1002,6.2,230,0.0,75,0,2
2019-06-17 10,34.67,43.8,32.64,31.0,34.6,1002,5.1,250,0.0,75,9,2
2019-06-17 11,33.6,44.83,32.57,29.0,34.84,1002,4.1,270,0.0,75,9,2
2019-06-17 12,31.85,44.45,33.12,30.0,35.35,1001,4.1,250,0.0,75,0,2
2019-06-17 13,32.33,42.88,32.59,30.0,36.11,1001,4.1,250,0.0,75,0,2
2019-06-17 14,32.3,41.65,33.35,32.0,36.2,1000,4.1,250,0.0,75,0,1
2019-06-17 15,33.7,35.6,31.88,32.0,33.5,999,4.6,250,0.0,75,0,1
2019-06-17 16,34.08,35.58,30.3,30.4,34.2,999,7.7,250,0.0,75,0,1
2019-06-17 17,32.75,46.92,31.65,30.4,34.2,998,5.1,270,0.0,75,0,1
2019-06-17 18,32.0,40.12,30.26,30.4,34.2,997,6.7,230,0.0,75,0,2
2019-06-17 19,32.08,37.75,31.05,30.0,32.77,997,2.6,240,0.0,75,0,1
2019-06-17 20,31.82,37.23,30.22,27.62,32.78,994,2.59,276,0.0,75,0,1
2019-06-17 21,31.5,39.2,30.84,27.33,32.78,995,1.5,300,0.0,75,0,2
2019-06-17 22,29.98,47.28,31.1,25.6,29.0,1002,3.1,50,0.0,75,1,2
2019-06-17 23,26.12,69.53,28.72,25.6,27.03,1002,3.1,50,0.0,75,1,2
2019-06-18 00,25.7,76.55,28.56,25.6,26.59,1002,3.1,50,0.0,75,1,2
2019-06-18 01,24.73,81.65,27.06,23.2,25.85,1001,3.1,290,0.0,75,1,2
2019-06-18 02,22.77,93.42,27.14,23.2,26.15,1002,3.1,290,0.0,75,1,2
2019-06-18 03,23.25,90.82,25.11,22.0,24.59,1003,3.1,290,0.0,75,1,1
2019-06-18 04,22.2,98.22,23.62,22.0,24.67,1001,5.1,250,1.5,90,5,2
2019-06-18 05,22.75,93.75,24.59,22.4,25.22,1002,5.1,250,1.5,90,5,1
2019-06-18 06,23.27,91.47,23.73,22.4,25.53,1002,6.17,280,0.0,75,2,1
2019-06-18 07,23.45,82.43,25.4,23.0,26.55,1003,6.2,280,0.0,75,2,2
2019-06-18 08,24.88,71.75,26.75,23.0,27.71,1003,3.1,270,0.5,5,4,1
2019-06-18 09,24.12,74.8,24.59,23.0,25.77,1004,5.1,320,0.0,75,0,1
2019-06-18 10,25.05,75.88,26.66,25.0,28.0,1004,6.2,300,0.0,40,0,1
2019-06-18 11,30.07,50.6,32.43,29.44,32.78,998,3.1,340,0.0,20,0,1
2019-06-18 12,34.8,35.6,34.27,30.74,35.0,998,3.6,320,0.0,20,0,1
2019-06-18 13,32.97,41.3,32.18,31.8,35.0,999,5.1,340,0.0,20,0,1
2019-06-18 14,33.03,41.33,33.14,31.75,33.89,999,4.1,270,0.0,75,0,1
2019-06-18 15,32.73,39.2,32.68,31.99,33.33,999,3.6,290,0.0,40,0,1
2019-06-18 16,32.08,40.5,33.41,30.56,33.04,1001,2.1,330,0.0,40,0,1
2019-06-18 17,30.73,45.08,33.4,30.56,32.98,1000,2.1,340,0.0,40,0,1
2019-06-18 18,30.8,46.15,32.09,30.0,32.75,999,3.1,200,0.0,40,0,1
2019-06-18 19,30.35,48.85,31.29,30.0,31.76,1000,3.1,200,0.0,40,0,1
2019-06-18 20,27.85,64.65,33.34,28.4,30.1,1001,1.75,334,0.0,40,0,2
2019-06-18 21,26.68,71.0,33.5,28.4,30.01,1001,1.47,295,0.0,40,0,2
2019-06-18 22,26.82,72.3,33.21,27.2,29.12,1001,1.0,230,0.0,20,0,2
2019-06-18 23,26.7,71.85,32.18,27.2,28.49,1001,1.0,230,0.0,20,0,2
2019-06-19 00,27.43,69.38,32.18,27.2,28.4,1001,1.0,230,0.0,20,0,3
2019-06-19 01,26.5,80.42,32.29,26.5,28.0,1001,1.0,50,0.0,40,0,3
2019-06-19 02,26.12,79.75,31.21,26.08,27.17,1000,1.0,50,0.0,40,0,4
2019-06-19 03,25.78,80.85,30.97,25.56,27.0,1000,1.0,50,0.0,40,0,3
2019-06-19 04,25.65,81.78,30.61,25.24,26.34,1001,1.0,230,0.0,40,2,4
2019-06-19 05,25.4,82.83,31.09,26.0,27.46,1001,1.0,230,0.0,40,2,5
2019-06-19 06,25.5,80.17,30.74,26.0,27.54,1001,0.98,154,0.0,75,0,5
2019-06-19 07,27.2,73.22,31.66,27.0,28.51,1002,1.4,178,0.0,75,0,5
2019-06-19 08,29.4,62.02,33.13,28.0,31.0,1002,1.5,200,0.0,40,0,6
2019-06-19 09,32.1,49.0,33.81,28.0,32.22,998,1.5,180,0.0,20,0,5
2019-06-19 10,33.73,41.0,36.07,31.72,34.0,998,1.16,198,0.0,8,0,5
2019-06-19 11,34.55,38.97,35.91,33.33,34.0,998,2.6,270,0.0,20,0,4
2019-06-19 12,35.15,37.65,36.84,33.4,35.0,998,2.1,90,0.0,20,0,4
2019-06-19 13,36.25,35.88,38.16,34.91,36.0,1001,2.1,40,0.0,20,0,4
2019-06-19 14,36.35,35.68,38.66,33.89,37.0,997,1.5,20,0.0,40,0,3
2019-06-19 15,36.88,34.35,37.97,33.89,37.0,996,2.1,30,0.0,40,9,3
2019-06-19 16,36.6,33.7,38.55,34.25,37.0,998,2.1,40,0.0,40,9,4
2019-06-19 17,36.55,33.0,37.39,32.78,36.0,995,2.1,70,0.0,40,0,3
2019-06-19 18,35.5,35.98,36.33,32.34,35.4,996,3.1,160,0.0,40,0,3
2019-06-19 19,33.07,50.4,35.03,31.37,35.0,995,3.1,160,0.0,40,0,3
2019-06-19 20,31.8,53.4,34.29,28.86,33.89,996,3.1,110,0.0,40,0,2
2019-06-19 21,31.07,55.82,31.83,28.13,31.6,1001,3.1,110,0.0,40,0,2
2019-06-19 22,29.93,61.0,31.37,26.85,29.0,1002,2.1,180,0.0,15,0,1
2019-06-19 23,29.1,64.25,31.37,26.76,29.0,1002,2.1,180,0.0,12,0,1
2019-06-20 00,28.77,61.78,30.63,26.86,28.6,1002,2.1,180,0.0,7,0,2
2019-06-20 01,28.32,63.6,29.65,26.3,27.6,1002,2.6,340,0.0,4,0,1
2019-06-20 02,27.57,69.33,29.71,26.38,27.6,1002,2.6,340,0.0,4,0,2
2019-06-20 03,27.1,72.47,29.04,24.71,27.6,1002,2.6,340,0.0,3,0,1
2019-06-20 04,26.77,74.7,30.25,24.87,27.0,1002,1.34,159,0.0,1,2,1
2019-06-20 05,26.32,77.12,29.49,25.0,26.8,1002,1.22,136,0.0,1,2,1
2019-06-20 06,26.3,78.05,29.22,25.0,27.0,1003,2.06,170,0.0,0,0,1
2019-06-20 07,28.43,67.67,32.48,27.0,29.2,1003,2.1,170,0.0,1,0,1
2019-06-20 08,30.4,57.1,33.47,28.56,31.67,1000,2.1,160,0.0,1,0,2
2019-06-20 09,32.33,46.32,34.92,29.0,33.0,1000,1.0,160,0.0,1,0,2
2019-06-20 10,33.55,43.33,35.85,31.41,34.0,1004,2.1,150,0.0,1,0,1
2019-06-20 11,34.8,41.65,38.01,33.2,35.0,1004,1.0,270,0.0,1,0,2
2019-06-20 12,36.2,37.92,38.52,33.2,36.0,1000,1.5,80,0.0,20,0,2
2019-06-20 13,36.97,35.88,39.68,36.93,37.9,1002,2.1,110,0.0,40,0,2
2019-06-20 14,37.98,33.15,40.14,37.0,39.0,1002,2.6,90,0.0,40,0,2
2019-06-20 15,38.95,30.15,42.45,36.5,41.0,1000,1.0,70,0.0,40,0,2
2019-06-20 16,38.53,31.65,40.47,36.0,39.0,999,2.1,350,0.0,40,0,2
2019-06-20 17,38.58,28.55,40.77,36.0,39.0,999,1.0,340,0.0,40,0,2
2019-06-20 18,37.32,34.47,40.17,35.62,38.2,999,1.0,30,0.0,40,0,3
2019-06-20 19,35.88,39.5,39.71,34.93,37.0,999,1.0,30,0.0,40,0,3
2019-06-20 20,34.65,41.95,34.79,31.07,33.89,996,3.6,340,0.0,40,0,3
2019-06-20 21,31.77,53.65,33.98,30.39,33.89,997,3.6,340,0.0,40,0,3
2019-06-20 22,30.88,56.55,35.0,29.36,31.0,1002,1.5,50,0.0,25,0,3
2019-06-20 23,30.8,57.7,35.03,29.37,31.0,1002,1.5,50,0.0,17,0,2
2019-06-21 00,31.02,57.15,35.09,29.66,31.0,1002,1.5,50,0.0,11,0,3
2019-06-21 01,30.5,59.7,35.65,29.42,31.0,1002,1.0,140,0.0,9,0,3
2019-06-21 02,29.85,64.1,34.84,29.49,30.15,1002,1.0,140,0.0,3,0,3
2019-06-21 03,30.48,61.2,34.34,27.77,30.0,1002,1.0,140,0.0,5,0,3
2019-06-21 04,29.85,64.28,34.08,27.81,30.0,1002,1.38,90,0.0,40,0,3
2019-06-21 05,29.38,66.5,34.44,28.94,30.0,1002,1.25,96,0.0,40,0,3
2019-06-21 06,29.57,66.88,34.4,29.03,31.0,1003,1.03,200,0.0,40,0,3
2019-06-21 07,31.55,59.52,36.71,30.49,32.0,1003,1.0,200,0.0,40,0,3
2019-06-21 08,33.62,52.35,37.39,31.02,34.0,1001,2.1,140,0.0,75,0,3
2019-06-21 09,34.92,47.62,38.27,29.0,36.0,1001,1.6,148,0.0,2,0,3
2019-06-21 10,36.5,40.85,39.37,34.13,37.0,1004,2.1,250,0.0,40,0,2
2019-06-21 11,37.92,37.67,41.23,36.19,38.0,1003,1.0,270,0.0,40,0,2
2019-06-21 12,38.32,37.05,41.04,36.4,39.0,1003,3.1,250,0.0,40,0,2
2019-06-21 13,38.9,34.85,42.74,38.0,40.0,1002,1.5,260,0.0,40,0,2
2019-06-21 14,39.05,35.28,42.41,37.91,39.1,1001,2.1,340,0.0,75,0,2
2019-06-21 15,37.58,38.72,37.76,35.0,38.63,997,4.1,270,0.0,90,9,2
2019-06-21 16,36.85,40.95,41.51,36.0,38.6,1000,1.5,340,0.0,75,0,2
2019-06-21 17,37.3,38.0,41.17,35.0,38.6,996,2.1,340,0.0,40,0,2
2019-06-21 18,37.75,35.83,41.45,35.0,37.2,996,1.0,30,0.0,20,0,2
2019-06-21 19,36.4,40.65,40.71,34.28,36.0,1000,1.0,30,0.0,20,0,2
2019-06-21 20,35.05,45.88,39.75,32.75,35.0,995,1.71,247,0.0,40,0,3
2019-06-21 21,33.62,51.1,39.14,32.57,35.0,996,1.53,229,0.0,40,0,3
2019-06-21 22,33.15,53.25,37.22,31.04,35.0,996,1.0,270,0.0,40,0,3
2019-06-21 23,32.9,55.2,37.16,31.03,35.0,997,1.0,270,0.0,40,0,4
2019-06-22 00,32.88,50.12,36.38,30.89,34.44,997,1.0,270,0.0,40,0,5
2019-06-22 01,32.42,45.1,36.8,29.52,35.0,997,1.73,261,0.0,40,0,3
2019-06-22 02,31.35,48.2,34.39,29.47,31.0,1001,1.63,282,0.0,40,0,2
2019-06-22 03,31.23,49.02,33.98,28.59,31.0,1001,1.82,314,0.0,40,0,3
2019-06-22 04,30.18,52.17,33.44,28.0,30.0,1001,1.0,290,0.0,13,0,4
2019-06-22 05,29.2,55.6,33.93,28.0,31.54,1001,1.0,290,0.0,6,0,5
2019-06-22 06,29.82,53.65,33.58,28.0,31.36,1002,1.0,260,0.0,2,0,5
2019-06-22 07,31.42,49.82,36.92,30.0,33.89,999,1.0,260,0.0,1,0,3
2019-06-22 08,34.25,42.42,38.05,32.3,34.44,999,1.0,270,0.0,1,0,3
2019-06-22 09,35.75,38.48,37.65,32.6,35.0,1000,2.6,340,0.0,1,0,3
2019-06-22 10,36.97,35.7,39.88,35.49,36.55,1003,1.0,340,0.0,1,0,3
2019-06-22 11,38.6,31.2,41.08,37.0,39.15,1003,1.5,50,0.0,1,0,2
2019-06-22 12,39.8,27.58,42.54,38.0,39.51,1002,2.1,270,0.0,1,0,2
2019-06-22 13,40.45,26.7,44.42,39.0,40.78,1002,1.0,340,0.0,1,0,2
2019-06-22 14,40.9,23.92,41.61,39.0,41.0,1001,4.1,340,0.0,1,0,2
2019-06-22 15,41.33,23.52,43.49,39.4,41.0,1000,2.1,240,0.0,1,0,2
2019-06-22 16,41.15,24.07,43.41,38.0,42.0,998,1.0,270,0.0,1,0,2
2019-06-22 17,40.2,25.4,41.62,37.22,41.0,995,2.1,50,0.0,1,0,2
2019-06-22 18,39.1,27.95,41.36,37.88,40.0,998,2.1,30,0.0,1,0,2
2019-06-22 19,38.0,30.2,40.43,35.92,39.0,999,2.1,30,0.0,1,0,2
2019-06-22 20,36.92,32.42,40.87,34.71,37.13,994,1.5,70,0.0,8,0,2
2019-06-22 21,35.97,36.73,39.81,33.42,36.11,995,1.5,70,0.0,8,0,3
2019-06-22 22,34.58,50.25,39.71,32.16,36.11,997,2.6,90,0.0,5,0,3
2019-06-22 23,33.9,53.95,37.76,32.47,34.0,1002,2.6,90,0.0,5,0,3
2019-06-23 00,33.3,53.52,36.93,32.56,33.6,1002,2.6,90,0.0,5,0,2
2019-06-23 01,32.48,56.27,36.5,31.36,33.0,1002,3.6,90,0.0,2,0,2
2019-06-23 02,31.68,59.5,36.85,30.7,34.44,997,3.6,90,0.0,2,0,2
2019-06-23 03,30.9,66.43,33.95,28.82,31.4,1002,3.6,90,0.0,1,0,2
2019-06-23 04,30.25,71.27,33.8,28.79,29.6,1002,2.1,110,0.0,0,2,2
2019-06-23 05,29.7,73.75,34.61,29.0,30.97,1002,2.1,110,0.0,3,2,2
2019-06-23 06,29.77,73.28,34.88,29.0,30.89,1003,1.5,70,0.0,1,2,1
2019-06-23 07,30.27,71.2,35.57,30.0,32.2,1003,2.1,60,0.0,1,0,1
2019-06-23 08,31.38,66.38,36.04,30.2,33.0,1002,3.6,90,0.0,1,0,2
2019-06-23 09,33.12,58.98,37.91,30.2,35.56,999,3.1,70,0.0,1,0,2
2019-06-23 10,34.65,50.08,39.72,33.93,37.0,998,1.0,160,0.0,1,0,2
2019-06-23 11,36.25,44.73,40.95,35.49,37.0,1002,2.1,160,0.0,20,0,2
2019-06-23 12,37.02,42.05,41.22,34.2,39.0,998,2.6,70,0.0,20,0,1
2019-06-23 13,37.9,39.83,42.83,36.2,39.0,997,1.0,70,0.0,40,0,1
2019-06-23 14,38.88,37.15,43.63,37.22,40.0,997,1.5,90,0.0,40,0,1
2019-06-23 15,39.12,35.8,42.95,36.11,40.0,996,2.1,170,0.0,40,0,1
2019-06-23 16,39.7,33.88,42.28,36.11,40.0,995,2.6,340,0.0,40,0,1
2019-06-23 17,39.42,34.35,40.94,36.11,40.0,995,5.1,90,0.0,40,0,1
2019-06-23 18,38.38,37.42,40.97,36.2,38.09,999,3.6,70,0.0,20,0,2
2019-06-23 19,36.8,43.65,39.87,35.8,38.0,996,3.6,70,0.0,20,0,2
2019-06-23 20,35.48,48.38,38.62,34.33,35.2,1001,3.6,90,0.0,40,0,2
2019-06-23 21,34.57,51.9,38.69,34.1,35.56,996,3.6,90,0.0,40,0,2
2019-06-23 22,32.1,60.17,34.18,32.0,33.89,996,5.1,90,0.0,40,0,2
2019-06-23 23,30.43,66.38,34.46,32.0,33.33,997,4.1,110,0.0,40,0,1
2019-06-24 00,29.35,71.58,33.26,29.0,31.88,998,4.1,70,0.0,40,0,1
2019-06-24 01,28.85,74.95,32.91,28.6,30.11,998,3.6,70,0.0,40,0,1
2019-06-24 02,28.6,74.43,32.13,28.0,29.75,998,3.6,70,0.0,40,0,1
2019-06-24 03,28.35,75.05,31.33,27.9,28.6,1003,3.6,70,0.0,40,0,1
2019-06-24 04,28.25,76.05,32.28,27.86,28.4,1004,2.1,70,0.0,40,0,1
2019-06-24 05,27.95,78.38,32.73,28.0,29.4,1004,2.1,70,0.0,40,0,1
2019-06-24 06,28.2,78.28,33.18,28.0,30.0,1004,2.1,70,0.0,40,0,1
2019-06-24 07,28.73,77.67,33.14,29.0,31.2,1004,3.6,90,0.0,75,0,1
2019-06-24 08,30.02,73.47,35.14,29.94,31.2,1004,2.1,140,0.0,75,0,1
2019-06-24 09,30.85,70.6,35.4,30.4,31.2,1004,2.6,150,0.0,75,0,1
2019-06-24 10,33.22,61.4,38.14,32.4,34.0,1004,1.5,80,0.0,75,0,2
2019-06-24 11,33.35,60.45,38.67,32.4,35.0,1001,2.6,90,0.0,75,0,2
2019-06-24 12,34.42,56.8,40.29,34.05,35.0,1000,2.1,14,0.0,75,0,2
2019-06-24 13,34.12,57.95,40.25,34.33,36.0,1000,3.1,50,0.0,75,0,2
2019-06-24 14,32.88,61.88,39.53,34.0,35.76,999,3.1,70,0.0,75,0,1
2019-06-24 15,33.8,57.2,38.86,32.93,35.56,998,3.1,20,0.0,75,0,1
2019-06-24 16,33.98,52.95,35.56,31.67,34.0,1001,5.1,50,0.0,75,0,1
2019-06-24 17,32.95,57.22,37.16,30.8,33.59,1002,2.1,50,0.0,75,0,1
2019-06-24 18,31.65,59.12,35.98,30.73,33.4,1003,3.1,90,0.0,75,0,1
2019-06-24 19,31.2,58.95,35.21,30.18,32.0,1003,3.1,90,0.0,75,0,1
2019-06-24 20,30.85,59.88,33.84,29.93,31.2,1003,2.1,70,0.0,40,0,1
2019-06-24 21,30.43,65.22,33.71,29.76,31.2,1003,2.1,70,0.0,40,0,1
2019-06-24 22,30.27,69.05,34.3,29.11,30.2,1003,2.1,110,0.0,40,0,1
2019-06-24 23,29.85,72.15,34.28,29.06,30.2,1003,2.1,110,0.0,40,0,1
2019-06-25 00,29.68,73.2,33.5,29.0,30.2,1003,2.1,110,0.0,40,0,1
2019-06-25 01,29.5,73.4,33.4,28.73,29.38,1002,1.5,70,0.0,40,0,1
2019-06-25 02,29.27,72.85,33.49,28.98,29.61,1002,1.5,70,0.0,40,0,1
2019-06-25 03,29.08,72.35,33.24,28.34,29.2,1003,1.5,70,0.0,40,0,1
2019-06-25 04,28.98,73.85,34.55,28.49,29.15,1003,1.0,20,0.0,40,2,1
2019-06-25 05,28.9,74.28,34.92,28.8,30.11,1003,1.0,20,0.0,40,2,1
2019-06-25 06,28.75,75.77,34.26,28.8,30.28,1004,1.5,60,0.0,75,0,2
2019-06-25 07,29.35,73.95,35.77,30.0,31.43,1004,1.5,60,0.0,75,0,2
2019-06-25 08,30.22,71.55,36.67,30.4,31.51,1004,1.0,110,0.0,75,0,2
2019-06-25 09,31.88,65.3,36.06,30.4,32.0,1004,2.6,30,0.0,40,0,2
2019-06-25 10,34.05,56.92,38.68,33.0,33.6,1004,1.0,340,0.0,40,0,2
2019-06-25 11,35.17,52.5,40.54,34.0,35.89,1000,1.0,70,0.0,75,0,2
2019-06-25 12,35.47,51.42,40.43,34.0,37.0,1000,2.6,110,0.0,75,0,2
2019-06-25 13,36.95,47.35,41.63,36.0,38.0,1003,3.1,110,0.0,40,0,2
2019-06-25 14,37.55,45.62,43.09,35.0,38.0,998,1.0,340,0.0,40,0,2
2019-06-25 15,38.5,41.12,43.6,36.6,38.43,1001,1.5,20,0.0,40,0,2
2019-06-25 16,39.32,37.93,43.21,36.4,39.2,1000,1.5,20,0.0,40,0,2
2019-06-25 17,38.8,38.95,43.51,36.4,39.2,999,2.1,20,0.0,75,0,2
2019-06-25 18,,,42.92,35.0,39.2,997,1.5,300,0.0,75,0,2
2019-06-25 19,,,42.64,35.74,37.04,1000,1.5,300,0.0,75,0,2
2019-06-25 20,,,41.71,33.29,36.0,996,1.0,70,0.0,40,0,2
2019-06-25 21,,,41.5,32.74,36.0,997,1.0,70,0.0,40,0,2
2019-06-25 22,,,40.84,31.23,35.56,997,0.48,179,0.0,40,0,3
2019-06-25 23,,,39.46,30.72,34.0,1002,0.52,135,0.0,40,0,3
2019-06-26 00,,,39.89,31.05,35.56,996,0.86,127,0.0,40,0,3
2019-06-26 01,,,36.73,30.31,35.56,995,2.1,230,0.0,40,0,3
2019-06-26 02,,,36.57,29.99,35.56,995,2.1,280,0.0,40,0,3
2019-06-26 03,,,34.09,28.56,32.0,1001,1.5,230,0.0,40,0,3
2019-06-26 04,,,34.91,28.48,31.0,1001,2.25,239,0.0,20,0,4
2019-06-26 05,,,36.2,30.32,32.0,1001,1.86,227,0.0,20,0,4
2019-06-26 06,,,36.25,30.21,32.0,1001,1.5,240,0.0,20,0,3
2019-06-26 07,,,37.46,31.3,33.0,1001,1.5,240,0.0,20,0,2
2019-06-26 08,,,39.64,32.28,34.0,1002,1.0,230,0.0,20,0,2
2019-06-26 09,,,40.0,32.99,36.0,998,1.5,20,0.0,20,0,4
2019-06-26 10,,,42.49,35.42,37.78,1001,1.0,340,0.0,20,0,5
2019-06-26 11,39.5,38.6,42.91,37.0,39.0,1001,2.6,270,0.0,75,0,4
2019-06-26 12,39.25,40.67,41.47,37.0,39.0,1001,4.1,260,0.0,75,0,3
2019-06-26 13,40.25,36.17,44.03,38.8,40.81,1000,1.5,270,0.0,75,0,3
2019-06-26 14,40.85,33.67,42.08,39.2,40.5,999,5.1,250,0.0,40,0,3
2019-06-26 15,41.78,29.68,42.51,38.8,41.0,998,5.1,280,0.0,40,0,2
2019-06-26 16,41.58,30.12,44.14,38.0,42.0,997,1.5,270,0.0,40,0,2
2019-06-26 17,40.57,32.65,41.53,38.0,41.0,996,4.6,20,0.0,40,0,3
2019-06-26 18,39.32,36.4,42.35,37.22,40.6,993,1.5,20,0.0,20,0,3
2019-06-26 19,38.18,40.38,41.92,36.62,40.0,993,1.5,20,0.0,20,0,3
2019-06-26 20,36.95,43.2,44.88,34.5,40.0,993,1.0,250,0.0,2,0,2
2019-06-26 21,36.05,43.72,43.18,34.37,38.0,994,1.0,250,0.0,0,0,3
2019-06-26 22,35.38,43.65,41.44,33.35,37.0,995,2.34,279,0.0,0,0,3
2019-06-26 23,34.75,46.47,41.1,33.22,37.22,995,2.07,264,0.0,5,0,3
2019-06-27 00,33.58,51.88,39.93,32.8,35.56,999,1.95,275,0.0,35,0,3
2019-06-27 01,33.23,54.08,40.68,29.7,36.67,994,1.89,302,0.0,1,0,2
2019-06-27 02,32.32,58.03,37.45,29.7,33.0,998,1.95,326,0.0,1,0,2
2019-06-27 03,31.35,61.77,35.43,28.54,31.0,998,1.6,8,0.0,1,0,3
2019-06-27 04,30.73,64.05,35.3,29.09,31.0,998,1.0,200,0.0,40,0,3
2019-06-27 05,30.85,65.28,35.97,29.6,31.52,998,1.0,200,0.0,40,0,3
2019-06-27 06,31.75,61.65,34.71,29.6,32.0,998,2.1,240,0.0,40,0,2
2019-06-27 07,32.75,53.92,36.55,31.8,33.42,999,2.1,240,0.0,40,0,4
2019-06-27 08,34.3,49.85,37.74,31.8,34.04,999,2.1,250,0.0,40,0,4
2019-06-27 09,36.7,43.33,39.97,33.0,36.11,995,1.5,320,0.0,40,0,4
2019-06-27 10,38.48,38.7,40.49,36.11,38.0,995,4.1,250,0.0,20,0,3
2019-06-27 11,39.98,32.67,41.32,36.11,39.0,996,2.6,270,0.0,40,9,3
2019-06-27 12,39.3,33.5,40.18,36.2,38.73,995,2.1,340,0.0,75,9,3
2019-06-27 13,37.33,35.0,38.77,36.0,39.51,999,3.1,340,0.0,75,9,2
2019-06-27 14,39.07,31.53,39.12,36.2,39.96,994,4.1,290,0.0,40,9,2
2019-06-27 15,40.2,28.0,40.32,36.67,39.02,993,3.1,250,0.0,20,9,2
2019-06-27 16,40.05,28.68,40.13,38.41,39.27,996,4.1,340,0.0,1,9,2
2019-06-27 17,39.15,31.2,40.44,36.4,39.4,991,4.1,250,0.0,1,9,2
2019-06-27 18,38.38,31.52,39.16,36.4,39.22,992,3.1,270,0.0,1,0,2
2019-06-27 19,37.03,32.12,38.57,36.66,38.27,992,3.1,270,0.0,1,0,2
2019-06-27 20,35.85,36.1,38.99,33.79,36.67,991,1.79,304,0.0,20,0,2
2019-06-27 21,34.92,38.0,36.95,33.17,35.0,997,1.83,286,0.0,20,0,2
2019-06-27 22,33.9,39.88,37.67,31.6,34.0,998,1.95,285,0.0,7,0,2
2019-06-27 23,33.85,41.5,36.46,31.6,33.21,993,2.08,287,0.0,1,0,2
2019-06-28 00,33.5,43.58,35.42,30.56,32.75,993,2.06,286,0.0,1,0,2
2019-06-28 01,32.17,48.45,34.71,29.6,31.71,997,2.05,285,0.0,0,0,3
2019-06-28 02,31.6,50.83,34.73,29.6,31.58,997,1.92,283,0.0,0,0,3
2019-06-28 03,31.35,52.42,33.44,28.93,30.02,997,2.01,295,0.0,0,0,3
2019-06-28 04,30.77,54.52,33.47,28.4,30.0,997,1.83,305,0.0,1,0,3
2019-06-28 05,29.58,59.72,33.24,28.4,31.03,997,1.63,297,0.0,3,0,3
2019-06-28 06,30.4,57.17,33.79,28.4,31.65,997,2.62,279,0.0,5,0,3
2019-06-28 07,33.17,46.55,35.57,30.0,33.2,998,3.19,280,0.0,1,0,4
2019-06-28 08,35.25,39.9,36.8,30.2,35.0,996,3.1,270,0.0,20,0,4
2019-06-28 09,35.7,40.25,34.74,33.2,35.56,996,5.1,250,0.0,75,0,3
2019-06-28 10,36.15,35.65,35.62,34.0,36.59,999,3.1,340,0.0,75,0,2
2019-06-28 11,36.38,32.88,36.92,34.8,38.22,999,4.1,270,0.0,75,0,2
2019-06-28 12,38.55,27.57,39.08,37.0,38.43,998,2.6,240,0.0,75,0,2
2019-06-28 13,40.42,23.55,40.22,38.6,40.63,997,3.1,250,0.0,40,0,1
2019-06-28 14,42.65,18.98,40.59,38.6,43.0,996,5.1,270,0.0,20,0,1
2019-06-28 15,43.12,20.17,42.13,40.46,43.0,995,3.6,270,0.0,20,0,1
2019-06-28 16,42.05,27.08,41.25,39.6,42.0,994,4.6,270,0.0,20,0,1
2019-06-28 17,41.75,27.85,41.83,39.6,41.27,994,4.1,270,0.0,20,0,2
2019-06-28 18,40.45,31.17,40.96,39.0,40.85,993,4.1,270,0.0,20,0,2
2019-06-28 19,39.1,33.67,45.34,36.8,40.0,990,1.0,270,0.0,20,0,2
2019-06-28 20,38.27,35.17,42.97,35.53,38.0,990,1.0,270,0.0,20,0,2
2019-06-28 21,37.25,36.85,41.91,34.37,37.22,991,1.0,270,0.0,20,0,2
2019-06-28 22,36.9,39.6,40.07,32.65,37.22,991,2.6,250,0.0,40,0,2
2019-06-28 23,36.33,38.77,37.0,31.68,35.0,997,2.6,250,0.0,40,0,2
2019-06-29 00,35.3,36.32,35.48,28.89,35.0,992,2.6,250,0.0,40,0,2
2019-06-29 01,34.65,36.73,34.51,28.89,33.0,992,1.0,250,0.0,40,0,2
2019-06-29 02,33.92,37.58,35.0,29.94,33.0,996,1.0,250,0.0,40,0,3
2019-06-29 03,32.62,41.35,34.72,30.19,33.0,996,1.0,250,0.0,40,0,3
2019-06-29 04,31.9,43.9,34.65,30.43,32.0,996,1.5,230,0.0,40,0,3
2019-06-29 05,31.68,45.58,35.34,31.2,33.04,996,1.5,230,0.0,40,0,3
2019-06-29 06,31.75,46.42,35.5,31.2,33.35,997,1.5,230,0.0,40,0,2
2019-06-29 07,33.92,40.62,34.85,33.6,35.06,998,4.1,270,0.0,40,0,2
2019-06-29 08,35.9,36.83,35.87,34.29,35.5,998,4.6,250,0.0,20,0,2
2019-06-29 09,37.38,35.52,36.72,33.6,37.0,998,4.1,250,0.0,1,0,2
2019-06-29 10,39.03,33.7,38.23,36.94,39.0,998,6.2,250,0.0,1,0,2
2019-06-29 11,40.9,30.9,43.72,39.29,41.0,997,2.6,250,0.0,1,0,2
2019-06-29 12,42.15,29.48,42.94,37.6,42.0,997,3.6,290,0.0,1,0,2
2019-06-29 13,43.0,27.75,44.68,41.09,43.0,996,3.1,50,0.0,40,0,2
2019-06-29 14,43.4,26.25,43.03,41.82,43.0,995,5.1,270,0.0,75,0,2
2019-06-29 15,43.7,24.75,43.86,40.99,42.04,994,2.1,270,0.0,40,0,2
2019-06-29 16,43.5,24.2,42.81,40.2,42.12,993,2.1,270,0.0,40,0,2
2019-06-29 17,43.2,24.3,42.14,40.2,42.09,992,3.1,250,0.0,40,0,2
2019-06-29 18,42.3,24.2,42.31,40.2,42.23,993,2.1,250,0.0,20,0,2
2019-06-29 19,40.75,26.38,41.38,38.54,41.0,993,2.1,250,0.0,20,0,2
2019-06-29 20,39.2,29.7,42.06,35.92,40.0,994,1.0,270,0.0,40,0,2
2019-06-29 21,38.35,32.2,41.09,34.66,39.0,994,1.0,270,0.0,40,0,3
2019-06-29 22,37.38,35.43,40.38,33.72,38.0,996,2.07,302,0.0,20,0,3
2019-06-29 23,37.42,36.33,40.32,33.9,37.0,996,1.58,279,0.0,20,0,3
2019-06-30 00,36.67,39.03,39.12,32.92,36.0,996,1.89,279,0.0,20,0,3
2019-06-30 01,34.9,44.05,39.44,32.06,36.0,995,1.91,286,0.0,40,0,3
2019-06-30 02,33.95,46.85,39.09,32.0,35.0,995,1.56,295,0.0,40,0,3
2019-06-30 03,33.5,48.58,38.66,31.12,34.0,995,0.6,262,0.0,40,0,3
2019-06-30 04,34.08,47.77,37.15,31.56,35.0,996,1.0,250,0.0,40,0,3
2019-06-30 05,33.92,48.77,36.91,31.78,34.0,996,1.0,250,0.0,40,0,3
2019-06-30 06,33.35,51.35,36.06,31.76,33.6,996,1.0,250,0.0,40,0,3
2019-06-30 07,34.58,38.32,33.89,32.0,35.4,997,3.6,230,0.0,75,9,3
2019-06-30 08,36.0,30.7,38.01,34.16,36.0,997,1.5,20,0.0,75,0,2
2019-06-30 09,36.97,31.18,36.19,34.8,38.0,998,5.1,260,0.0,40,0,2
2019-06-30 10,39.98,29.55,39.45,36.78,39.0,998,4.1,290,0.0,20,0,2
2019-06-30 11,41.1,30.55,40.77,38.2,41.0,998,5.1,270,0.0,20,0,2
2019-06-30 12,41.83,29.38,42.34,39.52,41.0,997,3.1,300,0.0,20,0,2
2019-06-30 13,42.88,28.55,43.39,40.8,43.0,997,4.6,340,0.0,20,0,2
2019-06-30 14,42.9,28.75,42.43,40.8,43.0,996,5.1,270,0.0,75,0,2
2019-06-30 15,40.9,25.17,40.55,39.72,42.0,995,6.2,340,0.0,75,9,3
2019-06-30 16,42.23,22.92,40.95,39.75,41.2,994,6.2,340,0.0,75,9,3
2019-06-30 17,41.3,30.75,43.65,38.8,41.2,993,2.1,50,0.0,40,0,2
2019-06-30 18,40.1,34.1,43.14,38.61,40.2,994,2.1,350,0.0,75,0,2
2019-06-30 19,38.85,37.9,42.47,36.18,40.0,995,2.1,350,0.0,75,0,2
2019-06-30 20,37.88,41.73,40.26,33.49,38.0,996,1.0,320,0.0,40,0,2
2019-06-30 21,37.5,37.4,39.16,32.07,37.4,996,1.0,320,0.0,40,0,3
2019-06-30 22,37.05,34.47,37.29,29.96,36.0,997,1.0,20,0.0,40,0,3
2019-06-30 23,36.4,35.25,36.7,30.12,35.0,997,1.0,20,0.0,40,0,3
2019-07-01 00,35.02,38.12,36.14,30.22,34.6,997,1.0,20,0.0,40,0,3
2019-07-01 01,35.03,36.98,35.13,29.41,36.67,993,3.1,250,0.0,40,0,4
2019-07-01 02,34.25,39.33,35.08,29.33,36.67,993,3.1,250,0.0,40,0,3
2019-07-01 03,33.38,41.45,33.43,29.74,33.2,997,3.1,250,0.0,40,0,3
2019-07-01 04,33.67,38.5,35.53,30.02,32.0,998,1.0,270,0.0,20,0,3
2019-07-01 05,32.17,59.9,35.92,31.15,32.0,998,1.0,270,0.0,20,0,3
2019-07-01 06,31.73,60.27,34.65,31.13,33.0,999,2.1,220,0.0,14,0,3
2019-07-01 07,32.95,55.27,35.29,31.4,33.0,1000,2.1,220,0.0,1,0,4
2019-07-01 08,34.55,49.95,37.54,31.4,34.0,1000,1.0,200,0.0,1,0,4
2019-07-01 09,35.55,46.95,39.01,31.4,36.0,997,2.6,230,0.0,1,0,3
2019-07-01 10,36.92,44.45,41.64,34.6,38.0,1000,1.0,50,0.0,1,0,3
2019-07-01 11,38.45,39.55,41.3,36.67,39.0,995,2.1,270,0.0,1,0,3
2019-07-01 12,39.15,38.35,41.96,36.67,40.0,995,3.1,50,0.0,1,0,3
2019-07-01 13,39.9,37.58,43.23,38.71,40.11,998,1.5,60,0.0,1,0,3
2019-07-01 14,40.53,36.08,44.85,39.76,42.0,997,2.1,70,0.0,20,0,3
2019-07-01 15,40.75,35.68,43.6,39.26,42.0,996,3.1,50,0.0,20,0,2
2019-07-01 16,40.42,36.17,43.91,37.22,42.0,992,3.6,40,0.0,1,0,2
2019-07-01 17,40.38,35.33,44.09,38.87,41.0,994,3.1,50,0.0,1,0,2
2019-07-01 18,39.33,37.92,46.42,38.59,41.0,994,1.0,40,0.0,40,0,2
2019-07-01 19,38.05,40.92,44.89,36.95,39.0,995,1.0,40,0.0,40,0,2
2019-07-01 20,37.17,46.02,37.92,35.39,36.8,996,3.6,230,0.0,40,0,3
2019-07-01 21,36.6,47.55,37.74,35.18,36.8,997,3.6,230,0.0,40,0,3
2019-07-01 22,36.4,39.77,38.14,33.3,35.0,998,1.33,172,0.0,40,0,3
2019-07-01 23,35.73,35.98,37.95,32.9,35.0,998,1.44,171,0.0,40,0,2
2019-07-02 00,34.62,38.48,37.3,33.06,34.2,998,1.42,176,0.0,40,0,2
2019-07-02 01,34.33,39.45,35.45,32.0,33.22,998,3.1,270,0.0,40,0,2
2019-07-02 02,34.48,39.02,35.43,32.0,33.2,998,3.1,270,0.0,40,0,2
2019-07-02 03,34.0,40.42,34.03,30.53,32.0,998,3.1,270,0.0,40,0,2
2019-07-02 04,32.3,48.92,35.36,30.56,32.0,998,1.02,46,0.0,40,0,2
2019-07-02 05,31.9,49.33,35.34,31.0,32.0,998,1.35,87,0.0,40,0,2
2019-07-02 06,31.58,49.4,35.34,30.89,32.0,999,1.0,240,0.0,20,0,2
2019-07-02 07,31.82,51.52,35.87,31.44,32.27,999,1.0,240,0.0,20,0,3
2019-07-02 08,33.42,48.7,35.13,31.52,33.0,1000,2.1,230,0.0,20,0,3
2019-07-02 09,34.78,43.23,36.29,32.0,34.0,1001,2.1,270,0.0,1,0,3
2019-07-02 10,35.58,43.72,38.92,33.69,36.0,1001,2.1,290,0.0,1,0,3
2019-07-02 11,36.35,48.45,40.33,36.09,37.13,997,3.1,50,0.0,1,0,3
2019-07-02 12,36.55,52.23,42.24,36.67,38.0,996,3.1,30,0.0,1,9,3
2019-07-02 13,38.1,48.12,44.69,37.32,39.0,999,1.5,90,0.0,1,9,3
2019-07-02 14,39.8,43.3,46.28,38.2,41.0,998,1.5,20,0.0,12,9,3
2019-07-02 15,39.95,42.3,45.41,37.22,41.0,993,1.5,20,0.0,26,9,3
2019-07-02 16,39.08,44.23,44.58,37.62,40.6,996,2.6,20,0.0,40,9,3
2019-07-02 17,38.5,46.17,44.51,37.55,40.6,995,2.6,20,0.0,40,9,3
2019-07-02 18,37.62,48.45,43.72,37.34,40.6,996,2.6,20,0.0,40,9,3
2019-07-02 19,36.58,54.95,41.93,36.0,37.18,998,2.6,90,0.0,40,0,3
2019-07-02 20,35.92,57.85,40.76,34.03,37.22,993,2.6,90,0.0,40,0,3
2019-07-02 21,35.5,56.65,39.5,34.02,36.0,998,2.6,90,0.0,40,0,3
2019-07-02 22,34.92,60.35,39.95,32.69,35.0,999,2.1,110,0.0,20,0,2
2019-07-02 23,34.58,58.12,38.99,32.22,34.0,999,2.1,110,0.0,20,0,2
2019-07-03 00,33.65,61.05,38.06,31.93,34.0,1000,2.1,110,0.0,20,0,2
2019-07-03 01,33.35,57.78,38.18,31.2,33.0,999,2.1,140,0.0,20,0,2
2019-07-03 02,32.75,61.15,38.11,30.99,33.0,999,2.1,140,0.0,20,0,2
2019-07-03 03,32.17,64.38,37.0,30.42,32.6,999,2.1,140,0.0,20,0,2
2019-07-03 04,31.83,65.88,37.42,30.58,32.0,999,1.5,90,0.0,20,0,2
2019-07-03 05,31.47,66.85,36.85,30.6,31.58,1000,1.5,90,0.0,20,0,2
2019-07-03 06,31.15,68.6,36.93,30.6,31.75,1000,1.5,90,0.0,20,0,2
2019-07-03 07,32.07,64.93,38.31,32.63,33.8,1000,2.6,70,0.0,40,0,2
2019-07-03 08,33.7,59.35,39.26,32.75,35.56,996,2.6,70,0.0,40,0,2
2019-07-03 09,33.9,57.95,39.38,32.77,35.0,1000,2.6,70,0.0,40,0,2
2019-07-03 10,33.7,61.28,39.75,34.0,35.2,1001,2.6,70,0.0,40,0,2
2019-07-03 11,34.5,57.83,40.05,32.8,36.56,1000,2.6,70,0.0,40,0,2
2019-07-03 12,35.7,52.12,41.62,35.0,37.0,1000,2.6,70,0.0,40,0,2
2019-07-03 13,36.6,49.27,42.19,36.0,38.4,994,2.6,50,0.0,40,0,1
2019-07-03 14,37.48,45.55,43.89,38.0,38.67,998,2.6,50,0.0,40,0,1
2019-07-03 15,38.88,40.57,43.31,37.22,38.4,993,2.6,50,0.0,40,0,1
2019-07-03 16,38.3,41.95,40.52,35.56,39.8,992,2.6,50,0.0,40,0,1
2019-07-03 17,38.4,42.23,40.72,36.0,39.8,993,2.6,50,0.0,40,0,1
2019-07-03 18,38.2,42.05,40.28,36.0,39.8,992,2.6,50,0.0,40,0,1
2019-07-03 19,37.38,43.85,39.38,36.67,37.15,992,3.1,50,0.0,40,0,1
2019-07-03 20,36.85,45.62,41.13,34.56,37.22,993,2.1,110,0.0,40,0,1
2019-07-03 21,36.3,47.4,40.41,34.37,37.22,993,2.1,110,0.0,40,0,1
2019-07-03 22,35.85,49.02,39.75,33.44,36.67,993,3.1,110,0.0,40,0,1
2019-07-03 23,35.5,51.17,38.92,33.27,36.11,993,3.1,110,0.0,40,0,1
2019-07-04 00,35.08,52.6,38.45,33.22,35.0,998,3.1,110,0.0,40,0,1
2019-07-04 01,34.45,56.15,39.38,32.58,34.0,998,1.0,340,0.0,40,0,1
2019-07-04 02,33.62,60.12,38.71,32.6,33.03,998,1.0,340,0.0,40,0,2
2019-07-04 03,33.2,62.67,38.25,31.61,33.0,998,1.0,340,0.0,40,0,2
2019-07-04 04,33.08,64.2,37.55,30.96,33.0,998,2.1,110,0.0,20,0,2
2019-07-04 05,32.83,65.45,36.99,31.62,32.39,998,2.1,110,0.0,20,0,2
2019-07-04 06,32.73,65.83,36.85,31.34,32.0,998,2.1,110,0.0,20,0,2
2019-07-04 07,32.65,67.88,36.92,30.8,35.2,995,4.1,140,0.0,40,0,1
2019-07-04 08,32.77,70.8,38.21,30.54,35.56,995,4.1,140,0.0,40,0,1
2019-07-04 09,34.8,57.35,38.67,30.27,35.56,995,4.1,140,0.0,40,0,1
2019-07-04 10,36.12,51.95,38.35,31.09,36.4,994,3.1,340,0.0,90,0,1
2019-07-04 11,35.5,53.57,39.31,32.0,37.0,994,3.1,340,0.0,90,0,1
2019-07-04 12,32.45,71.53,39.35,32.0,37.0,994,3.1,340,0.0,90,0,2
2019-07-04 13,31.55,78.15,36.57,29.8,33.28,998,5.1,20,0.0,90,0,2
2019-07-04 14,29.48,85.85,35.44,29.0,36.11,994,5.1,20,0.0,90,0,2
2019-07-04 15,28.93,86.9,34.26,27.0,36.11,994,5.1,20,0.0,90,0,2
2019-07-04 16,28.6,86.88,38.4,28.0,36.11,993,1.0,340,1.5,90,5,2
2019-07-04 17,27.5,92.95,38.39,28.0,36.11,993,1.0,340,1.5,90,5,2
2019-07-04 18,27.53,93.22,37.95,28.0,35.56,992,1.0,340,1.5,90,5,1
2019-07-04 19,27.8,93.33,36.73,28.6,31.55,996,1.0,250,0.0,90,2,2
2019-07-04 20,28.2,90.25,35.96,28.6,29.94,997,1.0,250,0.0,90,2,3
2019-07-04 21,27.9,89.93,35.91,28.6,29.74,998,1.0,250,0.0,90,2,3
2019-07-04 22,28.2,87.43,34.85,28.66,29.4,998,1.5,140,0.0,90,2,3
2019-07-04 23,28.57,87.88,34.92,28.79,29.4,998,1.5,140,0.0,90,2,3
2019-07-05 00,29.27,84.73,35.0,29.0,29.43,998,1.5,140,0.0,90,2,2
2019-07-05 01,28.98,87.42,34.86,28.23,29.11,997,1.0,340,0.0,90,2,2
2019-07-05 02,29.07,88.2,34.52,27.5,29.0,997,1.0,340,0.0,90,2,2
2019-07-05 03,28.85,89.33,34.57,27.65,29.0,997,1.0,340,0.0,90,2,5
2019-07-05 04,27.82,92.25,33.82,27.39,28.4,996,1.49,65,0.0,90,2,5
2019-07-05 05,27.75,91.5,34.03,27.86,28.51,997,1.5,56,0.0,90,2,5
2019-07-05 06,27.98,90.7,34.7,27.73,29.0,997,1.62,51,0.0,90,2,5
2019-07-05 07,28.57,86.42,35.98,28.48,29.8,997,1.0,20,0.0,90,2,5
2019-07-05 08,29.2,83.03,36.73,28.77,30.0,997,1.0,20,0.0,90,2,5
2019-07-05 09,29.9,81.03,36.83,28.8,30.0,997,1.0,20,0.0,90,2,5
2019-07-05 10,32.9,68.28,37.74,31.17,33.89,991,2.6,270,0.0,90,0,5
2019-07-05 11,34.77,60.12,38.1,32.75,33.89,991,3.1,300,0.0,90,0,3
2019-07-05 12,34.08,63.38,38.56,32.78,34.24,991,2.6,290,0.0,90,0,3
2019-07-05 13,31.25,77.88,39.12,28.8,33.46,992,1.0,90,0.38,90,4,3
2019-07-05 14,29.5,84.85,39.14,28.8,33.89,991,1.0,90,0.22,90,4,2
2019-07-05 15,31.25,76.07,38.04,28.8,31.33,995,1.0,90,1.56,90,4,2
2019-07-05 16,30.93,71.35,37.57,29.84,32.78,990,1.0,110,0.0,40,2,2
2019-07-05 17,30.58,72.3,38.81,30.31,33.8,990,1.0,110,0.0,40,2,1
2019-07-05 18,31.15,68.15,38.49,30.4,33.33,990,1.0,110,0.0,40,2,1
2019-07-05 19,30.75,67.4,35.31,29.0,30.73,995,2.1,140,0.0,20,0,1
2019-07-05 20,29.83,72.97,34.32,29.0,30.13,995,2.1,140,0.0,20,0,1
2019-07-05 21,29.48,77.45,34.18,29.0,29.74,995,2.1,140,0.0,20,0,1
2019-07-05 22,29.43,77.3,34.43,28.36,29.0,996,1.5,160,0.0,20,0,1
2019-07-05 23,28.9,81.62,34.33,28.17,29.0,996,1.5,160,0.0,20,0,1
2019-07-06 00,28.52,83.47,34.35,28.11,29.0,996,1.5,160,0.0,20,0,1
2019-07-06 01,28.4,81.47,34.85,27.56,29.0,995,0.89,174,0.0,20,0,1
2019-07-06 02,28.02,83.23,34.33,27.34,29.0,995,0.84,145,0.0,20,0,1
2019-07-06 03,27.58,85.22,33.74,27.08,28.0,995,0.98,228,0.0,20,0,1
2019-07-06 04,26.98,88.43,33.61,27.19,28.0,995,1.0,110,0.0,20,0,1
2019-07-06 05,27.88,85.05,34.1,27.4,28.88,995,1.0,110,0.0,20,0,1
2019-07-06 06,27.9,86.35,34.07,27.4,28.78,995,1.0,110,0.0,20,0,1
2019-07-06 07,28.68,83.62,34.95,29.0,30.4,996,2.1,90,0.0,40,2,2
2019-07-06 08,29.95,78.57,35.65,29.48,30.4,996,2.1,90,0.0,40,2,2
2019-07-06 09,32.08,67.92,37.3,29.12,32.22,993,2.1,90,0.0,40,2,2
2019-07-06 10,33.58,60.93,38.3,31.02,35.0,996,2.1,70,0.0,40,0,2
2019-07-06 11,35.03,52.75,38.85,31.73,35.0,992,2.1,70,0.0,40,0,2
2019-07-06 12,35.83,50.9,39.29,32.22,36.0,991,2.1,110,0.0,75,0,2
2019-07-06 13,36.75,45.67,39.79,32.43,36.0,991,1.0,70,0.0,75,0,2
2019-07-06 14,36.2,49.12,39.22,32.37,36.0,991,2.1,180,0.0,75,0,2
2019-07-06 15,36.67,48.18,40.05,32.6,37.0,989,2.1,90,0.0,75,0,2
2019-07-06 16,36.75,47.02,36.95,30.4,37.0,990,2.1,70,0.0,75,0,1
2019-07-06 17,35.85,52.1,38.29,30.4,36.0,991,3.1,90,0.0,75,0,1
2019-07-06 18,35.17,54.35,38.49,30.4,35.0,990,3.1,120,0.0,75,0,1
2019-07-06 19,33.62,59.25,37.69,30.24,35.0,991,3.1,120,0.0,75,0,1
2019-07-06 20,32.5,64.55,37.53,29.9,32.2,995,1.0,110,0.0,40,0,1
2019-07-06 21,31.9,65.85,37.29,29.34,32.2,995,1.0,110,0.0,40,0,1
2019-07-06 22,31.45,70.65,35.43,28.38,30.6,996,1.0,70,0.0,40,2,1
2019-07-06 23,31.15,71.75,35.51,28.4,30.6,996,1.0,70,0.0,40,2,1
2019-07-07 00,30.67,73.6,35.49,28.47,30.6,996,1.0,70,0.0,40,2,1
2019-07-07 01,,,35.25,28.12,30.0,996,1.0,90,0.0,20,2,6
2019-07-07 02,,,34.52,28.2,29.2,996,1.0,90,0.0,20,2,6
2019-07-07 03,,,34.29,27.56,29.2,996,1.0,90,0.0,20,2,6
2019-07-07 04,,,33.71,27.68,29.0,995,2.14,96,0.0,40,2,6
2019-07-07 05,,,34.21,28.33,29.0,995,1.75,102,0.0,40,2,6
2019-07-07 06,,,34.34,28.4,29.0,996,1.0,220,0.0,40,2,6
2019-07-07 07,,,35.09,29.0,31.0,997,1.0,220,0.0,40,2,6
2019-07-07 08,,,36.86,29.0,31.0,997,1.0,230,0.0,75,2,6
2019-07-07 09,,,38.06,30.69,32.78,993,1.0,260,0.0,40,2,6
2019-07-07 10,,,39.28,32.16,33.0,994,1.5,70,0.0,40,2,6
2019-07-07 11,,,39.47,32.78,35.0,994,1.5,340,0.0,75,0,6
2019-07-07 12,,,39.08,32.78,35.0,993,1.5,210,0.0,75,0,6
2019-07-07 13,,,35.95,31.0,35.36,993,5.1,260,0.0,75,0,6
2019-07-07 14,,,38.8,32.0,35.56,992,2.1,270,0.0,90,0,6
2019-07-07 15,,,40.59,34.0,34.61,995,0.8,274,0.0,75,0,6
2019-07-07 16,,,41.12,33.8,36.0,991,1.6,273,0.0,40,0,6
2019-07-07 17,,,38.88,32.2,35.5,991,1.5,270,0.0,75,0,6
2019-07-07 18,,,36.16,32.0,33.06,991,4.1,250,0.0,75,0,6
2019-07-07 19,,,36.04,31.67,33.0,991,4.1,250,0.0,75,0,6
2019-07-07 20,,,37.14,30.79,33.0,990,1.73,125,0.0,40,0,6
2019-07-07 21,,,36.99,30.85,33.0,991,2.01,144,0.0,40,0,6
2019-07-07 22,,,38.88,30.28,32.78,993,1.0,200,0.0,40,0,6
2019-07-07 23,,,38.7,30.3,32.22,994,1.0,200,0.0,40,0,6
2019-07-08 00,,,37.71,29.74,32.22,993,1.0,200,0.0,40,0,6
2019-07-08 01,,,37.03,28.61,32.22,993,2.1,230,0.0,40,2,6
2019-07-08 02,,,36.15,28.44,31.67,992,2.1,230,0.0,40,2,6
2019-07-08 03,,,34.64,27.88,30.8,996,2.1,230,0.0,40,2,6
2019-07-08 04,,,34.92,27.76,29.6,996,1.15,172,0.0,20,2,6
2019-07-08 05,,,35.14,28.2,29.6,996,1.18,180,0.0,20,2,6
2019-07-08 06,,,34.71,28.32,30.0,996,1.48,166,0.0,20,2,6
2019-07-08 07,,,37.01,29.18,32.22,993,1.42,169,0.0,20,2,6
2019-07-08 08,,,39.14,29.02,35.0,995,1.0,50,0.0,20,0,6
2019-07-08 09,,,38.13,29.48,35.0,995,2.1,120,0.0,75,0,6
2019-07-08 10,,,39.39,29.8,35.0,995,2.1,70,0.0,90,0,6
2019-07-08 11,,,40.05,32.86,36.0,994,2.6,110,0.0,90,0,2
2019-07-08 12,34.77,57.1,40.02,32.79,36.0,994,4.1,70,0.0,75,0,2
2019-07-08 13,36.2,53.55,40.69,33.33,36.0,993,2.6,160,0.0,75,0,6
2019-07-08 14,36.2,52.2,38.27,33.6,35.62,992,3.1,270,0.0,75,0,2
2019-07-08 15,36.33,47.93,39.9,33.6,36.0,991,2.1,170,0.0,75,0,2
2019-07-08 16,38.38,44.38,38.99,33.33,35.0,991,2.6,220,0.0,75,0,2
2019-07-08 17,36.05,51.17,38.52,33.0,35.23,991,2.1,230,0.0,75,0,2
2019-07-08 18,35.17,54.15,39.11,33.0,35.59,991,1.0,150,0.0,75,0,2
2019-07-08 19,33.55,61.77,39.5,32.55,35.0,995,1.0,150,0.0,75,0,2
2019-07-08 20,32.97,65.03,39.03,30.09,33.0,995,1.5,110,0.0,75,0,2
2019-07-08 21,32.7,64.75,37.37,29.44,32.6,991,1.5,110,0.0,75,0,2
2019-07-08 22,32.67,63.42,37.25,28.33,32.0,991,1.0,140,0.0,75,2,2
2019-07-08 23,32.17,66.03,37.27,28.33,32.0,992,1.0,140,0.0,75,2,2
2019-07-09 00,31.73,70.22,38.12,29.96,32.0,996,1.0,140,0.0,75,2,2
2019-07-09 01,31.55,74.0,36.95,29.2,31.11,990,1.5,180,0.0,40,2,2
2019-07-09 02,31.35,75.7,37.19,28.89,32.22,990,1.5,180,0.0,40,2,2
2019-07-09 03,31.1,77.92,36.44,27.61,32.22,990,1.5,180,0.0,40,2,2
2019-07-09 04,31.25,73.65,32.11,27.6,29.8,995,3.1,230,0.0,40,0,2
2019-07-09 05,30.95,68.65,32.06,27.36,29.8,995,3.1,230,0.0,40,0,2
2019-07-09 06,30.73,67.78,33.7,27.55,31.0,996,1.5,230,0.0,75,0,1
2019-07-09 07,31.42,64.55,35.05,27.2,32.22,993,1.5,230,0.0,75,0,1
2019-07-09 08,32.33,61.07,35.5,27.2,32.22,994,1.5,160,0.0,75,0,1
2019-07-09 09,33.38,57.72,36.32,27.2,32.78,994,1.0,220,0.0,75,0,1
2019-07-09 10,33.83,56.4,35.28,28.7,33.0,994,3.1,220,0.0,75,0,1
2019-07-09 11,33.38,58.3,36.69,29.98,34.0,997,2.1,250,0.0,75,0,2
2019-07-09 12,34.27,59.05,36.68,31.0,34.0,997,3.6,200,0.0,75,0,2
2019-07-09 13,35.45,54.17,36.79,31.6,34.0,996,3.6,200,0.0,75,8,2
2019-07-09 14,32.42,70.58,36.65,31.6,32.42,995,3.1,230,0.0,75,0,2
2019-07-09 15,29.2,88.75,36.64,31.37,34.0,996,4.1,340,0.0,75,0,2
2019-07-09 16,28.02,86.22,37.3,30.49,32.29,995,3.1,50,0.0,75,0,2
2019-07-09 17,27.98,85.03,36.71,30.45,32.28,995,2.1,50,0.0,75,2,1
2019-07-09 18,28.5,84.95,37.57,30.62,33.89,992,1.5,60,0.0,75,2,1
2019-07-09 19,28.6,84.83,36.45,30.0,31.0,996,1.5,60,0.0,75,2,2
2019-07-09 20,29.0,83.25,35.18,29.87,30.29,996,2.1,160,0.0,40,2,2
2019-07-09 21,29.73,79.28,35.06,29.67,30.01,997,2.1,160,0.0,40,2,2
2019-07-09 22,29.77,77.25,34.97,29.07,30.0,997,2.6,140,0.0,40,2,2
2019-07-09 23,29.9,73.25,35.06,29.2,30.0,997,2.6,140,0.0,40,2,2
2019-07-10 00,30.02,76.03,34.94,28.99,30.0,997,2.6,140,0.0,40,2,2
2019-07-10 01,29.7,82.18,35.62,28.3,30.0,996,1.0,110,0.0,40,2,2
2019-07-10 02,29.62,84.72,35.62,28.33,30.0,995,1.0,110,0.0,40,2,2
2019-07-10 03,29.65,81.7,35.31,27.44,30.0,995,1.0,110,0.0,40,2,2
2019-07-10 04,29.6,80.3,35.69,27.44,30.0,995,1.3,100,0.0,90,2,2
2019-07-10 05,29.12,86.97,34.83,27.8,29.0,996,1.7,98,0.0,90,2,2
2019-07-10 06,28.15,94.75,35.63,28.03,30.0,997,1.0,60,0.0,90,2,2
2019-07-10 07,28.68,90.7,35.44,28.45,30.0,997,1.5,70,0.0,90,2,2
2019-07-10 08,29.88,85.0,36.2,28.61,32.78,993,3.1,110,0.0,75,2,3
2019-07-10 09,31.38,77.85,37.83,29.44,33.0,994,1.5,240,0.0,75,0,3
2019-07-10 10,33.9,66.2,36.92,31.4,34.0,993,3.6,240,0.0,75,0,3
2019-07-10 11,35.7,54.92,38.74,33.33,35.29,993,3.1,250,0.0,75,0,2
2019-07-10 12,37.15,47.08,38.67,33.33,36.0,992,4.1,290,0.0,75,0,2
2019-07-10 13,37.9,45.02,40.46,36.0,37.49,995,4.1,240,0.0,75,9,2
2019-07-10 14,38.22,43.7,40.31,37.0,37.95,995,4.6,270,0.0,75,9,3
2019-07-10 15,38.45,43.38,39.53,33.89,38.0,991,4.1,260,0.0,75,9,3
2019-07-10 16,38.17,45.08,39.7,33.89,38.0,990,4.1,270,0.0,75,9,3
2019-07-10 17,37.98,45.83,40.94,33.89,38.0,990,3.1,230,0.0,75,9,3
2019-07-10 18,37.62,45.92,41.09,34.2,38.0,989,3.1,280,0.0,75,9,4
2019-07-10 19,37.2,46.25,40.56,34.22,37.0,990,3.1,280,0.0,75,9,4
2019-07-10 20,35.6,56.47,40.24,32.05,36.0,994,2.1,200,0.0,40,7,4
2019-07-10 21,34.48,63.17,40.06,31.46,36.0,994,2.1,200,0.0,40,7,4
2019-07-10 22,34.23,64.53,40.77,30.25,35.0,990,1.0,50,0.0,40,0,4
2019-07-10 23,33.67,63.35,40.79,30.17,35.0,990,1.0,50,0.0,40,0,3
2019-07-11 00,32.92,68.17,40.69,30.35,35.0,989,1.0,50,0.0,40,0,3
2019-07-11 01,32.68,66.55,37.14,29.86,34.44,990,2.1,250,0.0,40,0,4
2019-07-11 02,33.75,51.62,35.86,29.66,34.44,989,2.1,250,0.0,40,0,3
2019-07-11 03,33.58,49.95,35.49,28.51,34.44,989,2.1,250,0.0,40,0,3
2019-07-11 04,33.4,48.88,34.27,28.68,34.44,989,3.6,230,0.0,20,0,2
2019-07-11 05,33.03,49.9,34.33,28.97,33.89,989,3.6,230,0.0,20,0,2
2019-07-11 06,32.67,51.7,32.5,29.05,33.89,991,6.2,230,0.0,75,0,1
2019-07-11 07,32.95,52.25,33.46,30.33,33.33,993,6.2,230,0.0,75,0,1
2019-07-11 08,33.85,50.58,35.09,31.21,34.0,993,5.1,230,0.0,75,0,2
2019-07-11 09,35.32,47.2,35.39,32.05,35.0,993,5.7,230,0.0,75,0,2
2019-07-11 10,36.65,44.38,37.27,33.0,36.0,993,4.1,250,0.0,40,0,2
2019-07-11 11,37.95,41.33,38.72,33.89,37.0,993,5.1,250,0.0,40,9,3
2019-07-11 12,38.7,39.9,40.17,33.0,38.0,993,3.1,260,0.0,40,9,4
2019-07-11 13,39.4,39.2,39.67,34.2,38.0,993,4.1,250,0.0,40,9,4
2019-07-11 14,40.02,38.4,40.47,34.2,39.0,993,3.1,250,0.0,40,9,3
2019-07-11 15,40.08,38.38,40.93,33.65,39.0,992,3.1,250,0.0,75,9,3
2019-07-11 16,39.52,40.7,42.94,34.52,39.0,995,3.1,250,0.0,75,9,3
2019-07-11 17,36.23,53.78,42.08,34.47,39.0,991,2.1,270,0.0,90,9,3
2019-07-11 18,36.1,60.6,41.32,33.72,38.0,991,2.1,270,0.0,90,9,4
2019-07-11 19,34.8,64.45,42.24,32.17,36.0,991,3.1,70,0.0,40,0,3
2019-07-11 20,33.12,60.85,41.04,30.42,35.56,991,3.1,70,0.0,40,0,3
2019-07-11 21,32.02,76.07,40.15,30.03,35.56,991,3.1,70,0.0,40,0,3
2019-07-11 22,32.1,78.65,40.29,28.92,35.56,992,2.1,50,0.0,40,2,2
2019-07-11 23,31.88,79.8,38.44,29.09,32.6,997,2.1,50,0.0,40,2,2
2019-07-12 00,31.35,83.8,38.43,29.13,32.6,997,2.1,50,0.0,40,2,2
2019-07-12 01,31.17,86.28,38.77,28.67,32.0,996,1.0,140,0.0,40,2,2
2019-07-12 02,31.08,86.95,38.6,28.42,32.0,996,1.0,140,0.0,40,2,2
2019-07-12 03,30.95,87.47,39.61,27.55,35.0,991,1.0,140,0.0,40,2,3
2019-07-12 04,31.55,83.5,36.18,27.62,35.0,991,2.1,230,0.0,40,0,2
2019-07-12 05,31.68,81.72,36.24,28.04,34.44,991,2.1,230,0.0,40,0,2
2019-07-12 06,30.95,88.3,35.77,28.99,34.44,993,2.6,260,0.0,75,0,3
2019-07-12 07,30.98,86.33,36.11,30.51,34.44,995,2.6,260,0.0,75,0,3
2019-07-12 08,32.5,69.53,35.77,31.56,34.0,996,3.6,250,0.0,90,0,3
2019-07-12 09,34.45,50.03,36.17,31.88,34.0,996,3.1,250,0.0,90,9,3
2019-07-12 10,35.52,46.9,38.0,32.89,35.0,996,3.1,250,0.0,90,9,3
2019-07-12 11,36.75,43.15,38.0,33.51,36.0,996,4.1,250,0.0,75,9,3
2019-07-12 12,37.08,42.2,39.31,33.67,36.0,996,3.1,250,0.0,90,9,4
2019-07-12 13,37.85,41.08,39.46,34.44,38.0,995,5.1,250,0.0,90,9,4
2019-07-12 14,38.48,39.35,40.69,34.44,39.0,995,3.1,250,0.0,75,9,5
2019-07-12 15,39.12,37.58,41.6,35.53,38.0,998,3.1,280,0.0,75,9,5
2019-07-12 16,39.12,37.33,40.32,35.0,38.0,993,3.6,260,0.0,75,9,5
2019-07-12 17,38.4,37.55,41.32,34.44,38.0,993,2.6,200,0.0,75,9,4
2019-07-12 18,36.0,56.08,42.12,35.0,38.0,993,1.5,250,0.0,75,9,4
2019-07-12 19,34.78,62.05,41.63,34.1,37.0,997,1.5,250,0.0,75,9,4
2019-07-12 20,34.0,66.8,41.55,33.03,37.0,994,1.5,270,0.0,40,0,5
2019-07-12 21,33.5,68.95,40.77,32.62,36.0,999,1.5,270,0.0,40,0,4
2019-07-12 22,32.92,74.42,42.99,31.68,36.0,994,1.0,90,0.0,40,0,4
2019-07-12 23,32.6,75.08,41.25,30.86,35.56,995,1.0,90,0.0,40,0,4
2019-07-13 00,32.38,77.0,41.4,30.99,35.56,994,1.0,90,0.0,40,0,4
2019-07-13 01,32.3,76.25,38.47,30.46,35.56,993,2.1,250,0.0,40,0,4
2019-07-13 02,32.48,72.0,38.41,30.13,35.56,993,2.1,250,0.0,40,0,3
2019-07-13 03,33.62,51.77,37.23,28.65,35.56,993,2.1,250,0.0,40,0,2
2019-07-13 04,33.65,48.88,34.94,28.8,35.56,993,5.1,250,0.0,40,0,2
2019-07-13 05,33.25,49.82,34.97,29.25,35.56,994,5.1,250,0.0,40,0,1
2019-07-13 06,33.05,50.32,33.61,29.97,33.89,995,5.1,230,0.0,40,9,1
2019-07-13 07,33.12,50.32,34.69,31.4,35.0,996,5.1,230,0.0,40,9,1
2019-07-13 08,33.7,49.35,35.84,32.21,34.44,996,5.1,230,0.0,75,9,1
2019-07-13 09,35.0,46.22,37.07,32.39,35.0,996,4.1,280,0.0,75,9,2
2019-07-13 10,36.12,43.9,38.16,32.89,37.0,997,5.1,250,0.0,75,9,2
2019-07-13 11,36.98,42.25,38.37,33.6,37.0,997,5.1,250,0.0,75,9,5
2019-07-13 12,38.48,38.0,39.67,33.6,38.0,996,4.1,250,0.0,75,9,5
2019-07-13 13,39.2,36.45,40.28,35.56,38.0,995,4.1,260,0.0,75,9,4
2019-07-13 14,39.9,34.75,40.16,35.56,39.0,995,4.1,270,0.0,40,9,4
2019-07-13 15,39.58,34.6,40.7,35.6,39.0,994,3.1,250,0.0,75,9,4
2019-07-13 16,39.55,34.9,42.13,36.11,39.0,994,3.1,230,0.0,75,9,3
2019-07-13 17,39.15,35.65,41.37,35.56,39.0,994,4.1,230,0.0,40,0,3
2019-07-13 18,38.27,38.38,40.97,36.11,38.0,993,3.1,250,0.0,20,0,3
2019-07-13 19,34.6,65.4,40.1,35.11,38.0,994,3.1,250,0.0,20,0,3
2019-07-13 20,33.05,70.88,42.59,33.83,37.0,993,1.5,340,0.0,20,0,3
2019-07-13 21,31.95,72.07,40.25,32.31,36.67,993,1.5,340,0.0,20,0,3
2019-07-13 22,31.8,66.97,37.87,30.81,33.03,999,3.05,51,0.0,20,0,2
2019-07-13 23,32.02,63.92,37.78,30.37,33.0,999,2.84,61,0.0,20,0,2
2019-07-14 00,31.75,64.12,37.06,29.8,32.2,998,2.25,71,0.0,20,0,3
2019-07-14 01,31.45,63.35,37.7,29.52,32.0,998,1.0,140,0.0,40,0,3
2019-07-14 02,31.6,63.85,36.89,29.3,31.58,997,1.0,140,0.0,40,0,2
2019-07-14 03,31.4,65.1,36.11,27.72,31.2,997,1.0,140,0.0,40,0,2
2019-07-14 04,31.43,66.95,33.9,27.69,35.56,991,5.1,230,0.0,40,0,2
2019-07-14 05,32.05,60.8,33.64,28.46,33.0,996,5.1,230,0.0,40,0,2
2019-07-14 06,32.58,52.08,33.97,29.35,35.0,993,5.1,250,0.0,75,0,2
2019-07-14 07,33.02,49.33,35.15,31.13,34.44,994,5.1,240,0.0,90,0,2
2019-07-14 08,34.05,46.27,36.64,32.26,34.44,995,3.1,250,0.0,75,0,2
2019-07-14 09,34.83,44.75,37.11,32.65,35.0,996,4.1,250,0.0,75,9,2
2019-07-14 10,36.02,42.17,38.01,33.14,36.0,995,4.1,260,0.0,75,9,3
2019-07-14 11,35.05,48.67,39.65,34.06,36.0,995,3.1,270,0.0,75,9,3
2019-07-14 12,34.85,49.17,40.24,34.43,37.0,995,3.1,260,0.0,75,9,3
2019-07-14 13,36.07,46.95,40.72,35.01,37.0,998,3.1,240,0.0,75,9,3
2019-07-14 14,37.05,44.33,41.41,35.36,38.0,998,3.1,340,0.0,75,9,3
2019-07-14 15,36.75,45.42,43.64,33.6,38.0,997,1.0,340,0.0,75,9,3
2019-07-14 16,35.5,52.85,43.1,35.59,39.0,996,3.1,250,0.0,75,9,3
2019-07-14 17,34.33,56.02,44.25,34.88,38.0,996,1.5,50,0.0,75,9,3
2019-07-14 18,34.28,56.05,42.27,33.88,38.0,996,3.1,50,0.0,75,0,3
2019-07-14 19,32.4,61.55,41.07,32.44,36.67,993,3.1,50,0.0,75,0,3
2019-07-14 20,31.75,59.83,39.01,29.97,34.0,997,2.6,70,0.0,40,0,3
2019-07-14 21,31.3,59.95,37.81,29.11,33.0,997,2.6,70,0.0,40,0,2
2019-07-14 22,31.15,56.12,35.12,28.48,32.0,998,3.1,50,0.0,40,0,2
2019-07-14 23,29.95,64.78,34.19,28.39,31.0,998,3.1,50,0.0,40,0,2
2019-07-15 00,28.4,74.78,33.32,28.33,30.6,997,3.1,50,0.0,40,0,1
2019-07-15 01,27.62,78.65,32.31,27.5,28.4,997,2.1,50,0.0,40,2,1
2019-07-15 02,27.25,79.45,32.35,27.57,28.4,996,2.1,50,0.0,40,2,1
2019-07-15 03,27.3,79.42,31.98,26.54,28.4,996,2.1,50,0.0,40,2,1
2019-07-15 04,26.93,82.25,31.84,26.35,28.0,996,2.6,70,0.0,40,2,1
2019-07-15 05,26.7,85.03,31.98,26.57,28.0,996,2.6,70,0.0,40,2,1
2019-07-15 06,26.7,85.8,32.26,26.74,28.34,997,2.6,90,0.0,75,0,1
2019-07-15 07,26.82,86.22,32.79,26.0,29.4,998,2.6,90,0.0,75,0,1
2019-07-15 08,28.12,80.73,33.06,26.0,30.49,998,3.1,50,0.0,75,0,1
2019-07-15 09,29.73,73.33,34.77,26.0,33.89,995,2.1,120,0.0,75,0,1
2019-07-15 10,31.45,66.35,35.58,29.2,33.89,995,3.1,90,0.0,75,0,2
2019-07-15 11,33.25,60.12,38.26,31.92,33.89,994,1.0,180,0.0,75,0,2
2019-07-15 12,34.62,54.27,39.79,32.73,34.0,994,1.5,150,0.0,75,0,2
2019-07-15 13,33.75,56.98,41.77,34.0,36.0,994,1.0,50,0.0,75,0,2
2019-07-15 14,33.12,60.85,40.21,33.0,35.35,997,1.5,90,0.0,75,0,2
2019-07-15 15,34.15,57.17,30.45,27.0,34.89,998,7.7,250,0.0,90,9,2
2019-07-15 16,28.73,79.03,31.23,23.0,34.95,994,3.1,350,0.0,90,8,2
2019-07-15 17,23.55,99.3,32.94,24.0,34.75,994,2.1,50,0.11,90,8,2
2019-07-15 18,24.62,99.3,32.62,24.0,33.33,993,2.1,70,0.0,75,2,1
2019-07-15 19,,,31.38,25.0,28.45,997,2.1,70,0.0,75,2,6
2019-07-15 20,,,31.56,25.68,26.6,998,2.1,20,0.0,40,2,6
2019-07-15 21,,,32.54,25.84,27.0,999,2.1,20,0.0,40,2,6
2019-07-15 22,,,31.12,25.49,26.12,1000,1.5,90,0.0,75,2,6
2019-07-15 23,,,31.12,25.53,26.18,1000,1.5,90,0.0,75,2,6
2019-07-16 00,,,32.01,25.6,27.0,1000,1.5,90,0.0,75,2,6
2019-07-16 01,,,30.65,25.59,27.0,999,2.1,140,0.0,75,2,6
2019-07-16 02,,,30.6,25.45,27.0,998,2.1,140,0.0,75,2,6
2019-07-16 03,,,29.85,24.75,27.0,998,2.1,140,0.0,75,2,6
2019-07-16 04,,,31.63,24.75,30.56,992,1.5,70,0.0,90,2,6
2019-07-16 05,,,30.23,25.0,26.0,999,1.5,70,0.0,90,2,6
2019-07-16 06,,,31.18,25.15,26.0,1000,1.5,50,0.0,90,2,6
2019-07-16 07,,,29.49,23.8,26.31,1001,3.6,70,0.0,90,2,6
2019-07-16 08,,,29.66,23.8,27.0,1001,3.1,70,0.61,90,8,6
2019-07-16 09,,,31.58,23.8,29.0,1002,2.1,60,0.0,75,2,6
2019-07-16 10,29.7,69.1,32.75,24.6,32.22,999,3.1,50,0.0,75,0,2
2019-07-16 11,30.03,68.33,35.02,28.35,32.0,1002,2.6,50,0.0,75,0,1
2019-07-16 12,31.1,65.57,35.44,28.89,32.0,1002,3.1,30,0.0,75,0,1
2019-07-16 13,32.3,60.0,36.58,29.56,33.0,998,2.1,90,0.0,75,0,1
2019-07-16 14,30.93,67.67,33.52,25.8,32.78,998,3.1,70,0.72,90,4,1
2019-07-16 15,30.7,69.42,36.78,28.44,30.0,1002,1.0,60,0.0,90,2,1
2019-07-16 16,28.85,82.23,35.49,27.6,30.0,1000,1.5,80,0.0,75,2,1
2019-07-16 17,29.27,79.93,34.97,27.6,32.22,996,2.1,50,0.0,75,2,1
2019-07-16 18,28.2,82.47,33.77,27.6,29.0,1000,2.6,340,0.0,75,2,1
2019-07-16 19,27.65,85.75,33.52,27.53,29.0,1001,2.1,70,0.0,40,2,1
2019-07-16 20,27.35,87.78,33.0,27.13,28.2,1002,2.1,70,0.0,40,2,1
2019-07-16 21,27.27,87.9,32.9,26.87,28.2,1002,2.1,70,0.0,40,2,1
2019-07-16 22,27.05,88.22,32.73,26.31,28.0,1002,1.5,50,0.0,40,2,1
2019-07-16 23,26.7,89.23,32.72,26.33,28.0,1003,1.5,50,0.0,40,2,1
2019-07-17 00,26.58,90.7,32.68,26.22,28.0,1002,1.5,50,0.0,40,2,1
2019-07-17 01,25.93,95.62,33.16,25.76,28.0,1002,1.0,50,0.0,40,2,2
2019-07-17 02,25.58,98.45,32.34,25.55,27.0,1002,1.0,50,0.0,40,2,2
2019-07-17 03,25.55,98.88,31.14,24.57,27.0,1002,1.0,50,0.0,40,2,2
2019-07-17 04,25.25,98.67,31.22,24.62,26.0,1002,1.5,90,0.0,90,2,2
2019-07-17 05,24.88,96.8,31.41,25.07,26.0,1002,1.5,90,0.0,90,2,2
2019-07-17 06,25.4,96.32,30.77,25.0,26.0,1002,1.5,20,0.5,90,5,1
2019-07-17 07,24.82,95.82,29.16,23.6,26.06,1003,1.5,20,1.5,90,5,1
2019-07-17 08,23.73,99.3,28.89,23.6,26.7,1003,2.1,230,1.5,90,4,1
2019-07-17 09,24.67,98.92,28.99,23.6,27.06,1003,2.1,230,1.5,90,4,1
2019-07-17 10,24.98,98.4,29.84,24.0,28.38,1003,2.1,250,0.5,90,4,1
2019-07-17 11,25.38,96.9,32.37,25.0,31.67,1000,2.6,250,0.0,75,2,1
2019-07-17 12,26.23,94.17,33.33,26.0,31.67,1000,2.1,250,0.0,75,2,1
2019-07-17 13,27.3,87.88,32.04,27.0,32.34,1003,2.1,270,0.0,75,2,2
2019-07-17 14,28.95,78.78,34.94,29.0,32.6,1002,1.0,340,0.0,75,2,2
2019-07-17 15,29.45,76.5,35.54,28.26,31.0,1001,1.36,270,0.0,40,2,2
2019-07-17 16,30.42,73.67,34.67,28.44,32.22,997,1.5,340,0.0,40,0,2
2019-07-17 17,30.93,72.25,34.2,28.82,32.0,997,2.1,290,0.0,40,0,2
2019-07-17 18,30.08,76.03,34.74,28.98,31.67,997,1.5,270,0.0,40,0,2
2019-07-17 19,29.93,76.43,33.78,28.44,30.0,1000,1.5,270,0.0,40,0,2
2019-07-17 20,29.23,78.05,35.06,27.12,31.67,996,1.32,100,0.0,40,2,2
2019-07-17 21,28.53,84.65,33.31,26.86,29.2,1001,1.53,134,0.0,40,2,2
2019-07-17 22,28.12,87.38,34.02,26.2,29.0,1002,1.0,70,0.0,40,2,3
2019-07-17 23,28.1,87.53,33.25,26.21,28.2,1002,1.0,70,0.0,40,2,3
2019-07-18 00,27.92,88.25,33.23,26.19,28.2,1002,1.0,70,0.0,40,2,3
2019-07-18 01,27.95,87.8,31.79,25.64,26.36,1002,1.0,250,0.22,90,5,6
2019-07-18 02,28.05,86.53,30.96,25.0,26.24,1002,1.0,250,0.31,90,5,6
2019-07-18 03,26.3,93.82,29.95,24.0,26.2,1002,1.0,250,0.11,90,5,6
2019-07-18 04,25.33,97.97,28.63,23.0,25.8,1002,1.12,114,0.82,90,5,6
2019-07-18 05,24.95,99.15,29.82,24.0,26.2,1002,0.7,168,1.33,90,5,6
2019-07-18 06,25.02,99.3,30.13,24.4,26.16,1002,1.0,180,0.0,90,0,6
2019-07-18 07,25.48,98.47,30.4,23.6,26.51,1002,1.0,180,0.0,90,0,6
2019-07-18 08,26.38,93.75,29.3,23.6,27.27,1002,2.1,180,0.5,90,4,6
2019-07-18 09,26.1,95.0,29.58,23.6,27.3,1002,2.1,230,0.5,90,4,6
2019-07-18 10,25.95,96.55,30.4,25.0,28.53,1003,2.6,230,0.5,90,4,6
2019-07-18 11,26.55,93.03,31.03,25.0,30.19,1004,2.6,270,0.5,90,4,6
2019-07-18 12,27.18,88.22,31.85,25.0,30.27,1003,1.5,300,0.5,90,4,1
2019-07-18 13,29.65,75.32,33.77,27.0,30.84,999,2.1,260,0.0,90,2,1
2019-07-18 14,30.05,73.75,34.41,27.78,30.86,999,1.5,90,0.0,75,2,1
2019-07-18 15,30.25,73.68,34.31,27.78,30.56,998,2.1,230,0.0,75,2,1
2019-07-18 16,30.28,72.08,35.08,30.0,30.6,997,2.1,200,0.0,75,2,6
2019-07-18 17,30.38,72.5,35.63,30.0,30.8,997,1.5,230,0.0,75,0,6
2019-07-18 18,30.62,72.5,35.4,30.0,31.05,997,1.0,190,0.0,75,0,2
2019-07-18 19,30.0,71.05,34.97,29.58,30.0,1000,1.0,190,0.0,75,0,2
2019-07-18 20,28.17,81.65,34.55,28.53,29.0,1001,1.02,110,0.0,40,2,1
2019-07-18 21,27.08,88.57,34.49,28.6,29.11,1001,1.15,124,0.0,40,2,2
2019-07-18 22,26.65,90.95,33.82,27.2,28.47,1002,1.28,135,0.0,20,2,2
2019-07-18 23,26.43,92.2,32.77,27.0,28.19,1002,1.43,152,0.0,20,2,2
2019-07-19 00,26.35,92.7,33.3,27.0,28.89,997,1.46,163,0.0,20,2,2
2019-07-19 01,26.1,93.85,32.69,26.4,27.8,1001,1.5,270,0.0,20,2,2
2019-07-19 02,25.88,95.68,32.64,26.4,27.66,1001,1.5,270,0.0,20,2,2
2019-07-19 03,25.85,96.48,32.33,26.25,27.0,1001,1.5,270,0.0,20,2,2
2019-07-19 04,25.7,97.65,32.56,26.0,27.05,1001,1.23,111,0.0,40,2,2
2019-07-19 05,25.68,98.4,32.77,26.0,27.88,1002,1.39,116,0.0,40,2,3
2019-07-19 06,25.98,97.4,32.14,27.0,28.15,1003,2.06,127,0.0,40,2,3
2019-07-19 07,27.65,89.93,33.77,27.0,29.6,1000,1.81,142,0.0,40,2,5
2019-07-19 08,29.27,80.75,33.68,27.4,30.0,1000,2.6,90,0.0,40,2,5
2019-07-19 09,31.25,69.12,34.59,27.4,31.0,1000,2.6,90,0.0,40,2,5
2019-07-19 10,33.08,56.23,36.82,30.4,33.0,1003,1.0,160,0.0,40,0,2
2019-07-19 11,33.88,55.03,38.03,32.19,34.0,1003,1.5,90,0.0,40,0,2
2019-07-19 12,34.98,52.67,39.64,32.59,34.0,1003,1.0,60,0.0,40,0,2
2019-07-19 13,36.27,48.88,39.57,33.0,35.0,1002,1.0,60,0.0,40,0,2
2019-07-19 14,37.43,45.12,39.07,33.0,36.0,1002,2.6,160,0.0,75,0,2
2019-07-19 15,36.8,47.92,40.07,33.0,36.0,1001,1.0,350,0.0,75,0,2
2019-07-19 16,35.47,54.35,40.13,33.2,36.0,1000,1.0,120,0.0,75,0,2
2019-07-19 17,35.57,54.27,39.18,33.2,35.0,999,2.1,70,0.0,75,0,2
2019-07-19 18,34.7,57.8,39.47,32.65,35.0,1000,1.5,50,0.0,75,0,2
2019-07-19 19,33.6,62.5,38.13,31.11,35.0,997,1.5,50,0.0,75,0,3
2019-07-19 20,32.62,67.88,37.69,30.57,32.6,997,1.5,20,0.0,40,0,3
2019-07-19 21,32.25,68.5,37.66,30.21,32.6,997,1.5,20,0.0,40,0,3
2019-07-19 22,31.73,69.75,37.69,29.57,31.67,997,1.0,140,0.0,40,2,2
2019-07-19 23,31.4,75.0,37.76,29.72,31.67,997,1.0,140,0.0,40,2,2
2019-07-20 00,31.45,80.65,37.66,29.52,31.67,997,1.0,140,0.0,40,2,2
2019-07-20 01,31.12,82.35,36.49,28.79,30.4,1002,1.0,110,0.0,40,2,2
2019-07-20 02,30.77,84.4,36.48,28.72,30.4,1002,1.0,110,0.0,40,2,2
2019-07-20 03,30.7,84.8,36.96,28.44,31.67,997,1.0,110,0.0,40,2,2
2019-07-20 04,30.8,80.78,36.54,28.42,31.11,998,1.0,140,0.0,40,2,2
2019-07-20 05,30.62,81.07,35.89,28.87,30.0,1002,1.0,140,0.0,40,2,2
2019-07-20 06,30.25,84.3,35.97,28.81,31.11,998,1.0,140,0.0,40,2,2
2019-07-20 07,31.02,80.6,36.99,30.0,32.0,1000,1.0,110,0.0,40,0,2
2019-07-20 08,32.78,71.67,37.65,30.4,32.0,1000,1.5,340,0.0,40,0,2
2019-07-20 09,34.17,63.15,37.68,30.4,33.0,1000,1.5,90,0.0,40,0,2
2019-07-20 10,35.05,55.23,38.05,32.47,35.0,1004,2.1,90,0.0,75,0,2
2019-07-20 11,34.45,57.52,39.33,33.55,36.0,1003,1.5,160,0.0,75,0,1
2019-07-20 12,35.5,56.33,38.67,33.43,35.0,1003,2.34,160,0.0,90,0,2
2019-07-20 13,28.27,83.6,29.56,26.0,30.61,1003,7.7,340,1.5,90,5,2
2019-07-20 14,25.2,95.25,33.4,26.0,31.4,1002,2.6,110,0.0,90,2,2
2019-07-20 15,28.25,85.58,37.88,28.0,31.82,998,1.0,20,0.0,75,2,1
2019-07-20 16,31.67,75.35,37.47,30.0,33.6,1002,1.0,60,0.0,75,2,2
2019-07-20 17,31.12,78.78,35.3,29.0,31.6,997,2.6,200,1.93,90,8,2
2019-07-20 18,30.48,79.53,36.13,28.0,31.6,997,2.6,250,0.0,90,2,2
2019-07-20 19,30.2,81.7,35.26,28.0,30.95,1001,2.6,250,0.0,90,2,2
2019-07-20 20,29.82,83.42,35.79,29.0,30.59,1002,1.0,20,0.0,40,2,2
2019-07-20 21,29.62,85.8,34.84,28.0,29.78,1002,1.0,20,0.0,40,2,3
2019-07-20 22,,,34.67,28.0,29.1,1002,1.0,70,0.0,40,2,6
2019-07-20 23,,,34.7,28.0,29.21,1002,1.0,70,0.0,40,2,6
2019-07-21 00,,,34.65,28.0,29.1,1002,1.0,70,0.0,40,2,6
2019-07-21 01,,,34.5,28.0,28.7,1002,1.0,50,0.0,40,2,6
2019-07-21 02,,,34.49,28.0,28.53,1002,1.0,50,0.0,40,2,6
2019-07-21 03,,,34.01,27.03,28.2,1002,1.0,50,0.0,40,2,6
2019-07-21 04,,,33.85,27.14,28.0,1002,1.0,90,0.0,40,2,6
2019-07-21 05,,,34.32,27.8,28.64,1002,1.0,90,0.0,40,2,6
2019-07-21 06,,,34.36,27.8,28.66,1003,1.0,90,0.0,40,2,6
2019-07-21 07,,,35.25,29.0,31.4,999,2.6,70,0.0,40,2,6
2019-07-21 08,,,36.62,29.39,31.67,1000,1.5,140,0.0,40,2,6
2019-07-21 09,,,37.21,29.55,33.0,1004,1.5,130,0.0,1,0,6
2019-07-21 10,,,39.29,30.39,35.0,1000,1.0,120,0.0,20,0,6
2019-07-21 11,,,39.11,31.29,35.0,1004,1.5,140,0.0,40,0,6
2019-07-21 12,,,38.67,31.67,36.0,999,2.6,160,0.0,75,0,6
2019-07-21 13,,,40.12,32.78,36.0,999,2.1,320,0.0,75,0,6
2019-07-21 14,,,39.99,33.33,37.0,998,3.1,50,0.0,75,0,6
2019-07-21 15,,,34.96,27.0,35.0,998,4.1,350,0.43,90,5,6
2019-07-21 16,,,35.46,25.0,33.4,997,2.1,160,0.16,90,5,6
2019-07-21 17,,,35.76,25.0,33.4,996,2.1,140,0.25,90,5,6
2019-07-21 18,,,35.81,26.0,33.4,996,2.1,320,0.0,75,2,6
2019-07-21 19,,,33.99,25.0,31.11,996,2.1,320,0.0,75,2,6
2019-07-21 20,,,35.3,25.0,31.11,996,1.0,70,0.0,90,1,6
2019-07-21 21,,,36.7,27.0,31.11,997,1.0,70,0.0,90,1,6
2019-07-21 22,,,35.22,28.35,29.0,1002,1.81,131,0.0,40,2,6
2019-07-21 23,,,34.98,27.2,28.72,1001,1.88,141,0.0,40,2,6
2019-07-22 00,,,34.99,27.2,28.71,1001,1.94,146,0.0,40,2,6
2019-07-22 01,,,34.76,27.0,28.25,1001,1.88,138,0.0,40,2,6
2019-07-22 02,,,34.66,27.0,28.16,1001,1.92,130,0.0,40,2,6
2019-07-22 03,,,34.52,27.0,28.0,1001,1.87,111,0.0,40,2,6
2019-07-22 04,,,34.61,27.2,28.0,1002,2.01,103,0.0,20,2,6
2019-07-22 05,,,35.73,27.2,30.56,997,2.31,101,0.0,20,2,6
2019-07-22 06,,,35.14,27.2,29.39,1002,1.0,80,0.0,75,2,6
2019-07-22 07,,,37.18,30.0,31.11,997,2.53,104,0.0,20,2,6
2019-07-22 08,,,38.4,30.0,31.0,1002,2.1,90,0.0,75,2,6
2019-07-22 09,,,38.07,30.0,32.0,999,2.1,110,0.0,40,2,6
2019-07-22 10,,,41.13,33.25,34.0,1002,1.5,90,0.0,20,0,6
2019-07-22 11,35.38,62.7,40.71,33.6,35.0,1002,3.1,50,0.0,1,0,3
2019-07-22 12,36.33,55.7,42.03,33.53,36.0,1001,1.0,120,0.0,75,0,6
2019-07-22 13,36.83,52.5,40.64,31.67,36.0,996,1.5,40,0.0,75,0,2
2019-07-22 14,36.35,55.83,40.95,32.22,36.0,997,1.0,90,0.0,75,0,2
2019-07-22 15,35.77,58.0,37.76,32.22,35.0,996,5.1,10,0.5,90,4,2
2019-07-22 16,30.43,83.9,39.66,27.0,35.0,996,2.6,30,0.0,90,2,3
2019-07-22 17,28.27,93.67,41.57,28.0,34.4,996,1.0,70,0.0,75,2,2
2019-07-22 18,30.93,81.28,39.76,30.0,34.4,996,1.0,60,0.0,75,2,1
2019-07-22 19,30.93,80.75,39.29,30.0,32.85,999,1.0,60,0.0,75,2,2
2019-07-22 20,30.42,82.75,37.17,31.15,32.0,1000,2.1,90,0.0,75,0,2
2019-07-22 21,29.57,89.38,37.39,31.3,32.22,994,2.1,100,0.0,75,0,2
2019-07-22 22,29.1,94.22,38.75,30.2,31.0,1000,1.0,90,0.0,40,2,2
2019-07-22 23,29.33,93.83,38.68,30.2,31.0,1000,1.0,90,0.0,40,2,2
2019-07-23 00,29.88,90.77,38.68,30.04,31.0,1000,1.0,90,0.0,40,2,3
2019-07-23 01,29.75,92.42,37.59,29.29,30.05,1000,1.49,145,0.0,40,2,3
2019-07-23 02,29.7,93.95,37.54,29.18,30.0,1000,1.38,158,0.0,40,2,3
2019-07-23 03,29.52,95.97,37.41,29.33,30.0,1000,1.62,140,0.0,40,2,3
2019-07-23 04,29.42,96.43,37.62,29.24,30.0,1000,1.0,50,0.0,40,2,4
2019-07-23 05,29.15,96.83,37.97,29.4,30.29,1000,1.0,50,0.0,40,2,5
2019-07-23 06,29.02,97.18,37.07,29.4,31.0,1001,2.1,90,0.0,75,2,3
2019-07-23 07,30.08,91.05,38.78,30.71,31.67,997,2.1,90,0.0,75,2,4
2019-07-23 08,31.9,82.38,39.28,30.66,32.8,998,1.0,70,0.0,20,2,4
2019-07-23 09,34.28,73.33,39.86,30.98,34.0,998,1.5,60,0.0,40,0,5
2019-07-23 10,35.85,64.55,39.54,32.22,35.4,998,1.5,150,0.0,40,0,4
2019-07-23 11,36.92,56.27,41.65,34.3,37.0,1001,1.5,180,0.0,20,0,3
2019-07-23 12,37.42,53.65,41.29,34.58,37.0,1000,2.6,250,0.0,40,0,2
2019-07-23 13,37.45,55.1,43.79,35.86,38.0,999,1.5,240,0.0,40,0,3
2019-07-23 14,38.22,50.27,42.3,35.0,36.8,998,2.1,340,0.0,75,0,3
2019-07-23 15,35.88,60.33,43.17,36.0,37.0,998,2.1,350,0.0,75,0,2
2019-07-23 16,37.55,53.78,40.61,35.6,37.0,997,5.1,50,0.0,75,0,2
2019-07-23 17,36.8,53.9,43.33,35.6,37.0,997,1.5,90,0.0,75,0,2
2019-07-23 18,35.83,55.93,43.1,35.0,36.91,997,1.0,140,0.0,75,0,2
2019-07-23 19,34.78,63.38,42.06,35.0,35.48,997,1.0,140,0.0,75,0,2
2019-07-23 20,33.05,70.45,41.17,33.4,34.23,998,1.0,140,0.0,40,0,2
2019-07-23 21,31.98,76.8,40.18,33.0,33.52,998,1.0,140,0.0,40,0,2
2019-07-23 22,31.48,79.15,38.35,32.68,33.0,999,2.1,140,0.0,40,0,3
2019-07-23 23,31.48,78.97,39.82,32.0,33.0,999,1.0,160,0.0,20,2,3
2019-07-24 00,31.23,80.08,39.87,32.0,33.0,999,1.0,160,0.0,20,2,3
2019-07-24 01,30.9,80.85,37.49,31.32,32.0,998,2.6,150,0.0,40,0,3
2019-07-24 02,30.98,81.97,38.8,31.09,32.0,998,0.51,319,0.0,20,0,3
2019-07-24 03,30.6,84.35,37.91,30.18,32.0,998,1.31,87,0.0,40,0,3
2019-07-24 04,30.22,86.35,38.54,28.81,31.0,998,1.0,50,0.0,40,2,4
2019-07-24 05,30.88,83.82,38.02,29.83,30.88,997,1.0,50,0.0,40,2,4
2019-07-24 06,29.65,84.45,36.85,29.98,32.0,998,2.6,180,0.0,40,2,5
2019-07-24 07,28.02,85.67,37.08,28.8,33.33,995,2.6,180,0.0,40,2,3
2019-07-24 08,31.3,74.22,38.36,29.6,33.33,995,1.5,160,0.0,40,0,1
2019-07-24 09,33.8,68.65,39.8,29.6,34.0,995,1.0,290,0.0,90,0,2
2019-07-24 10,33.83,68.92,40.53,32.2,35.0,996,1.5,80,0.0,90,7,2
2019-07-24 11,35.7,63.3,41.22,33.89,36.0,995,2.6,250,0.0,90,0,3
2019-07-24 12,37.12,56.25,41.69,35.29,37.0,998,2.6,250,0.0,75,0,3
2019-07-24 13,37.3,56.38,41.83,36.1,38.0,998,3.6,300,0.0,75,0,3
2019-07-24 14,36.55,61.9,43.47,36.17,38.0,998,2.1,270,0.0,75,0,4
2019-07-24 15,38.08,45.95,42.81,34.44,39.0,993,1.5,250,0.0,75,0,3
2019-07-24 16,37.12,57.0,41.22,33.6,38.0,992,3.1,90,0.0,75,0,2
2019-07-24 17,34.92,70.53,39.19,31.0,36.0,993,3.1,90,0.0,90,0,3
2019-07-24 18,32.55,75.7,38.79,30.0,35.8,994,4.1,180,4.43,90,5,3
2019-07-24 19,27.55,89.5,36.35,30.0,30.58,998,4.1,180,2.48,90,5,2
2019-07-24 20,27.93,89.3,34.77,27.8,29.0,998,1.5,230,0.0,40,2,1
2019-07-24 21,28.45,85.23,34.01,27.8,29.03,999,1.5,230,0.0,40,2,1
2019-07-24 22,28.45,85.57,33.49,27.8,28.62,1000,1.5,180,0.0,40,2,1
2019-07-24 23,28.62,84.75,33.46,27.8,28.49,999,1.5,180,0.0,40,2,1
2019-07-25 00,28.58,83.97,33.3,27.73,28.1,1000,1.5,180,0.0,40,2,1
2019-07-25 01,28.27,83.38,33.09,26.67,28.0,999,1.5,110,0.0,40,2,1
2019-07-25 02,28.05,85.9,32.89,26.19,28.0,999,1.5,110,0.0,40,2,1
2019-07-25 03,27.83,87.9,33.04,26.55,28.0,999,1.5,110,0.0,40,2,1
2019-07-25 04,27.62,89.22,33.09,26.76,28.0,999,1.5,110,0.0,40,2,1
2019-07-25 05,27.48,90.1,32.2,26.84,27.1,1000,2.6,110,0.0,40,2,1
2019-07-25 06,27.35,90.57,32.27,26.75,27.4,1000,1.5,110,0.0,40,2,1
2019-07-25 07,27.7,88.7,32.46,26.75,28.0,1001,1.5,140,0.0,75,2,1
2019-07-25 08,28.57,86.35,32.55,26.76,28.0,1001,2.1,160,0.0,75,2,1
2019-07-25 09,29.15,82.72,31.85,26.69,30.0,1001,3.1,210,0.0,75,2,1
2019-07-25 10,29.98,78.72,33.62,27.25,30.0,1002,2.1,220,0.0,90,2,1
2019-07-25 11,29.7,79.55,34.55,27.68,30.0,1002,1.0,340,0.0,90,2,1
2019-07-25 12,29.62,79.47,32.55,27.61,30.0,1002,3.1,240,0.0,90,2,1
2019-07-25 13,29.8,79.35,32.11,27.2,30.0,1001,3.1,250,0.0,90,2,2
2019-07-25 14,29.02,81.95,30.73,27.2,29.0,1000,4.1,250,0.0,75,2,2
2019-07-25 15,29.73,79.88,31.97,27.0,33.33,996,3.1,240,0.0,75,2,1
2019-07-25 16,30.25,78.68,32.81,28.0,30.8,999,3.1,230,0.0,75,2,1
2019-07-25 17,30.15,78.6,32.49,25.2,30.8,999,2.1,270,0.0,75,2,1
2019-07-25 18,29.65,79.72,33.93,25.2,30.8,999,0.56,306,0.0,75,2,1
2019-07-25 19,28.23,88.88,34.95,27.72,29.0,999,0.24,303,0.0,75,2,1
2019-07-25 20,27.85,89.95,33.99,27.19,28.2,999,1.0,110,0.0,90,2,1
2019-07-25 21,28.05,88.65,33.0,26.79,28.2,999,1.0,110,0.0,90,2,2
2019-07-25 22,27.9,90.5,32.86,26.68,28.0,999,2.1,140,0.0,40,2,2
2019-07-25 23,27.57,92.5,32.81,26.55,28.0,999,2.1,140,0.0,40,2,3
2019-07-26 00,27.42,92.88,31.97,26.47,28.0,999,2.1,140,0.0,40,2,2
2019-07-26 01,27.5,91.47,32.42,26.14,27.4,999,1.08,72,0.0,40,2,2
2019-07-26 02,27.45,91.62,32.18,25.96,27.4,998,1.35,89,0.0,40,2,1
2019-07-26 03,27.23,92.5,31.83,26.27,27.4,998,2.06,89,0.0,40,2,1
2019-07-26 04,27.1,93.03,31.29,26.43,27.2,998,3.1,90,0.0,90,2,1
2019-07-26 05,27.0,93.22,31.43,26.82,27.2,998,3.1,90,0.0,90,2,2
2019-07-26 06,27.02,93.35,32.51,26.81,27.0,998,2.1,80,0.0,90,2,3
2019-07-26 07,27.57,91.83,32.22,26.59,27.8,999,1.5,70,0.0,90,2,2
2019-07-26 08,28.4,88.12,31.63,26.34,28.0,999,3.1,110,0.0,75,2,2
2019-07-26 09,28.77,86.4,33.4,26.08,31.11,996,2.1,90,0.0,75,2,2
2019-07-26 10,30.05,80.15,33.49,26.58,31.67,996,4.1,110,0.0,75,2,1
2019-07-26 11,30.43,78.15,35.08,26.83,32.22,996,2.1,90,0.0,75,2,1
2019-07-26 12,31.18,73.75,34.7,26.73,32.22,995,2.6,70,0.0,75,0,2
2019-07-26 13,32.25,69.0,33.59,25.84,32.0,995,2.6,180,0.0,75,2,1
2019-07-26 14,27.2,94.53,33.01,25.72,27.0,997,1.0,340,0.12,90,4,1
2019-07-26 15,28.05,87.88,31.98,25.56,28.82,997,2.1,260,0.0,90,2,1
2019-07-26 16,28.9,82.88,32.8,25.4,28.6,997,1.0,270,0.0,75,2,1
2019-07-26 17,28.07,89.07,33.21,25.4,28.6,996,1.5,340,0.0,75,2,1
2019-07-26 18,27.33,94.48,33.62,25.4,29.0,996,1.0,50,0.31,75,4,1
2019-07-26 19,27.48,94.62,34.13,27.37,29.0,997,1.0,50,0.1,75,4,1
2019-07-26 20,26.68,97.48,33.13,27.2,28.0,997,2.6,50,0.5,90,4,1
2019-07-26 21,26.7,98.38,32.22,27.0,27.22,998,2.6,50,0.5,90,4,1
2019-07-26 22,26.88,98.03,33.14,26.73,27.06,998,1.5,50,0.0,90,2,1
2019-07-26 23,26.8,97.72,32.37,26.0,27.0,998,1.5,50,0.0,90,2,1
2019-07-27 00,26.9,97.18,33.03,26.55,27.0,998,1.5,50,0.0,90,2,1
2019-07-27 01,27.05,95.3,32.75,26.4,27.0,997,1.5,70,0.21,90,4,1
2019-07-27 02,27.05,95.05,32.6,26.0,27.0,997,1.5,70,0.5,90,4,1
2019-07-27 03,26.95,96.43,32.65,26.17,27.0,997,1.5,70,0.5,90,4,1
2019-07-27 04,26.98,96.45,30.32,26.0,26.4,996,3.6,90,0.0,90,2,1
2019-07-27 05,26.88,95.3,30.52,26.0,26.75,997,3.6,90,0.0,90,2,1
2019-07-27 06,26.9,95.15,31.22,26.0,27.0,997,2.6,100,0.0,90,2,1
2019-07-27 07,26.92,95.53,31.53,26.0,27.4,998,2.6,100,0.0,90,2,2
2019-07-27 08,27.38,94.0,31.63,26.0,28.0,998,2.6,90,0.0,90,2,2
2019-07-27 09,28.38,88.35,33.02,26.0,28.0,999,1.0,90,0.0,90,2,1
2019-07-27 10,29.52,82.95,34.44,27.85,30.0,996,2.1,90,0.0,90,2,1
2019-07-27 11,30.75,77.95,35.2,29.0,31.0,996,3.1,90,0.0,75,2,1
2019-07-27 12,31.18,76.1,33.71,28.89,32.0,995,4.6,70,0.0,75,0,1
2019-07-27 13,27.65,93.38,36.52,29.62,31.0,998,2.6,70,0.0,75,2,1
2019-07-27 14,27.12,98.07,35.52,29.69,30.14,994,3.1,90,0.0,75,2,1
2019-07-27 15,28.33,93.88,35.44,29.38,30.0,993,3.1,90,0.0,75,2,1
2019-07-27 16,26.2,99.3,34.7,27.2,30.92,994,2.6,90,0.3,90,4,1
2019-07-27 17,27.1,98.7,36.04,27.2,30.91,994,1.0,90,0.5,90,4,1
2019-07-27 18,27.2,99.25,35.9,27.2,30.04,994,1.0,60,0.0,90,2,1
2019-07-27 19,27.52,98.2,34.4,27.0,28.69,998,1.0,60,0.0,90,2,1
2019-07-27 20,27.55,99.25,33.54,26.83,27.8,999,1.0,50,0.0,75,2,2
2019-07-27 21,27.8,98.97,34.38,26.94,28.0,999,1.0,50,0.0,75,2,2
2019-07-27 22,27.58,98.12,33.54,27.05,28.0,1000,2.1,90,0.0,75,2,2
2019-07-27 23,27.62,97.33,32.63,26.77,27.6,1000,2.1,90,0.0,75,2,2
2019-07-28 00,27.62,95.85,32.63,26.83,27.6,1000,2.1,90,0.0,75,2,2
2019-07-28 01,27.55,94.33,32.84,26.69,27.4,999,2.1,70,0.0,75,2,2
2019-07-28 02,27.45,92.33,32.96,26.91,27.4,999,2.1,70,0.0,75,2,1
2019-07-28 03,27.4,91.9,32.67,26.29,27.4,999,2.1,70,0.0,75,2,1
2019-07-28 04,27.12,93.47,31.39,26.41,27.0,999,3.1,90,0.0,40,2,1
2019-07-28 05,27.0,94.92,30.86,26.0,27.14,999,3.1,90,0.0,40,2,1
2019-07-28 06,27.18,94.75,31.94,27.0,27.35,1000,3.1,90,0.0,75,2,1
2019-07-28 07,27.38,94.2,32.2,26.8,28.4,1001,3.1,90,0.0,75,2,1
2019-07-28 08,28.5,90.08,32.61,26.8,28.4,1001,3.1,140,0.0,75,2,1
2019-07-28 09,29.35,85.4,33.88,27.97,29.0,998,2.6,60,0.0,75,2,1
2019-07-28 10,30.57,80.53,36.54,29.26,30.0,997,1.5,90,0.0,75,2,1
2019-07-28 11,31.85,75.15,35.32,30.56,33.0,998,4.1,70,0.0,75,0,1
2019-07-28 12,32.8,70.8,35.98,30.6,34.0,1000,3.1,70,0.0,75,0,1
2019-07-28 13,32.85,71.0,36.98,32.0,34.0,1000,4.1,90,0.0,75,0,1
2019-07-28 14,33.65,67.53,37.46,32.0,34.0,999,4.1,70,0.0,75,0,1
2019-07-28 15,33.7,66.22,35.29,29.0,32.0,996,2.6,60,0.0,90,2,1
2019-07-28 16,31.85,77.2,36.08,29.0,31.6,998,3.1,90,0.48,75,4,1
2019-07-28 17,32.33,68.6,35.52,30.0,32.04,995,2.6,90,0.0,75,2,1
2019-07-28 18,32.17,68.65,34.8,30.0,31.6,998,3.6,100,0.0,75,2,1
2019-07-28 19,30.8,74.8,34.25,29.52,31.0,995,3.6,100,0.0,75,2,6
2019-07-28 20,29.9,80.12,35.0,28.86,29.4,1000,1.0,70,0.0,40,2,1
2019-07-28 21,29.6,84.0,35.05,28.99,29.4,1001,1.0,70,0.0,40,2,1
2019-07-28 22,29.6,85.53,34.67,28.6,29.0,1001,1.5,70,0.0,40,2,2
2019-07-28 23,29.45,87.15,34.56,28.31,29.0,1001,1.5,70,0.0,40,2,2
2019-07-29 00,29.58,87.23,34.56,28.27,29.0,1001,1.5,70,0.0,40,2,2
2019-07-29 01,29.45,86.47,33.89,27.81,29.44,996,2.6,70,0.0,40,2,2
2019-07-29 02,29.1,86.32,33.63,27.68,29.0,1001,2.6,70,0.0,40,2,1
2019-07-29 03,28.75,86.35,33.77,28.18,29.0,1001,2.6,70,0.0,40,2,1
2019-07-29 04,28.62,86.03,32.64,28.0,28.2,1001,3.1,70,0.0,40,2,1
2019-07-29 05,28.57,85.93,32.95,28.0,28.91,1001,3.1,70,0.0,40,2,1
2019-07-29 06,28.4,86.62,33.07,28.0,29.44,998,3.1,80,0.0,40,2,1
2019-07-29 07,29.18,83.15,34.31,29.0,30.2,999,3.1,80,0.0,40,2,1
2019-07-29 08,30.33,78.03,34.59,29.91,30.2,1003,3.6,110,0.0,40,2,1
2019-07-29 09,31.33,74.03,35.89,30.0,31.0,999,2.6,80,0.0,75,2,1
2019-07-29 10,31.73,73.23,37.43,31.77,32.01,1003,2.1,110,0.0,75,0,1
2019-07-29 11,32.67,69.88,37.95,31.8,32.96,1002,2.6,110,0.0,75,0,1
2019-07-29 12,33.25,66.85,37.81,31.8,33.0,1002,2.6,70,0.0,75,0,1
2019-07-29 13,33.35,66.72,37.04,32.0,33.66,1002,3.6,50,0.0,75,0,1
2019-07-29 14,33.95,63.7,38.87,32.0,34.0,1001,2.1,90,0.0,75,0,1
2019-07-29 15,34.4,61.25,39.64,33.1,34.0,1000,3.6,60,0.0,75,0,1
2019-07-29 16,34.95,58.1,38.53,31.11,36.2,997,3.1,50,0.0,75,0,1
2019-07-29 17,34.4,60.25,38.25,32.6,35.0,1000,2.1,90,0.0,75,0,1
2019-07-29 18,33.9,59.47,37.72,32.6,34.0,1000,2.1,60,0.0,40,0,1
2019-07-29 19,32.7,64.7,36.11,31.0,34.0,996,2.1,60,0.0,40,0,1
2019-07-29 20,31.73,69.42,35.83,30.0,31.4,996,2.1,90,0.0,20,0,1
2019-07-29 21,31.27,75.15,35.61,30.0,31.4,996,2.1,90,0.0,20,0,1
2019-07-29 22,30.95,77.15,36.49,29.63,30.0,1002,1.0,70,0.0,20,2,2
2019-07-29 23,30.73,77.4,35.77,29.0,30.0,997,1.0,70,0.0,20,2,2
2019-07-30 00,30.23,79.78,35.7,29.0,30.0,997,1.0,70,0.0,20,2,2
2019-07-30 01,29.98,81.47,35.41,28.31,29.0,1002,1.0,90,0.0,20,2,2
2019-07-30 02,29.75,82.78,34.61,28.0,28.8,1001,1.0,90,0.0,20,2,2
2019-07-30 03,29.73,84.12,34.36,27.77,28.8,1001,1.0,90,0.0,20,2,2
2019-07-30 04,29.42,85.6,34.31,27.84,28.6,1001,1.0,90,0.0,40,2,2
2019-07-30 05,29.45,85.6,35.4,28.53,29.0,1001,1.0,90,0.0,40,2,1
2019-07-30 06,29.3,86.7,34.24,28.6,29.0,1001,2.1,60,0.0,75,2,2
2019-07-30 07,29.4,83.62,34.6,28.4,29.62,1002,2.1,60,0.0,75,2,2
2019-07-30 08,29.93,78.05,35.64,29.6,30.56,998,2.1,110,0.0,75,2,2
2019-07-30 09,30.38,76.65,35.31,29.6,31.0,999,2.6,80,0.0,75,2,1
2019-07-30 10,30.42,76.33,35.81,30.4,31.87,1003,3.1,80,0.0,75,0,1
2019-07-30 11,30.52,76.25,35.68,30.4,32.0,999,3.1,90,0.0,75,0,1
2019-07-30 12,31.7,71.95,36.46,30.4,32.13,998,2.1,90,0.0,75,0,1
2019-07-30 13,32.9,67.5,37.5,31.0,33.0,1001,2.6,90,0.0,75,0,1
2019-07-30 14,32.62,69.32,37.73,32.68,34.0,1000,3.1,70,0.0,75,0,1
2019-07-30 15,32.77,68.65,37.12,30.2,35.0,997,2.6,80,0.0,75,0,1
2019-07-30 16,32.45,69.95,38.79,31.11,35.0,996,2.1,70,0.0,75,0,1
2019-07-30 17,31.6,70.28,37.4,31.11,33.0,996,2.6,70,0.0,75,0,1
2019-07-30 18,31.12,72.55,37.67,31.0,32.66,996,2.1,60,0.0,75,0,1
2019-07-30 19,31.05,74.58,37.29,31.0,32.0,996,2.1,60,0.0,75,0,1
2019-07-30 20,30.72,77.15,35.85,29.9,31.0,1000,2.1,50,0.0,40,0,1
2019-07-30 21,30.6,78.3,35.53,29.65,31.0,996,2.1,50,0.0,40,0,1
2019-07-30 22,30.6,78.88,36.9,29.16,31.0,996,1.5,70,0.0,40,2,1
2019-07-30 23,30.52,79.85,36.17,28.93,30.56,996,1.5,70,0.0,40,2,2
2019-07-31 00,30.57,77.05,36.34,28.98,31.11,996,1.5,70,0.0,40,2,1
2019-07-31 01,30.35,78.4,35.56,28.81,29.8,1000,1.5,90,0.0,40,2,1
2019-07-31 02,29.88,81.05,35.71,29.0,29.8,1000,1.5,90,0.0,40,2,1
2019-07-31 03,29.57,81.6,35.26,28.0,29.8,1000,1.5,90,0.0,40,2,1
2019-07-31 04,29.38,81.1,34.35,27.67,29.0,1000,2.1,90,0.0,40,2,1
2019-07-31 05,29.28,82.05,34.2,28.12,29.0,1000,2.1,90,0.0,40,2,1
2019-07-31 06,28.95,83.05,33.78,27.96,29.0,1001,2.1,90,0.0,40,2,1
2019-07-31 07,29.07,83.47,34.39,28.0,29.6,1002,1.0,70,0.0,90,2,2
2019-07-31 08,29.4,82.72,34.47,28.0,29.6,1002,1.0,70,0.0,90,2,2
2019-07-31 09,30.12,79.55,34.44,27.83,29.6,1002,1.0,70,0.0,90,2,2
2019-07-31 10,31.0,76.05,34.89,28.83,32.0,998,2.6,110,0.0,75,0,2
2019-07-31 11,31.12,75.95,35.67,29.61,32.0,997,3.1,90,0.0,75,0,1
2019-07-31 12,33.42,64.77,35.75,29.97,33.0,997,3.6,90,0.0,75,0,1
2019-07-31 13,33.4,64.38,37.32,31.11,34.0,997,2.6,90,0.0,75,0,1
2019-07-31 14,33.72,62.52,38.74,31.11,34.0,997,2.1,90,0.0,75,0,1
2019-07-31 15,34.35,58.68,38.34,31.11,34.0,996,1.0,30,0.0,75,0,1
2019-07-31 16,34.22,59.38,38.05,31.11,34.0,995,1.5,80,0.0,75,0,1
2019-07-31 17,33.7,60.9,37.65,31.11,34.0,995,2.1,90,0.0,75,0,1
2019-07-31 18,32.8,65.97,37.4,31.8,33.0,998,2.1,90,0.0,75,0,1
2019-07-31 19,32.05,68.53,36.59,30.73,31.67,994,2.1,90,0.0,40,0,1
2019-07-31 20,31.48,69.47,36.35,29.88,31.67,994,2.1,90,0.0,40,0,1
2019-07-31 21,31.23,73.88,35.54,29.57,31.67,995,2.1,90,0.0,40,0,1
2019-07-31 22,30.8,76.0,34.94,29.0,30.4,1000,2.1,70,0.0,40,2,2
2019-07-31 23,30.55,77.97,34.98,29.01,30.4,1000,2.1,70,0.0,40,2,2
2019-08-01 00,30.1,79.8,34.08,28.89,30.4,1000,2.1,70,0.0,40,2,2
2019-08-01 01,29.65,82.8,35.66,28.49,29.2,1000,1.0,90,0.0,40,2,2
2019-08-01 02,29.7,82.28,35.66,28.46,29.2,1000,1.0,90,0.0,40,2,2
2019-08-01 03,29.62,80.45,35.43,27.92,29.2,1000,1.0,90,0.0,40,2,2
2019-08-01 04,29.5,82.97,34.88,28.24,29.0,1000,1.0,110,0.0,40,2,1
2019-08-01 05,29.3,84.3,35.12,28.8,29.0,1000,1.0,110,0.0,40,2,2
2019-08-01 06,29.23,84.15,33.81,28.77,30.0,1000,2.6,100,0.0,75,0,2
2019-08-01 07,29.7,82.12,35.04,28.8,30.2,1001,2.6,100,0.0,75,2,2
2019-08-01 08,30.18,79.85,34.64,28.8,30.2,1001,2.6,90,0.0,75,2,2
2019-08-01 09,31.35,73.8,35.07,28.8,31.11,998,3.1,90,0.0,75,2,2
2019-08-01 10,33.05,67.62,36.05,30.81,33.0,998,3.6,100,0.0,75,0,2
2019-08-01 11,34.25,61.73,38.16,31.11,35.0,998,2.6,90,0.0,75,0,1
2019-08-01 12,34.95,57.35,38.11,31.11,35.0,997,3.6,170,0.0,75,0,1
2019-08-01 13,35.62,52.75,39.37,33.14,35.0,1000,2.1,90,0.0,75,0,1
2019-08-01 14,35.55,55.4,39.84,33.15,36.0,999,2.6,70,0.0,75,0,1
2019-08-01 15,30.43,85.95,39.43,32.22,36.0,995,3.1,40,0.0,75,0,1
2019-08-01 16,33.45,65.45,39.29,32.22,36.0,994,2.1,70,0.0,75,0,2
2019-08-01 17,34.8,58.12,38.5,32.22,35.4,993,2.1,90,0.0,75,0,1
2019-08-01 18,34.07,59.5,38.39,32.22,35.4,994,2.1,90,0.0,40,0,1
2019-08-01 19,32.8,67.27,37.92,31.9,35.0,995,2.1,90,0.0,40,0,1
2019-08-01 20,32.05,66.5,38.05,30.88,32.78,995,1.5,70,0.0,40,0,1
2019-08-01 21,31.57,68.38,37.69,30.33,32.4,995,1.5,70,0.0,40,0,1
2019-08-01 22,31.42,69.78,36.16,29.66,32.22,995,1.5,90,0.0,40,0,1
2019-08-01 23,31.15,71.15,36.16,29.69,32.22,995,1.5,90,0.0,40,0,2
2019-08-02 00,30.88,76.2,34.94,29.64,31.2,1000,1.5,90,0.0,40,0,2
2019-08-02 01,30.42,81.18,34.11,28.9,30.0,999,2.1,90,0.0,40,0,2
2019-08-02 02,30.32,82.38,34.0,28.59,30.0,999,2.1,90,0.0,40,0,2
2019-08-02 03,29.73,86.9,32.85,27.53,29.8,999,2.1,90,0.0,40,0,1
2019-08-02 04,29.58,87.08,34.93,27.61,29.2,999,1.0,110,0.0,40,2,1
2019-08-02 05,29.32,86.5,34.47,28.0,29.2,998,1.0,110,0.0,40,2,1
2019-08-02 06,29.07,87.17,33.6,28.0,30.0,999,2.1,80,0.0,40,2,1
2019-08-02 07,29.57,85.82,34.66,28.8,30.0,1000,2.1,80,0.0,40,2,2
2019-08-02 08,30.25,83.22,35.93,28.8,30.0,1000,1.0,140,0.0,75,2,2
2019-08-02 09,31.75,75.42,36.27,28.8,31.67,997,2.6,140,0.0,40,2,2
2019-08-02 10,32.12,72.45,38.79,30.58,33.0,1000,1.5,150,0.0,75,0,2
2019-08-02 11,30.9,79.08,39.15,30.92,35.0,999,1.5,90,0.0,75,0,2
2019-08-02 12,32.42,73.32,36.53,30.0,35.0,999,4.1,70,0.0,75,0,2
2019-08-02 13,32.83,68.07,35.79,29.0,33.0,996,2.6,30,0.0,75,0,2
2019-08-02 14,33.18,68.05,33.05,26.67,32.22,996,2.6,270,0.0,75,2,1
2019-08-02 15,30.07,81.03,34.64,27.0,32.22,995,1.0,350,0.0,75,2,1
2019-08-02 16,29.32,86.95,35.64,28.0,32.22,994,1.0,20,0.0,75,2,1
2019-08-02 17,30.07,80.33,37.14,29.0,32.22,994,1.0,20,0.0,75,2,2
2019-08-02 18,30.55,77.9,35.75,29.0,31.0,997,1.0,70,0.0,75,2,1
2019-08-02 19,30.27,79.75,35.52,29.0,31.0,998,1.0,70,0.0,75,2,1
2019-08-02 20,29.73,81.5,34.78,28.37,30.0,998,1.0,20,0.0,40,2,1
2019-08-02 21,29.62,83.97,34.58,27.9,30.0,999,1.0,20,0.0,40,2,1
2019-08-02 22,29.55,85.75,35.02,27.61,29.4,999,1.0,50,0.0,40,2,1
2019-08-02 23,29.18,89.68,33.74,27.0,29.4,999,1.0,50,0.0,40,2,1
2019-08-03 00,28.9,87.9,34.93,27.35,29.4,1000,1.0,50,0.0,40,2,2
2019-08-03 01,29.0,87.05,35.55,27.05,30.56,995,1.0,20,0.0,40,2,2
2019-08-03 02,28.75,88.97,35.41,26.77,30.56,995,1.0,20,0.0,40,2,2
2019-08-03 03,28.45,91.07,34.07,26.97,28.8,999,1.0,20,0.0,40,2,2
2019-08-03 04,28.1,93.17,33.97,27.2,28.4,998,1.0,70,0.0,40,2,2
2019-08-03 05,28.08,93.73,34.18,27.64,28.4,998,1.0,70,0.0,40,2,2
2019-08-03 06,28.0,93.0,34.3,27.69,29.0,999,1.5,50,0.0,40,2,2
2019-08-03 07,28.45,91.43,34.62,28.12,29.0,999,1.5,50,0.0,40,2,1
2019-08-03 08,29.0,88.53,35.84,28.16,31.11,996,1.5,140,0.0,90,2,2
2019-08-03 09,29.6,86.1,35.11,28.3,30.0,1000,2.1,80,0.0,90,2,2
2019-08-03 10,30.43,82.32,34.16,27.0,32.0,997,2.6,50,0.0,90,2,2
2019-08-03 11,31.95,75.78,33.59,27.0,30.56,997,2.6,270,0.0,90,2,2
2019-08-03 12,31.38,77.92,35.94,29.0,30.56,996,1.0,220,0.0,90,2,2
2019-08-03 13,28.88,91.62,36.45,30.61,31.11,996,3.1,340,0.0,90,2,2
2019-08-03 14,27.1,96.65,36.77,30.94,33.0,995,2.6,50,0.0,90,0,2
2019-08-03 15,28.15,92.15,35.2,30.0,33.0,995,3.1,90,0.0,90,0,1
2019-08-03 16,28.5,88.38,35.52,28.0,30.8,994,1.5,90,0.0,90,2,1
2019-08-03 17,28.9,89.65,36.24,28.0,32.6,994,1.0,90,0.5,90,4,1
2019-08-03 18,28.82,89.7,35.05,28.0,32.6,994,2.1,70,0.0,90,2,2
2019-08-03 19,28.7,88.93,34.34,28.0,30.49,998,2.1,70,0.0,90,2,2
2019-08-03 20,28.0,92.45,34.25,28.0,29.57,999,1.5,90,0.0,40,2,1
2019-08-03 21,28.18,93.15,34.82,28.0,30.56,994,1.5,90,0.0,40,2,1
2019-08-03 22,28.2,94.58,34.77,28.0,28.77,1000,1.0,110,0.0,40,2,2
2019-08-03 23,28.15,94.9,34.73,28.0,28.71,1000,1.0,110,0.0,40,2,2
2019-08-04 00,27.7,96.6,34.7,28.0,28.6,999,1.0,110,0.0,40,2,2
2019-08-04 01,27.85,95.42,34.62,28.0,28.4,999,0.79,173,0.0,40,2,2
2019-08-04 02,28.1,93.92,34.51,28.0,28.4,999,0.94,170,0.0,40,2,2
2019-08-04 03,28.02,95.25,34.47,27.05,28.4,999,0.48,351,0.0,40,2,2
2019-08-04 04,27.93,95.83,33.96,27.09,28.0,999,1.0,20,0.0,40,2,2
2019-08-04 05,27.83,96.2,34.26,27.87,28.2,999,1.0,20,0.0,40,2,1
2019-08-04 06,27.68,97.3,34.68,27.82,29.0,999,1.0,50,0.0,75,2,2
2019-08-04 07,27.98,95.62,35.61,28.0,29.0,999,1.0,50,0.0,75,2,3
2019-08-04 08,29.08,90.52,35.93,28.0,30.0,999,1.0,50,0.0,75,2,2
2019-08-04 09,29.77,88.05,35.87,27.74,31.0,999,1.0,20,0.0,75,2,2
2019-08-04 10,31.15,81.17,36.01,29.28,32.0,995,2.1,50,0.0,75,2,2
2019-08-04 11,33.38,70.98,37.78,30.0,33.0,995,1.0,50,0.0,75,0,2
2019-08-04 12,34.38,65.17,38.91,30.63,33.0,998,1.0,160,0.0,75,0,2
2019-08-04 13,34.62,64.05,38.75,31.8,33.0,997,2.1,270,0.0,75,0,3
2019-08-04 14,32.75,74.42,39.42,31.11,36.0,993,2.1,40,0.0,75,0,2
2019-08-04 15,32.48,72.8,38.99,31.11,35.0,993,3.1,150,1.5,90,4,2
2019-08-04 16,31.95,70.22,37.25,28.0,31.75,992,2.1,240,1.5,90,5,2
2019-08-04 17,31.1,76.5,37.86,29.0,31.99,992,0.56,119,0.0,90,2,1
2019-08-04 18,30.98,78.18,37.81,29.0,32.04,991,0.69,74,0.0,90,2,1
2019-08-04 19,30.7,80.6,37.94,29.0,31.83,991,0.98,83,0.0,40,2,1
2019-08-04 20,29.95,85.45,38.08,29.0,32.22,990,1.73,96,0.0,40,2,1
2019-08-04 21,29.98,85.33,36.62,29.0,30.11,996,1.69,108,0.0,40,2,2
2019-08-04 22,29.62,86.72,36.66,29.0,29.58,997,1.0,140,0.0,40,2,2
2019-08-04 23,29.45,88.25,36.58,29.0,29.4,997,1.0,140,0.0,40,2,3
2019-08-05 00,29.18,90.22,36.65,29.0,29.52,997,1.0,140,0.0,40,2,3
2019-08-05 01,29.17,89.97,36.43,29.0,29.26,997,1.27,115,0.0,40,2,2
2019-08-05 02,28.68,92.58,36.14,28.8,29.0,997,1.51,114,0.0,40,2,2
2019-08-05 03,28.65,92.7,34.92,27.64,29.0,997,1.4,110,0.0,40,2,2
2019-08-05 04,28.5,93.8,34.1,27.47,28.4,996,1.91,130,0.0,20,2,2
2019-08-05 05,28.0,96.1,34.17,28.0,28.65,996,2.38,133,0.0,20,2,2
2019-08-05 06,27.6,98.1,34.65,28.0,28.74,996,1.74,143,0.0,20,2,2
2019-08-05 07,28.5,95.22,36.84,28.99,31.11,993,1.0,70,0.0,20,2,2
2019-08-05 08,30.25,85.83,37.95,29.32,31.0,993,1.0,70,0.0,20,2,2
2019-08-05 09,32.98,72.28,38.55,29.33,32.0,993,1.0,70,0.0,20,2,3
2019-08-05 10,34.25,66.12,39.16,31.45,33.0,998,2.1,110,0.0,75,2,3
2019-08-05 11,35.03,63.4,40.02,31.78,34.6,997,1.0,110,0.0,40,0,2
2019-08-05 12,36.0,58.97,39.51,31.67,34.6,992,1.0,110,0.0,40,0,2
2019-08-05 13,34.05,66.9,39.68,31.67,35.0,990,1.5,250,0.0,75,0,2
2019-08-05 14,34.25,66.58,38.28,31.67,35.0,989,2.6,170,0.0,75,0,2
2019-08-05 15,34.4,66.4,37.29,31.75,32.45,989,2.6,350,0.0,75,0,2
2019-08-05 16,31.45,80.22,37.51,29.0,33.6,990,2.1,90,0.0,90,2,3
2019-08-05 17,30.7,80.5,38.75,31.0,33.6,990,2.1,90,0.0,90,2,3
2019-08-05 18,31.22,79.85,38.48,31.0,32.41,990,2.1,90,0.0,90,2,2
2019-08-05 19,31.42,82.15,37.81,30.31,31.65,995,2.1,180,0.0,90,2,1
2019-08-05 20,31.2,84.85,37.19,28.93,31.4,995,2.1,180,0.0,90,2,2
2019-08-05 21,30.97,88.03,37.26,29.44,31.4,995,2.1,180,0.0,90,2,2
2019-08-05 22,30.9,87.77,37.01,29.0,31.0,996,2.1,160,0.0,90,2,2
2019-08-05 23,30.7,88.95,36.12,28.75,30.6,997,2.1,160,0.0,90,2,2
2019-08-06 00,30.45,89.67,36.07,28.64,30.6,996,2.1,160,0.0,90,2,2
2019-08-06 01,29.82,91.12,36.11,27.62,30.0,996,1.0,110,0.0,40,2,2
2019-08-06 02,29.7,90.8,36.04,27.58,30.0,996,1.0,110,0.0,40,2,2
2019-08-06 03,29.52,91.5,36.74,27.33,32.22,991,1.0,110,0.0,40,2,2
2019-08-06 04,29.52,92.45,36.76,27.49,30.0,996,1.0,90,0.0,40,2,2
2019-08-06 05,29.35,93.72,36.09,27.78,29.6,996,1.0,90,0.0,40,2,2
2019-08-06 06,29.33,94.7,36.07,27.84,29.6,996,1.0,90,0.0,40,2,2
2019-08-06 07,29.52,94.25,35.09,28.0,30.0,996,1.5,140,0.0,75,2,2
2019-08-06 08,30.23,90.28,34.91,25.4,29.4,997,1.0,200,0.37,90,5,2
2019-08-06 09,27.88,93.58,34.07,25.4,29.4,997,1.0,70,0.0,90,5,2
2019-08-06 10,24.83,99.25,32.1,25.2,29.8,999,4.6,350,0.19,90,5,2
2019-08-06 11,24.4,99.25,32.34,24.0,31.8,998,1.0,90,1.5,90,5,1
2019-08-06 12,24.8,99.3,32.04,24.0,31.28,998,1.5,350,0.24,90,4,1
2019-08-06 13,25.02,99.3,33.04,25.0,30.04,994,1.5,60,0.0,90,2,1
2019-08-06 14,25.32,99.25,33.75,25.6,30.0,993,2.1,70,0.0,90,2,1
2019-08-06 15,25.88,99.2,32.69,25.6,28.5,996,2.6,90,0.0,90,2,1
2019-08-06 16,27.57,94.62,34.4,27.4,29.6,995,2.1,80,0.0,75,2,1
2019-08-06 17,29.75,82.47,35.28,27.4,29.6,995,1.0,70,0.0,75,2,1
2019-08-06 18,29.45,82.95,34.82,27.4,29.6,995,1.0,350,0.0,75,2,1
2019-08-06 19,28.28,89.25,34.19,27.8,28.0,996,1.0,350,0.0,75,2,1
2019-08-06 20,26.98,96.85,33.12,26.85,27.6,997,0.99,116,0.0,40,2,1
2019-08-06 21,26.52,99.2,33.16,26.86,27.6,997,0.91,111,0.0,40,2,1
2019-08-06 22,26.58,99.2,33.09,26.74,27.2,997,1.0,50,0.0,40,2,1
2019-08-06 23,26.45,99.2,33.12,26.73,27.2,997,1.0,50,0.0,40,2,2
2019-08-07 00,27.0,98.43,33.09,26.59,27.2,998,1.0,50,0.0,40,2,2
2019-08-07 01,26.75,99.08,33.18,26.45,27.0,997,1.0,270,0.0,40,2,2
2019-08-07 02,27.05,98.08,33.16,26.4,27.0,996,1.0,270,0.0,40,2,2
2019-08-07 03,27.08,97.95,33.16,26.43,27.0,996,1.0,270,0.0,40,2,3
2019-08-07 04,26.9,97.9,33.18,26.46,27.0,996,1.02,93,0.0,40,2,5
2019-08-07 05,26.7,98.97,33.43,26.8,27.18,996,0.95,108,0.0,40,2,3
2019-08-07 06,26.35,99.2,33.32,26.8,27.26,997,1.0,270,0.0,75,2,2
2019-08-07 07,27.1,99.25,34.24,27.0,28.0,997,1.0,270,0.0,75,2,1
2019-08-07 08,28.35,94.72,34.14,27.6,28.05,998,1.0,70,0.0,75,2,2
2019-08-07 09,29.15,88.97,35.58,27.6,30.56,998,1.5,50,0.0,75,2,2
2019-08-07 10,31.18,77.35,36.47,30.0,30.56,998,2.1,80,0.0,75,2,2
2019-08-07 11,31.83,73.75,36.8,30.0,32.0,995,2.1,50,0.0,75,0,2
2019-08-07 12,32.85,68.78,36.54,30.0,34.0,994,3.1,80,0.0,75,0,2
2019-08-07 13,32.92,68.65,36.25,30.56,34.0,993,4.1,60,0.0,75,0,1
2019-08-07 14,34.02,65.1,37.0,31.11,34.0,993,3.1,70,0.0,75,0,1
2019-08-07 15,34.4,63.85,37.47,31.11,33.0,992,3.1,90,0.0,75,0,1
2019-08-07 16,34.33,62.1,39.99,32.19,34.0,994,1.5,120,0.0,75,0,1
2019-08-07 17,33.3,65.2,37.64,30.8,34.0,994,3.6,70,0.0,75,0,1
2019-08-07 18,32.15,70.35,38.08,30.45,33.6,995,2.6,60,0.0,75,0,1
2019-08-07 19,31.48,72.27,36.67,29.81,33.0,995,2.6,60,0.0,75,0,1
2019-08-07 20,30.85,76.9,36.54,29.32,31.2,996,2.1,70,0.0,40,2,1
2019-08-07 21,30.55,76.75,36.45,29.32,31.2,996,2.1,70,0.0,40,2,1
2019-08-07 22,30.25,79.8,35.33,29.01,30.0,996,2.6,230,0.0,40,2,1
2019-08-07 23,29.9,82.05,33.85,28.91,29.33,997,3.1,80,0.0,75,2,1
2019-08-08 00,29.58,84.88,34.18,28.9,29.27,997,2.6,70,0.0,75,2,1
2019-08-08 01,29.1,84.77,34.47,28.0,28.86,996,1.5,50,0.0,40,2,2
2019-08-08 02,28.75,87.68,34.47,28.0,28.78,996,1.5,50,0.0,40,2,2
2019-08-08 03,28.6,88.6,34.38,28.0,28.72,996,1.5,50,0.0,40,2,1
2019-08-08 04,28.62,88.83,34.38,28.0,28.74,996,1.12,28,0.0,40,2,1
2019-08-08 05,28.15,92.53,35.09,28.0,31.11,991,1.93,42,0.0,40,2,2
2019-08-08 06,28.22,92.88,35.33,28.4,30.0,996,1.5,60,0.0,75,0,2
2019-08-08 07,29.62,88.53,37.61,30.0,31.2,994,1.5,60,0.0,75,0,2
2019-08-08 08,30.45,85.05,37.56,30.0,31.2,994,1.5,70,0.0,75,2,2
2019-08-08 09,32.0,76.78,37.82,30.4,32.0,998,2.1,90,0.0,75,2,3
2019-08-08 10,33.4,69.47,37.79,32.9,33.64,997,4.1,100,0.0,40,0,3
2019-08-08 11,35.23,59.25,40.23,34.0,35.0,997,4.1,70,0.0,40,0,2
2019-08-08 12,36.02,54.38,41.68,34.0,36.0,996,3.1,80,0.0,40,0,1
2019-08-08 13,36.7,49.35,42.22,34.2,37.0,996,1.5,140,0.0,40,0,1
2019-08-08 14,37.33,49.38,42.02,34.2,37.0,995,2.6,90,0.0,40,0,1
2019-08-08 15,37.18,49.42,41.3,34.2,38.0,995,1.0,70,0.0,40,0,1
2019-08-08 16,36.52,52.25,39.89,33.2,36.0,994,2.6,70,0.0,40,0,1
2019-08-08 17,36.25,53.25,40.82,33.2,36.0,994,1.5,180,0.0,20,0,1
2019-08-08 18,35.65,55.08,40.33,33.2,35.6,994,2.1,140,0.0,20,0,1
2019-08-08 19,34.02,61.77,39.08,32.22,35.0,991,2.1,140,0.0,20,0,1
2019-08-08 20,33.38,65.9,39.58,32.22,33.4,991,1.0,50,0.0,40,0,1
2019-08-08 21,33.05,67.88,37.72,31.63,32.22,991,2.6,90,0.0,40,0,1
2019-08-08 22,32.58,72.28,38.15,31.08,32.22,993,2.1,50,0.0,40,2,1
2019-08-08 23,32.22,73.85,38.18,31.21,32.22,993,2.1,50,0.0,40,2,2
2019-08-09 00,31.95,72.35,37.25,31.0,31.8,997,2.1,50,0.0,40,2,1
2019-08-09 01,31.88,63.3,34.7,30.92,31.0,998,4.6,100,0.0,40,0,1
2019-08-09 02,31.38,64.33,33.79,29.89,30.04,998,4.6,90,0.0,40,0,1
2019-08-09 03,31.05,66.35,33.59,29.56,30.0,998,4.6,90,0.0,40,2,1
2019-08-09 04,30.12,72.05,32.74,29.39,30.0,997,4.1,70,0.0,40,0,1
2019-08-09 05,29.5,72.25,32.1,29.0,29.8,997,4.1,70,0.0,40,0,1
2019-08-09 06,29.55,71.12,32.63,29.0,30.0,998,4.1,60,0.0,75,2,1
2019-08-09 07,29.2,76.4,33.27,29.43,30.0,999,4.1,60,0.0,75,2,1
2019-08-09 08,30.9,69.2,34.6,29.6,31.0,999,3.1,70,0.0,40,0,1
2019-08-09 09,32.15,63.3,31.12,29.6,32.22,996,7.7,90,0.0,40,0,1
2019-08-09 10,31.65,65.85,34.66,30.65,32.22,996,4.1,80,0.0,75,0,1
2019-08-09 11,32.52,63.45,35.01,30.93,33.0,996,6.2,70,0.0,75,0,1
2019-08-09 12,32.12,65.67,35.38,30.81,34.0,996,5.1,70,0.0,40,0,1
2019-08-09 13,32.53,65.28,35.45,31.8,32.31,993,6.2,80,0.0,75,0,1
2019-08-09 14,33.75,62.6,37.89,31.04,32.78,994,2.6,50,0.0,75,0,1
2019-08-09 15,34.15,61.8,36.91,31.66,33.0,993,4.6,80,0.0,75,0,1
2019-08-09 16,33.33,63.45,36.07,31.0,33.6,993,4.1,100,1.5,90,4,1
2019-08-09 17,33.25,63.17,37.11,31.0,32.78,993,4.1,70,0.0,75,2,1
2019-08-09 18,32.8,64.47,37.35,31.0,32.78,993,2.6,60,0.0,75,2,1
2019-08-09 19,31.9,67.22,36.86,31.0,32.0,997,2.6,60,0.0,75,2,1
2019-08-09 20,31.58,69.75,35.89,30.02,31.2,998,2.6,70,0.0,40,2,1
2019-08-09 21,31.27,72.2,35.79,29.86,31.2,999,2.6,70,0.0,40,2,1
2019-08-09 22,30.55,70.9,33.98,29.06,30.0,999,3.6,70,0.0,40,2,1
2019-08-09 23,29.62,77.03,33.16,28.91,29.8,999,3.6,70,0.0,40,2,1
2019-08-10 00,29.07,81.12,32.28,28.0,29.8,999,3.6,70,0.0,40,2,1
2019-08-10 01,28.88,83.2,32.63,28.0,28.64,999,3.6,70,0.0,40,2,1
2019-08-10 02,28.48,86.43,32.66,28.0,28.71,999,3.6,70,0.0,40,2,1
2019-08-10 03,28.33,88.35,32.21,27.18,28.6,998,3.6,70,0.0,40,2,1
2019-08-10 04,28.25,89.15,31.59,27.23,28.2,998,4.6,90,0.0,40,2,1
2019-08-10 05,28.27,89.2,30.99,27.0,28.2,997,4.6,90,0.0,40,2,1
2019-08-10 06,28.17,89.28,31.84,27.0,30.56,993,4.6,90,0.0,40,2,1
2019-08-10 07,28.0,89.18,32.46,27.0,31.11,995,3.6,90,0.0,75,2,1
2019-08-10 08,28.5,87.2,32.41,28.0,29.0,999,4.6,90,0.0,75,2,1
2019-08-10 09,28.7,87.0,33.79,28.0,30.0,1000,3.6,100,0.0,75,2,1
2019-08-10 10,29.9,82.68,34.22,30.0,32.0,996,4.1,80,0.0,75,0,1
2019-08-10 11,32.25,71.68,32.63,29.0,31.54,997,6.2,50,0.0,75,2,1
2019-08-10 12,30.9,75.85,33.53,29.0,32.0,996,5.1,90,0.0,75,0,1
2019-08-10 13,31.3,74.93,35.57,30.56,32.6,995,3.6,100,0.0,75,0,1
2019-08-10 14,32.22,70.3,35.78,31.0,33.0,995,4.1,90,0.0,75,0,1
2019-08-10 15,32.52,68.85,36.97,31.67,33.0,994,3.1,100,0.0,75,0,1
2019-08-10 16,34.1,62.92,37.44,31.67,34.0,994,2.1,100,0.0,75,0,1
2019-08-10 17,33.92,61.1,38.06,31.67,33.0,994,2.1,110,0.0,75,0,1
2019-08-10 18,33.45,62.75,37.41,31.73,33.0,994,3.1,90,0.0,40,0,1
2019-08-10 19,32.03,67.55,36.45,30.92,33.0,994,3.1,90,0.0,40,0,1
2019-08-10 20,31.18,73.08,34.96,29.0,30.6,999,2.6,70,0.0,20,2,1
2019-08-10 21,30.65,77.38,34.79,29.0,30.6,1000,2.6,70,0.0,20,2,1
2019-08-10 22,30.2,78.68,35.31,29.0,29.6,1001,1.5,70,0.0,20,2,1
2019-08-10 23,29.9,79.5,35.38,29.0,29.6,1001,1.5,70,0.0,20,2,1
2019-08-11 00,29.73,81.05,35.3,29.0,29.6,1001,1.5,70,0.0,20,2,1
2019-08-11 01,29.67,82.97,35.4,28.26,29.0,1000,1.0,70,0.0,20,2,1
2019-08-11 02,29.23,86.58,35.33,28.03,29.0,1000,1.0,70,0.0,20,2,2
2019-08-11 03,29.05,87.72,34.28,27.48,28.8,1000,1.0,70,0.0,20,2,2
2019-08-11 04,28.77,89.1,33.64,27.0,28.2,1000,1.0,90,0.0,40,2,2
2019-08-11 05,28.65,88.8,35.15,27.0,30.56,996,1.0,90,0.0,40,2,2
2019-08-11 06,28.48,89.35,35.06,28.0,29.2,1001,1.5,90,0.0,20,2,2
2019-08-11 07,29.38,86.35,35.92,29.0,31.11,998,1.5,80,0.0,40,2,1
2019-08-11 08,31.38,76.28,36.74,30.0,31.11,998,2.1,110,0.0,40,2,2
2019-08-11 09,33.4,67.0,36.81,30.0,32.0,998,2.1,160,0.0,40,0,2
2019-08-11 10,34.12,62.12,37.67,31.39,32.0,998,1.5,110,0.0,75,0,1
2019-08-11 11,34.8,58.75,39.47,32.22,34.0,998,2.1,140,0.0,75,0,1
2019-08-11 12,35.5,55.0,38.77,32.78,35.0,998,2.1,160,0.0,75,0,1
2019-08-11 13,35.17,57.52,38.64,32.78,36.0,997,2.6,150,0.0,75,0,1
2019-08-11 14,35.15,58.1,38.82,33.0,36.0,996,3.1,160,0.0,75,0,1
2019-08-11 15,35.35,58.25,39.59,33.0,36.0,996,2.6,210,0.0,75,0,1
2019-08-11 16,35.9,55.15,39.12,32.6,36.0,995,2.6,160,0.0,75,0,1
2019-08-11 17,35.65,56.42,38.82,32.6,36.0,995,3.1,200,0.0,75,0,1
2019-08-11 18,34.52,59.83,39.07,33.33,35.0,995,3.1,200,0.0,40,0,1
2019-08-11 19,33.4,63.1,37.63,32.78,35.0,995,3.1,200,0.0,40,0,1
2019-08-11 20,32.7,65.45,37.17,31.14,33.33,994,2.1,170,0.0,40,0,1
2019-08-11 21,32.42,65.93,36.72,30.47,33.33,995,2.1,170,0.0,40,0,1
2019-08-11 22,31.98,68.28,36.63,30.25,31.4,1000,2.1,230,0.0,40,2,1
2019-08-11 23,31.62,71.22,36.66,30.24,31.4,1000,2.1,230,0.0,40,2,1
2019-08-12 00,31.33,72.7,35.7,29.89,31.4,1000,2.1,230,0.0,40,2,1
2019-08-12 01,31.3,72.72,34.77,29.3,30.4,1000,3.1,230,0.0,40,2,1
2019-08-12 02,30.7,75.38,33.95,29.0,30.4,1000,3.1,230,0.0,40,2,1
2019-08-12 03,30.18,77.8,33.45,28.01,30.4,1000,3.1,230,0.0,40,2,1
2019-08-12 04,29.88,78.45,33.72,28.43,29.2,1000,2.6,250,0.0,40,2,1
2019-08-12 05,29.55,80.03,33.98,29.0,29.21,1000,2.6,250,0.0,40,2,6
2019-08-12 06,29.52,79.88,34.13,28.0,30.0,1001,1.5,240,0.0,75,2,1
2019-08-12 07,29.38,81.2,34.73,28.0,30.0,1002,1.5,240,0.0,75,2,1
2019-08-12 08,30.55,77.88,35.97,29.0,30.0,1002,1.5,250,0.5,90,4,1
2019-08-12 09,31.55,73.55,35.87,29.0,30.27,1002,1.5,190,0.5,90,4,1
2019-08-12 10,30.83,79.0,36.35,29.0,32.0,1003,2.1,250,0.0,90,2,1
2019-08-12 11,29.2,88.23,36.49,29.0,32.87,1002,2.6,230,0.0,90,2,1
2019-08-12 12,31.22,79.7,36.9,30.0,32.99,998,3.1,250,0.0,90,2,1
2019-08-12 13,32.75,74.9,37.58,31.0,33.93,997,3.1,250,0.0,90,2,1
2019-08-12 14,33.83,70.78,40.74,32.78,34.59,996,1.5,230,0.0,75,0,1
2019-08-12 15,34.0,69.45,40.9,32.78,35.0,996,1.0,270,0.0,75,0,2
2019-08-12 16,33.75,71.75,39.36,32.78,34.2,994,2.1,270,0.0,75,0,2
2019-08-12 17,33.4,73.12,39.61,32.78,33.72,995,1.5,250,0.0,75,0,2
2019-08-12 18,32.85,73.7,39.9,32.0,33.34,995,1.0,250,0.0,75,2,1
2019-08-12 19,31.93,77.47,38.79,31.35,32.0,999,1.0,250,0.0,75,2,1
2019-08-12 20,30.6,83.47,38.3,30.08,31.4,1000,1.0,230,0.0,40,2,1
2019-08-12 21,30.18,84.33,38.25,30.09,31.4,1000,1.0,230,0.0,40,2,1
2019-08-12 22,30.95,80.23,35.84,29.3,30.0,1001,2.1,230,0.0,20,2,1
2019-08-12 23,30.45,81.12,34.96,29.0,29.6,1000,2.1,230,0.0,20,2,1
2019-08-13 00,30.08,81.78,34.14,28.0,29.6,1000,2.1,230,0.0,20,2,1
2019-08-13 01,29.77,81.6,33.79,28.0,28.75,999,2.1,250,0.0,20,2,1
2019-08-13 02,29.75,81.28,33.8,28.0,28.83,999,2.1,250,0.0,20,2,1
2019-08-13 03,29.57,83.58,33.9,28.0,29.14,999,2.1,250,0.0,20,2,1
2019-08-13 04,29.3,86.42,34.15,28.0,29.19,999,2.1,270,0.0,40,2,1
2019-08-13 05,29.55,85.3,34.39,28.0,29.97,1000,2.1,270,0.0,40,2,1
2019-08-13 06,29.62,82.4,34.91,28.6,29.66,1000,2.6,280,0.0,40,2,1
2019-08-13 07,29.77,82.17,35.48,29.0,30.27,1001,2.6,280,0.0,40,2,1
2019-08-13 08,31.38,75.65,33.81,29.8,31.0,1001,4.6,290,0.0,20,2,1
2019-08-13 09,32.45,70.3,36.05,29.8,32.22,998,2.6,290,0.0,20,0,1
2019-08-13 10,32.1,72.33,37.86,31.67,32.22,998,1.5,280,0.0,75,0,1
2019-08-13 11,32.47,70.85,38.94,32.22,33.16,999,2.1,340,0.0,90,0,1
2019-08-13 12,34.67,65.42,39.53,32.0,34.0,997,1.5,300,0.0,90,0,1
2019-08-13 13,35.88,61.98,37.67,32.78,35.0,996,5.1,350,0.0,75,0,1
2019-08-13 14,34.62,67.68,36.14,30.0,35.0,996,4.6,230,0.5,90,4,1
2019-08-13 15,28.82,95.45,37.48,31.0,33.33,996,2.6,70,0.87,90,4,1
2019-08-13 16,29.32,92.45,36.63,26.2,30.71,1000,1.0,110,3.13,90,5,1
2019-08-13 17,28.85,92.12,34.74,26.2,32.78,997,2.1,250,3.16,90,5,2
2019-08-13 18,28.23,90.5,35.51,26.2,33.33,998,1.0,130,0.0,90,2,2
2019-08-13 19,27.93,91.7,34.3,27.0,28.16,1001,1.0,130,0.0,90,2,1
2019-08-13 20,27.98,90.92,33.76,27.05,28.0,1002,2.1,230,0.0,90,2,1
2019-08-13 21,28.18,88.8,33.76,27.24,28.0,1002,2.1,230,0.0,90,2,1
2019-08-13 22,28.25,89.3,33.94,26.39,28.0,1003,1.5,250,0.0,90,2,1
2019-08-13 23,28.25,90.93,33.9,26.27,28.0,1003,1.5,250,0.0,90,2,1
2019-08-14 00,28.38,90.25,33.09,26.39,27.8,1003,1.5,250,0.0,90,2,1
2019-08-14 01,26.25,98.95,33.1,26.19,27.0,1002,1.0,110,1.64,90,4,1
2019-08-14 02,25.88,99.2,33.03,26.04,27.0,1002,1.0,110,1.8,90,4,1
2019-08-14 03,25.6,99.2,31.89,25.57,26.0,1002,1.46,113,0.0,90,2,1
2019-08-14 04,25.75,99.2,31.94,25.75,26.0,1002,1.5,103,0.0,90,2,1
2019-08-14 05,26.15,99.2,32.25,26.0,26.9,1002,1.36,100,0.0,90,2,1
2019-08-14 06,26.05,99.2,33.32,26.97,27.09,1002,1.0,30,0.0,90,2,1
2019-08-14 07,26.62,98.48,34.04,27.0,29.2,1003,1.0,30,0.0,90,2,1
2019-08-14 08,28.1,91.57,35.32,27.53,29.2,1003,1.0,50,0.0,90,2,1
2019-08-14 09,29.77,84.62,35.76,28.58,30.0,1003,1.0,60,0.0,75,2,1
2019-08-14 10,31.25,79.83,37.32,30.56,31.8,1004,2.1,330,0.0,75,2,2
2019-08-14 11,32.9,73.98,39.72,31.8,32.76,1003,1.0,70,0.0,75,2,2
2019-08-14 12,34.0,69.7,39.44,31.8,34.0,1003,1.5,70,0.0,75,0,3
2019-08-14 13,34.33,67.8,36.29,27.0,34.0,1002,1.5,180,0.0,75,0,2
2019-08-14 14,34.67,65.17,37.72,30.0,34.0,1001,2.1,230,0.0,75,0,2
2019-08-14 15,33.88,70.75,38.79,31.0,34.21,1000,1.5,290,0.0,75,0,2
2019-08-14 16,34.88,67.95,40.63,31.0,33.31,1000,1.5,290,0.0,90,2,2
2019-08-14 17,33.62,71.65,40.05,31.0,32.8,1000,2.1,230,0.0,75,2,2
2019-08-14 18,30.02,88.88,38.0,29.0,32.91,1000,2.1,200,0.0,75,2,2
2019-08-14 19,28.5,99.07,38.05,29.0,32.78,997,2.1,200,0.0,75,2,2
2019-08-14 20,28.25,99.2,36.83,29.0,30.55,1002,1.17,225,0.0,40,2,2
2019-08-14 21,28.38,99.28,37.63,29.41,30.31,1003,1.1,252,0.0,40,2,2
2019-08-14 22,28.38,99.22,36.65,28.87,29.6,1003,1.0,262,0.0,40,2,2
2019-08-14 23,28.23,99.22,36.6,28.92,29.6,1002,1.04,255,0.0,40,2,3
2019-08-15 00,28.27,99.25,37.13,29.0,29.68,1002,0.41,168,0.0,40,2,3
2019-08-15 01,28.12,99.2,36.82,28.96,29.13,1002,0.46,119,0.0,40,2,3
2019-08-15 02,28.43,94.93,36.41,28.67,29.0,1002,0.87,81,0.0,40,2,4
2019-08-15 03,28.62,94.4,35.64,27.68,29.0,1002,1.34,97,0.0,40,2,3
2019-08-15 04,28.48,93.35,32.9,25.0,29.0,1002,3.1,70,0.48,90,5,2
2019-08-15 05,27.65,94.2,30.18,25.0,27.62,1002,3.1,70,0.53,90,5,2
2019-08-15 06,26.2,99.2,31.99,26.0,27.56,1003,2.19,68,0.0,90,5,1
2019-08-15 07,26.95,98.85,32.67,25.4,28.34,1002,2.36,67,0.0,90,2,1
2019-08-15 08,27.52,98.0,34.35,25.4,28.99,1002,1.0,50,0.0,75,2,1
2019-08-15 09,29.35,90.6,35.19,28.0,32.22,1000,3.1,70,0.0,75,2,2
2019-08-15 10,32.0,74.95,36.52,30.36,32.0,1000,4.1,90,0.0,75,2,1
2019-08-15 11,32.8,68.95,37.17,31.24,32.0,1000,3.1,70,0.0,75,2,1
2019-08-15 12,33.58,67.88,37.31,31.0,33.0,999,2.1,80,0.0,75,0,1
2019-08-15 13,34.1,65.05,35.6,31.0,33.0,998,5.1,90,0.0,75,0,1
2019-08-15 14,34.12,62.75,36.09,32.22,35.0,997,5.1,70,0.0,75,0,1
2019-08-15 15,34.55,61.92,38.63,31.36,34.0,997,2.1,80,0.0,75,0,1
2019-08-15 16,34.6,60.6,37.8,30.9,34.0,996,3.1,50,0.0,75,0,1
2019-08-15 17,34.3,61.92,37.85,31.47,34.0,996,3.1,70,0.0,75,0,1
2019-08-15 18,33.27,65.55,37.9,31.61,33.0,996,2.1,70,0.0,75,0,1
2019-08-15 19,32.15,69.7,36.69,31.0,33.0,996,2.1,70,0.0,75,0,1
2019-08-15 20,31.45,74.62,35.24,29.93,31.0,1001,2.6,70,0.0,40,2,1
2019-08-15 21,30.95,79.17,35.08,29.58,31.0,1001,2.6,70,0.0,40,2,1
2019-08-15 22,30.5,81.28,33.63,28.91,30.0,1002,4.1,110,0.0,40,2,1
2019-08-15 23,30.2,81.97,32.74,28.63,30.0,1002,4.1,110,0.0,40,2,1
2019-08-16 00,29.57,81.43,32.69,28.59,30.0,1002,4.1,110,0.0,40,2,1
2019-08-16 01,29.07,79.47,31.51,27.85,28.2,1001,4.1,70,0.0,40,2,1
2019-08-16 02,28.5,82.45,30.75,27.0,28.2,1001,4.1,70,0.0,40,2,1
2019-08-16 03,28.3,84.72,30.42,27.0,28.2,1001,4.1,70,0.0,40,2,1
2019-08-16 04,28.08,86.62,31.02,27.0,28.0,1001,3.1,90,0.0,75,2,1
2019-08-16 05,27.6,89.32,31.23,27.0,28.0,1001,3.1,90,0.0,75,2,1
2019-08-16 06,27.3,91.42,31.16,27.0,28.0,1001,3.1,90,0.0,75,2,1
2019-08-16 07,27.57,90.65,32.04,27.0,29.2,1001,3.1,90,0.0,75,2,1
2019-08-16 08,28.2,87.47,31.07,27.97,29.2,1001,5.1,50,0.0,75,2,1
2019-08-16 09,29.8,79.95,32.96,28.1,30.0,1001,3.1,30,0.0,75,2,1
2019-08-16 10,30.3,76.58,33.8,28.94,31.0,1001,3.6,70,0.0,75,0,1
2019-08-16 11,31.05,72.48,35.32,30.0,32.22,998,3.1,110,0.0,75,0,1
2019-08-16 12,32.12,68.35,36.31,29.34,31.0,1001,3.1,90,0.73,90,4,1
2019-08-16 13,31.9,69.38,35.66,30.0,31.67,996,4.6,80,0.0,75,2,1
2019-08-16 14,31.85,68.78,35.79,30.2,32.22,996,3.1,70,0.0,75,0,1
2019-08-16 15,32.7,66.75,35.67,30.03,32.22,995,3.1,80,0.0,75,0,1
2019-08-16 16,30.75,74.4,36.44,29.0,32.2,998,2.6,90,0.0,75,2,1
2019-08-16 17,31.45,73.25,36.22,29.0,32.2,997,2.1,90,0.0,75,2,1
2019-08-16 18,30.73,75.53,37.08,29.0,32.2,994,2.6,90,0.0,75,2,1
2019-08-16 19,30.2,76.35,34.74,27.0,30.56,994,2.6,90,0.0,75,2,1
2019-08-16 20,28.98,84.53,33.14,27.76,28.44,999,2.6,80,0.0,75,2,1
2019-08-16 21,29.3,83.53,32.3,27.65,29.8,999,2.6,70,0.0,40,2,1
2019-08-16 22,29.02,84.78,32.52,27.25,28.0,1000,4.1,90,0.0,75,2,1
2019-08-16 23,28.67,85.05,31.2,27.17,28.8,1000,4.6,90,0.0,40,2,1
2019-08-17 00,28.15,87.9,31.15,27.13,28.8,1000,4.6,90,0.0,40,2,1
2019-08-17 01,27.75,89.68,32.93,26.96,28.0,999,2.1,50,1.5,90,4,1
2019-08-17 02,27.75,89.65,32.08,26.81,27.6,999,2.1,50,1.5,90,4,1
2019-08-17 03,27.5,91.1,31.72,25.95,27.6,998,2.1,50,0.17,90,4,1
2019-08-17 04,27.33,92.88,31.4,26.0,27.0,998,2.6,90,0.0,90,1,1
2019-08-17 05,26.52,96.1,31.06,26.0,27.0,998,2.6,90,0.0,90,1,1
2019-08-17 06,26.05,98.85,29.64,26.0,27.0,999,5.1,80,0.0,90,2,1
2019-08-17 07,26.3,97.33,31.69,26.36,27.0,999,2.1,120,0.13,90,8,6
2019-08-17 08,26.95,93.43,29.78,25.92,26.8,999,4.1,90,0.41,90,8,1
2019-08-17 09,27.1,91.6,30.9,26.0,28.89,996,3.6,80,0.0,90,2,1
2019-08-17 10,26.82,95.22,31.57,26.6,27.68,1001,2.6,110,0.0,90,8,1
2019-08-17 11,26.77,96.8,31.7,26.6,28.89,997,4.1,90,0.0,90,2,1
2019-08-17 12,27.5,92.83,31.33,28.0,29.44,996,4.1,110,0.0,90,8,1
2019-08-17 13,27.9,90.0,31.5,27.49,30.0,996,4.1,100,0.4,90,8,1
2019-08-17 14,28.62,87.65,32.78,26.94,28.18,1000,3.1,140,1.69,90,8,1
2019-08-17 15,28.2,89.72,31.92,27.0,28.0,999,3.1,100,0.28,90,8,1
2019-08-17 16,28.15,88.12,30.91,26.0,28.0,998,4.1,130,0.14,90,8,1
2019-08-17 17,27.52,91.08,30.64,26.0,27.2,998,3.1,110,0.0,90,2,1
2019-08-17 18,27.12,92.62,31.01,26.0,27.2,998,2.6,90,0.75,90,8,1
2019-08-17 19,26.2,98.68,30.69,26.0,26.62,999,2.6,90,0.26,90,8,1
2019-08-17 20,26.4,99.08,31.36,25.62,26.6,1000,2.1,110,1.03,90,4,1
2019-08-17 21,26.33,99.2,31.39,25.6,26.6,1000,2.1,110,1.47,90,4,1
2019-08-17 22,26.45,99.15,30.97,25.32,26.2,1001,2.6,140,2.46,90,8,1
2019-08-17 23,26.52,98.53,30.97,25.44,26.2,1001,2.6,140,3.39,90,8,6
2019-08-18 00,26.18,98.83,30.84,25.2,26.2,1001,2.6,140,3.98,90,8,6
2019-08-18 01,25.82,99.22,30.54,24.89,26.2,1001,2.6,160,0.0,90,2,1
2019-08-18 02,25.6,99.2,30.59,25.0,26.2,1001,2.6,160,0.0,90,2,1
2019-08-18 03,25.75,99.22,30.52,24.68,26.2,1001,2.6,160,0.0,90,2,1
2019-08-18 04,25.7,99.2,31.26,24.79,26.0,1001,1.5,200,0.0,90,2,1
2019-08-18 05,25.7,99.2,31.57,25.52,26.36,1002,1.5,200,0.0,90,2,1
2019-08-18 06,25.8,99.2,31.61,25.58,26.41,1002,2.1,220,1.23,90,4,1
2019-08-18 07,25.82,99.2,31.67,25.77,26.53,1003,2.1,220,1.06,90,4,6
2019-08-18 08,25.48,99.2,31.62,25.7,26.3,1003,2.1,200,1.03,90,8,6
2019-08-18 09,25.72,99.22,29.49,25.52,26.25,1004,5.1,250,1.5,90,8,1
2019-08-18 10,26.25,99.3,30.49,25.76,27.0,1004,4.6,250,0.0,90,2,1
2019-08-18 11,26.62,95.58,30.56,25.76,27.2,1004,3.6,250,0.0,90,2,1
2019-08-18 12,27.85,87.45,31.62,26.18,28.0,1004,3.1,250,0.0,90,2,1
2019-08-18 13,28.8,81.1,32.13,26.2,28.39,1004,2.6,260,0.0,75,2,1
2019-08-18 14,28.1,84.3,32.17,27.05,28.4,1004,2.1,250,0.0,75,2,1
2019-08-18 15,28.88,81.65,34.18,29.0,30.21,1003,2.1,270,0.0,75,2,1
2019-08-18 16,28.8,82.4,33.97,29.0,31.2,999,2.1,250,0.0,75,2,1
2019-08-18 17,29.83,78.1,35.1,29.84,31.2,999,2.1,70,0.0,75,2,1
2019-08-18 18,29.55,79.48,35.38,29.0,31.2,999,1.0,280,0.0,75,2,1
2019-08-18 19,28.1,85.58,34.79,29.0,29.4,1003,1.0,280,0.0,75,2,1
2019-08-18 20,26.48,95.9,33.56,27.6,28.38,1004,1.63,120,0.0,40,2,1
2019-08-18 21,26.33,96.97,33.36,27.6,28.0,1004,1.69,122,0.0,40,2,1
2019-08-18 22,26.92,95.12,33.7,26.85,28.0,1005,1.77,123,0.0,75,2,2
2019-08-18 23,26.9,95.15,33.34,26.36,28.0,1005,1.97,132,0.0,75,2,2
2019-08-19 00,26.85,94.72,32.59,26.4,27.0,1005,1.93,142,0.0,75,2,2
2019-08-19 01,26.4,97.17,31.79,25.9,27.0,1005,1.95,152,0.0,40,2,2
2019-08-19 02,26.0,98.8,32.13,26.07,27.0,1004,1.51,154,0.0,40,2,2
2019-08-19 03,26.0,99.3,31.88,25.19,27.0,1004,1.46,165,0.0,40,2,2
2019-08-19 04,26.12,99.25,31.54,25.45,26.0,1004,0.9,202,0.0,40,2,2
2019-08-19 05,25.73,99.3,32.09,25.8,26.77,1004,0.66,210,0.0,40,2,2
2019-08-19 06,25.55,99.28,31.45,25.8,27.16,1005,2.1,240,0.0,20,2,2
2019-08-19 07,26.45,98.78,32.0,27.0,27.8,1006,2.1,240,0.0,20,2,2
2019-08-19 08,28.77,88.2,33.19,27.2,28.0,1006,2.1,230,0.0,20,2,2
2019-08-19 09,30.88,79.8,32.74,27.2,30.0,1003,3.1,260,0.0,40,0,2
2019-08-19 10,31.62,76.62,34.42,30.0,32.0,1003,2.1,260,0.0,40,0,3
2019-08-19 11,33.15,68.5,34.46,30.56,32.0,1003,3.1,250,0.0,75,0,3
2019-08-19 12,33.75,64.15,35.91,30.56,33.0,1003,1.0,230,0.0,75,0,2
2019-08-19 13,33.92,60.6,35.02,32.0,33.0,1006,4.1,240,0.0,75,0,2
2019-08-19 14,34.3,60.6,36.46,32.0,33.12,1005,2.1,290,0.0,75,0,2
2019-08-19 15,34.88,57.17,36.66,31.11,34.0,1001,2.1,290,0.0,75,0,1
2019-08-19 16,34.95,56.38,37.36,31.11,34.0,1000,1.5,350,0.0,75,0,1
2019-08-19 17,34.18,59.97,37.2,31.11,33.8,1000,1.5,290,0.0,75,0,1
2019-08-19 18,33.27,62.83,36.98,31.11,33.8,1000,1.0,290,0.0,75,0,1
2019-08-19 19,31.6,72.0,35.98,30.25,33.0,1000,1.0,290,0.0,75,0,1
2019-08-19 20,30.62,78.1,37.04,28.61,31.67,1000,1.0,340,0.0,40,2,2
2019-08-19 21,29.6,86.38,36.21,28.13,31.67,1000,1.0,340,0.0,40,2,2
2019-08-19 22,28.23,95.08,36.31,27.22,31.67,1001,1.29,33,0.0,40,2,2
2019-08-19 23,27.92,95.8,36.56,26.83,31.11,1000,0.71,317,0.0,40,2,2
2019-08-20 00,28.25,93.88,35.19,27.35,29.0,1005,0.81,293,0.0,40,2,2
2019-08-20 01,27.55,97.8,33.78,26.89,28.2,1005,1.19,291,0.0,40,2,2
2019-08-20 02,27.55,97.8,33.62,26.6,28.2,1004,1.3,305,0.0,40,2,2
2019-08-20 03,27.5,98.57,33.16,25.75,28.2,1005,1.4,304,0.0,40,2,2
2019-08-20 04,27.95,98.2,33.57,26.06,28.2,1005,1.0,250,0.0,40,2,3
2019-08-20 05,27.7,98.43,34.03,27.21,28.2,1005,1.0,250,0.0,40,2,3
2019-08-20 06,27.67,97.7,32.66,27.19,29.0,1005,2.6,300,0.0,75,2,3
2019-08-20 07,28.25,95.38,33.42,28.0,29.2,1006,2.6,300,0.0,75,2,3
2019-08-20 08,29.45,90.03,33.87,28.0,29.2,1006,3.1,290,0.0,75,2,2
2019-08-20 09,30.48,85.0,35.84,28.44,30.0,1007,1.0,290,0.0,75,2,2
2019-08-20 10,32.35,75.88,36.44,29.95,31.11,1003,2.1,280,0.0,75,2,3
2019-08-20 11,33.53,68.5,37.97,31.62,32.01,1006,2.1,340,0.0,75,2,3
2019-08-20 12,33.3,67.65,37.04,31.64,32.32,1006,2.6,310,0.0,75,0,2
2019-08-20 13,34.5,59.62,38.03,33.0,34.0,1005,2.1,310,0.0,75,0,1
2019-08-20 14,35.08,54.65,37.17,33.4,34.0,1004,3.6,340,0.0,75,0,1
2019-08-20 15,34.98,56.95,37.89,32.94,34.0,1003,2.1,260,0.0,75,0,1
2019-08-20 16,34.7,58.22,35.19,32.6,35.0,1002,4.6,250,0.0,75,0,1
2019-08-20 17,34.42,54.17,36.17,32.6,34.0,1002,4.1,270,0.0,40,0,1
2019-08-20 18,33.22,58.95,36.82,32.6,34.0,1002,3.1,270,0.0,40,0,1
2019-08-20 19,31.68,65.15,35.04,31.0,34.0,999,3.1,270,0.0,40,0,1
2019-08-20 20,30.93,69.25,35.78,30.07,31.0,1003,1.0,320,0.0,20,0,1
2019-08-20 21,30.05,70.45,34.83,29.56,30.8,1003,1.0,320,0.0,20,0,1
2019-08-20 22,29.77,73.65,35.63,28.8,30.0,1003,1.0,290,0.0,20,2,1
2019-08-20 23,29.22,77.55,34.6,28.45,29.0,1003,1.0,290,0.0,20,2,1
2019-08-21 00,29.0,80.3,34.45,28.13,29.0,1003,1.0,290,0.0,20,2,1
2019-08-21 01,28.67,84.05,33.86,27.25,28.0,1003,1.0,290,0.0,40,2,2
2019-08-21 02,28.43,86.08,33.78,27.03,28.0,1003,1.0,290,0.0,40,2,2
2019-08-21 03,27.62,90.65,33.32,25.87,28.0,1002,1.0,290,0.0,40,2,2
2019-08-21 04,27.05,94.62,33.01,26.16,28.0,1003,2.1,250,0.0,20,2,2
2019-08-21 05,27.15,95.12,33.12,27.2,28.0,1002,2.1,250,0.0,20,2,2
2019-08-21 06,27.88,93.17,32.27,27.0,28.0,1003,1.5,270,0.0,40,2,2
2019-08-21 07,28.45,91.12,33.77,28.0,29.4,1003,1.5,270,0.0,40,2,2
2019-08-21 08,29.98,84.88,35.77,29.0,30.0,1004,1.5,230,0.0,40,2,2
2019-08-21 09,31.95,76.03,36.59,29.4,31.11,1001,2.1,260,0.0,40,2,2
2019-08-21 10,33.12,70.75,37.36,31.43,33.0,1004,3.1,260,0.0,40,0,2
2019-08-21 11,34.35,66.08,38.14,32.2,34.0,1004,2.6,340,0.0,75,0,2
2019-08-21 12,35.17,59.67,38.3,32.2,34.0,1004,2.6,300,0.0,75,0,2
2019-08-21 13,35.78,55.42,39.75,34.0,34.76,1004,3.1,270,0.0,75,0,2
2019-08-21 14,36.05,54.07,38.29,34.0,36.0,1002,2.6,20,0.0,75,0,2
2019-08-21 15,36.38,52.4,38.38,34.0,36.0,1002,3.1,270,0.0,75,0,2
2019-08-21 16,36.02,50.15,40.03,32.78,36.0,998,1.0,260,0.0,75,0,1
2019-08-21 17,35.05,53.77,37.33,33.0,35.0,1001,2.6,290,0.0,40,0,1
2019-08-21 18,34.58,57.62,37.58,32.78,34.0,998,1.5,280,0.0,40,0,2
2019-08-21 19,33.15,61.88,36.94,31.95,34.0,998,1.5,280,0.0,40,0,2
2019-08-21 20,32.33,66.08,39.04,30.61,33.0,998,1.0,50,0.0,40,0,3
2019-08-21 21,31.65,71.88,37.93,29.52,33.33,998,1.0,50,0.0,40,0,3
2019-08-21 22,30.9,77.03,35.45,28.25,30.0,1003,1.93,123,0.0,40,2,4
2019-08-21 23,30.38,79.53,34.65,27.7,30.0,1003,1.84,135,0.0,40,2,5
2019-08-22 00,29.17,86.85,33.79,27.51,30.0,1003,1.56,135,0.0,40,2,4
2019-08-22 01,29.2,85.8,34.28,26.6,28.6,1003,1.3,118,0.0,40,2,4
2019-08-22 02,28.82,87.35,34.06,26.29,28.6,1003,1.47,106,0.0,40,2,3
2019-08-22 03,28.43,91.28,33.25,25.37,28.6,1003,0.89,139,0.0,40,2,3
2019-08-22 04,28.12,93.33,32.17,25.6,27.0,1003,1.0,270,0.0,40,2,3
2019-08-22 05,28.1,82.1,31.6,26.0,27.0,1003,1.0,270,0.0,40,2,3
2019-08-22 06,27.92,77.28,32.3,26.56,28.0,1004,1.0,270,0.0,40,2,2
2019-08-22 07,28.65,76.05,33.03,26.2,29.4,1004,1.0,270,0.0,40,2,1
2019-08-22 08,30.23,71.38,34.37,28.48,29.4,1005,1.5,270,0.0,75,2,2
2019-08-22 09,32.23,65.17,35.77,29.17,31.67,1001,1.0,270,0.0,75,0,2
2019-08-22 10,33.98,61.72,36.3,30.68,33.0,1001,1.5,200,0.0,75,0,2
2019-08-22 11,34.2,63.4,36.64,31.2,33.0,1002,3.1,270,0.0,75,0,2
2019-08-22 12,34.4,62.5,38.39,31.2,34.0,1001,1.5,350,0.0,75,0,2
2019-08-22 13,34.8,60.6,39.24,33.0,34.0,1004,2.1,220,0.0,75,0,2
2019-08-22 14,33.88,63.58,39.55,32.78,35.0,1000,2.1,290,0.0,75,0,2
2019-08-22 15,28.6,78.78,34.33,29.46,33.0,999,3.1,160,0.13,90,4,2
2019-08-22 16,26.0,98.4,33.6,27.8,32.78,999,2.1,340,0.0,75,0,2
2019-08-22 17,27.12,97.72,35.19,27.8,32.78,999,2.1,70,0.0,75,2,2
2019-08-22 18,28.15,91.08,35.35,27.8,32.78,999,2.1,80,0.0,75,0,2
2019-08-22 19,27.1,94.6,33.67,28.0,30.81,1002,2.1,80,0.0,75,0,3
2019-08-22 20,26.12,98.08,33.68,28.0,29.93,1002,1.1,117,0.0,40,2,2
2019-08-22 21,26.12,98.25,33.35,28.0,29.41,1003,1.35,119,0.0,40,2,2
2019-08-22 22,26.2,97.53,33.39,27.97,28.17,1004,1.0,160,0.0,40,2,2
2019-08-22 23,26.52,94.1,33.31,27.74,28.0,1004,1.0,160,0.0,40,2,2
2019-08-23 00,27.15,90.73,33.39,27.99,28.14,1004,1.0,160,0.0,40,2,2
2019-08-23 01,26.72,93.7,32.79,27.68,28.0,1003,1.84,203,0.0,20,2,2
2019-08-23 02,26.08,96.9,33.15,27.39,28.0,1003,1.21,207,0.0,20,2,2
2019-08-23 03,26.27,96.33,32.96,26.76,28.0,1003,1.1,203,0.0,20,2,2
2019-08-23 04,25.9,98.25,32.18,26.96,27.07,1004,1.15,180,0.0,40,2,2
2019-08-23 05,25.98,98.53,32.74,27.0,28.23,1004,0.76,157,0.0,40,2,2
2019-08-23 06,25.7,98.15,32.69,27.0,28.07,1004,1.36,181,0.0,20,2,2
2019-08-23 07,26.68,96.6,34.13,28.0,30.4,1004,1.0,250,0.0,20,2,2
2019-08-23 08,30.15,81.85,34.54,28.6,30.4,1004,2.1,250,0.0,20,2,2
2019-08-23 09,32.67,69.78,35.03,28.6,31.67,1001,2.6,250,0.0,20,0,3
2019-08-23 10,33.98,64.5,36.98,31.24,33.0,1001,1.5,260,0.0,1,0,3
2019-08-23 11,34.4,62.27,37.4,32.2,35.0,1001,3.1,270,0.0,40,0,3
2019-08-23 12,35.45,57.58,38.28,32.2,35.0,1000,2.6,260,0.0,75,0,2
2019-08-23 13,35.02,58.15,38.18,34.0,35.0,1003,2.6,260,0.0,75,0,2
2019-08-23 14,35.9,54.2,36.53,32.22,36.0,999,4.6,250,0.0,75,0,2
2019-08-23 15,35.27,56.7,37.65,32.4,36.0,998,3.1,20,0.0,75,0,1
2019-08-23 16,32.92,67.35,38.72,32.78,36.0,998,2.6,40,0.0,75,0,2
2019-08-23 17,31.75,74.12,39.01,33.33,35.0,997,2.1,340,0.0,75,0,2
2019-08-23 18,32.25,71.62,38.32,31.0,34.01,998,1.0,320,0.0,75,0,2
2019-08-23 19,31.15,76.25,37.56,31.0,33.41,998,1.0,320,0.0,75,0,2
2019-08-23 20,29.33,86.47,39.83,29.99,32.78,998,0.94,297,0.0,40,2,2
2019-08-23 21,28.92,88.82,39.08,30.24,31.0,1003,0.16,267,0.0,40,2,2
2019-08-23 22,28.5,91.97,37.6,29.6,31.0,1003,0.36,155,0.0,40,2,2
2019-08-23 23,28.45,92.55,36.31,29.43,30.0,1003,0.86,147,0.0,40,2,3
2019-08-24 00,28.5,93.32,36.2,29.45,30.0,1003,1.06,139,0.0,40,2,3
2019-08-24 01,28.27,94.78,35.82,29.04,30.0,1003,1.13,156,0.0,40,2,3
2019-08-24 02,28.0,96.45,35.8,28.97,30.0,1003,1.09,179,0.0,40,2,3
2019-08-24 03,27.75,97.53,35.49,28.02,30.0,1003,1.03,151,0.0,40,2,3
2019-08-24 04,27.5,98.32,36.58,28.2,30.0,1002,0.52,97,0.0,40,2,3
2019-08-24 05,27.4,98.47,36.81,28.2,30.0,1003,0.68,59,0.0,40,2,3
2019-08-24 06,27.35,99.08,35.93,28.2,29.72,1003,1.0,260,0.0,40,2,3
2019-08-24 07,28.22,96.88,37.4,29.0,31.6,1004,1.0,260,0.0,40,2,2
2019-08-24 08,32.08,76.75,37.41,30.0,31.6,1004,1.0,230,0.0,40,2,2
2019-08-24 09,33.42,68.85,36.77,30.4,31.6,1004,1.5,250,0.0,75,2,2
2019-08-24 10,33.4,69.45,38.33,32.0,33.0,1001,1.0,110,0.0,40,0,3
2019-08-24 11,33.05,73.2,38.91,32.6,33.43,1007,1.5,230,0.0,75,0,4
2019-08-24 12,29.4,83.97,37.96,32.0,33.57,1004,2.1,10,0.0,75,0,4
2019-08-24 13,27.12,95.93,38.56,32.0,34.12,1004,1.5,50,0.0,40,0,3
2019-08-24 14,29.58,87.67,39.52,32.0,34.06,1003,1.0,20,0.0,90,0,2
2019-08-24 15,31.85,75.17,38.16,28.2,33.0,1002,1.0,260,0.0,90,0,2
2019-08-24 16,30.4,78.65,35.8,28.4,33.33,998,3.6,40,0.0,90,2,2
2019-08-24 17,29.57,79.38,35.93,28.4,32.0,1002,1.18,124,0.0,90,2,2
2019-08-24 18,29.2,84.3,35.49,28.4,32.0,1002,2.1,80,0.0,90,2,2
2019-08-24 19,28.83,89.47,35.41,29.37,30.0,1003,2.1,80,0.0,90,2,2
2019-08-24 20,28.48,92.98,33.86,28.01,29.4,1003,2.1,90,0.0,40,2,2
2019-08-24 21,28.5,91.35,33.81,27.99,29.4,1003,2.1,90,0.0,40,2,3
2019-08-24 22,28.15,90.43,32.97,27.26,28.2,1004,2.1,140,0.0,40,2,3
2019-08-24 23,27.8,90.8,31.13,27.0,27.54,1005,2.6,110,0.0,40,2,2
2019-08-25 00,27.47,90.73,32.08,27.0,27.53,1004,2.1,100,0.0,40,2,2
2019-08-25 01,26.88,92.17,31.79,26.82,27.0,1004,2.1,110,0.0,40,2,2
2019-08-25 02,26.65,91.43,31.84,26.93,27.03,1004,2.1,90,0.0,40,2,2
2019-08-25 03,27.05,91.25,31.98,26.38,27.0,1004,1.5,100,0.0,40,2,2
2019-08-25 04,27.05,91.4,32.5,26.24,27.6,1004,1.0,90,3.08,90,8,2
2019-08-25 05,27.02,93.15,31.9,27.0,27.23,1004,2.1,80,0.0,40,2,2
2019-08-25 06,27.12,93.4,32.11,27.0,27.6,1004,2.1,120,0.0,75,2,2
2019-08-25 07,26.88,93.9,32.12,27.0,28.0,1005,2.1,120,0.0,75,2,2
2019-08-25 08,27.52,90.65,32.66,27.0,28.0,1005,1.5,160,0.0,90,2,2
2019-08-25 09,28.42,87.92,33.28,27.6,29.0,1005,1.5,100,0.0,90,2,2
2019-08-25 10,29.32,83.4,34.05,28.0,29.0,1006,1.5,180,0.0,90,2,2
2019-08-25 11,30.43,78.43,35.05,28.0,30.06,1005,2.1,160,0.0,90,2,2
2019-08-25 12,31.33,74.88,36.53,30.15,31.67,1001,2.1,350,0.0,90,0,2
2019-08-25 13,32.33,70.95,37.11,30.95,32.0,1003,1.5,30,0.0,75,0,2
2019-08-25 14,33.88,65.05,36.83,29.2,34.0,1003,1.0,90,0.0,75,0,2
2019-08-25 15,31.48,72.8,34.88,27.63,33.0,999,3.1,60,0.0,90,0,2
2019-08-25 16,25.0,99.28,33.2,26.2,32.22,999,2.1,60,2.75,90,4,1
2019-08-25 17,25.85,99.12,33.32,26.2,28.0,1003,2.1,70,0.24,90,4,1
2019-08-25 18,26.27,98.82,33.48,26.2,28.43,1003,2.1,30,0.5,90,4,1
2019-08-25 19,26.45,98.95,33.48,27.0,28.07,1003,2.1,30,0.5,90,4,1
2019-08-25 20,26.52,98.57,32.37,26.2,27.2,1004,2.1,70,0.0,40,2,1
2019-08-25 21,26.5,98.95,31.78,25.83,27.2,1004,2.1,70,0.0,40,2,1
2019-08-25 22,26.2,98.3,32.16,25.83,26.8,1004,1.0,70,0.0,40,2,1
2019-08-25 23,26.12,98.15,32.11,25.65,26.8,1004,1.0,70,0.0,40,2,1
2019-08-26 00,26.23,96.55,32.11,25.76,26.8,1004,1.0,70,0.0,40,2,1
2019-08-26 01,25.95,98.58,31.73,25.81,26.4,1004,1.5,70,0.0,40,2,1
2019-08-26 02,25.8,98.75,31.75,25.83,26.4,1004,1.5,70,0.0,40,2,1
2019-08-26 03,25.82,99.25,31.65,25.57,26.4,1004,1.5,70,0.0,40,2,1
2019-08-26 04,26.3,98.58,32.75,25.97,27.0,1004,1.0,50,0.0,40,2,1
2019-08-26 05,26.55,97.72,33.01,26.4,27.11,1004,1.0,50,0.0,40,2,1
2019-08-26 06,26.52,97.78,31.98,26.4,28.0,1004,2.1,30,0.0,40,2,1
2019-08-26 07,27.08,95.28,33.03,27.0,28.8,1004,2.1,30,0.0,40,2,1
2019-08-26 08,28.65,86.85,34.74,28.0,30.0,1005,2.1,110,0.0,40,2,1
2019-08-26 09,30.15,78.47,35.44,28.0,30.0,1005,1.5,90,0.0,40,2,1
2019-08-26 10,32.0,71.75,36.44,31.0,33.0,1001,2.6,100,0.0,75,0,1
2019-08-26 11,33.27,66.47,37.41,31.67,34.0,1001,2.6,110,0.0,75,0,1
2019-08-26 12,33.75,64.17,37.61,31.8,35.0,1001,2.6,80,0.0,75,0,1
2019-08-26 13,34.1,61.38,37.76,32.22,35.24,1000,3.6,90,0.0,75,0,1
2019-08-26 14,34.7,59.4,37.93,32.6,35.04,999,3.1,90,0.0,75,0,1
2019-08-26 15,33.65,62.85,38.52,32.6,35.0,999,2.1,50,0.0,75,0,1
2019-08-26 16,33.5,62.35,36.53,32.37,33.18,996,3.6,90,0.0,75,0,1
2019-08-26 17,34.78,57.4,38.22,31.91,34.0,998,2.1,70,0.0,75,0,1
2019-08-26 18,33.65,59.23,37.22,32.0,34.0,998,3.1,80,0.0,75,0,1
2019-08-26 19,32.2,66.5,36.32,31.0,34.0,998,3.1,80,0.0,75,0,1
2019-08-26 20,31.38,71.0,35.98,30.0,31.4,1003,1.5,70,0.0,40,0,1
2019-08-26 21,30.05,79.92,36.43,29.75,31.4,1003,1.5,70,0.0,40,0,2
2019-08-26 22,29.12,85.9,37.1,29.06,31.0,1004,1.0,50,0.0,20,2,2
2019-08-26 23,29.65,83.58,36.6,28.92,31.0,1003,1.0,50,0.0,20,2,2
2019-08-27 00,29.07,86.75,36.24,29.04,30.0,1003,1.0,50,0.0,20,2,2
2019-08-27 01,28.07,91.15,35.08,28.32,30.0,1003,1.5,90,0.0,40,2,2
2019-08-27 02,27.45,94.38,34.68,27.93,29.0,1003,1.0,80,0.0,40,2,2
2019-08-27 03,27.2,96.6,33.76,27.52,29.0,1003,1.31,72,0.0,20,2,2
2019-08-27 04,27.45,95.47,33.84,27.48,28.0,1002,1.34,87,0.0,20,2,2
2019-08-27 05,27.05,97.45,34.46,28.0,29.03,1002,1.21,84,0.0,20,2,3
2019-08-27 06,26.88,98.65,33.78,28.0,29.19,1003,1.0,340,0.0,40,2,3
2019-08-27 07,28.18,95.5,36.1,29.0,31.4,1003,1.0,340,0.0,40,2,3
2019-08-27 08,31.77,77.15,37.33,30.0,32.22,1001,2.1,90,0.0,40,2,4
2019-08-27 09,33.3,69.3,37.73,31.0,32.22,1001,1.5,80,0.0,40,2,4
2019-08-27 10,34.1,63.17,37.58,32.0,33.23,1000,2.6,90,0.0,75,0,2
2019-08-27 11,35.07,57.08,39.04,34.0,34.66,1004,2.1,70,0.0,75,0,1
2019-08-27 12,36.02,53.83,37.94,33.33,36.0,1000,2.6,90,0.0,75,0,1
2019-08-27 13,35.2,57.52,39.56,35.0,36.0,1003,2.1,90,0.0,40,0,1
2019-08-27 14,35.08,57.35,40.25,33.33,36.0,998,1.5,70,0.0,75,0,1
2019-08-27 15,36.1,54.95,39.49,34.79,36.0,1001,3.6,60,0.0,75,0,1
2019-08-27 16,35.92,54.05,41.26,34.0,36.0,997,1.0,80,0.0,75,0,1
2019-08-27 17,35.83,54.8,38.88,33.89,36.0,997,3.1,70,0.0,75,0,1
2019-08-27 18,35.0,55.5,40.75,33.89,35.0,997,1.5,70,0.0,75,0,1
2019-08-27 19,33.58,60.8,39.81,33.0,35.0,998,1.5,70,0.0,75,0,1
2019-08-27 20,32.2,68.2,37.87,31.29,32.8,1002,1.5,70,0.0,40,0,2
2019-08-27 21,30.42,79.47,36.91,30.95,32.8,1002,1.5,70,0.0,40,0,2
2019-08-27 22,29.85,82.88,37.2,30.04,31.0,1003,1.55,126,0.0,40,2,3
2019-08-27 23,29.6,84.88,36.46,29.99,30.8,1003,1.43,107,0.0,40,2,3
2019-08-28 00,29.4,85.53,36.4,30.0,30.8,1003,1.52,96,0.0,40,2,3
2019-08-28 01,28.75,88.92,35.22,29.0,30.2,1003,1.67,104,0.0,40,2,3
2019-08-28 02,28.65,88.68,35.07,29.0,30.2,1003,1.83,113,0.0,40,2,3
2019-08-28 03,28.45,88.62,33.72,28.0,30.2,1002,2.0,117,0.0,40,2,3
2019-08-28 04,28.12,90.92,34.0,28.0,28.8,1003,1.91,117,0.0,40,2,4
2019-08-28 05,28.7,88.4,34.64,28.0,30.07,1003,1.92,112,0.0,40,2,4
2019-08-28 06,28.25,92.1,34.31,28.0,30.05,1004,1.5,80,0.0,40,2,3
2019-08-28 07,29.3,88.27,37.34,30.0,32.78,1001,1.5,80,0.0,40,2,3
2019-08-28 08,32.25,75.33,37.64,30.0,32.78,1002,1.5,70,0.0,93,2,3
2019-08-28 09,33.95,68.22,38.7,31.0,33.0,1002,2.6,70,0.0,40,2,2
2019-08-28 10,34.9,63.15,38.47,33.0,35.0,1001,2.6,120,0.0,40,0,1
2019-08-28 11,35.55,58.55,40.55,34.0,35.0,1005,1.5,70,0.0,40,0,1
2019-08-28 12,36.28,55.67,40.45,33.89,36.0,1001,1.0,80,0.0,40,0,1
2019-08-28 13,36.05,57.3,41.31,35.0,36.6,1004,1.5,70,0.0,40,0,1
2019-08-28 14,37.12,52.45,41.38,36.0,38.0,1002,3.1,70,0.0,40,0,1
2019-08-28 15,36.45,55.0,40.23,34.44,38.0,998,3.1,90,0.0,40,0,1
2019-08-28 16,36.12,55.48,40.76,34.44,37.0,998,2.1,100,0.0,40,0,1
2019-08-28 17,35.55,58.38,39.72,34.44,36.0,998,3.1,70,0.0,40,0,1
2019-08-28 18,34.8,60.52,39.89,34.0,36.0,998,3.1,90,0.0,20,0,1
2019-08-28 19,33.73,65.65,39.5,33.83,36.0,999,3.1,90,0.0,20,0,2
2019-08-28 20,33.15,68.33,38.14,31.6,33.2,1003,1.5,90,0.0,40,0,2
2019-08-28 21,32.73,70.4,38.29,32.0,33.2,1004,1.5,90,0.0,40,0,2
2019-08-28 22,32.25,72.25,37.37,30.99,32.0,1005,1.5,110,0.0,40,0,2
2019-08-28 23,31.65,74.68,36.81,30.67,32.0,1005,1.5,110,0.0,40,0,2
2019-08-29 00,30.97,78.22,36.41,30.52,32.0,1005,1.5,110,0.0,40,0,1
2019-08-29 01,30.98,78.78,35.11,29.66,31.2,1005,2.6,140,0.0,40,0,2
2019-08-29 02,30.97,78.7,34.81,29.63,31.2,1004,2.6,140,0.0,40,0,2
2019-08-29 03,31.25,77.65,34.78,28.81,31.2,1004,2.6,140,0.0,40,0,2
2019-08-29 04,30.48,81.43,34.02,28.75,29.0,1005,2.6,100,0.0,40,2,2
2019-08-29 05,30.12,81.95,35.72,29.0,30.13,1004,1.0,140,0.0,40,2,2
2019-08-29 06,29.25,86.35,35.54,29.0,30.15,1005,2.1,60,0.0,40,2,2
2019-08-29 07,29.95,84.35,37.53,30.0,32.0,1006,2.1,60,0.0,40,2,2
2019-08-29 08,32.38,74.18,38.34,31.0,32.0,1006,1.5,110,0.0,1,2,2
2019-08-29 09,33.53,68.27,38.08,31.65,33.33,1003,3.1,80,0.0,1,2,2
2019-08-29 10,34.38,64.38,37.91,32.65,35.0,1003,3.1,160,0.0,40,0,1
2019-08-29 11,34.85,62.02,37.89,33.87,36.0,1003,4.1,110,0.0,40,0,1
2019-08-29 12,36.05,55.58,38.77,33.49,36.0,1002,3.6,90,0.0,40,0,1
2019-08-29 13,36.1,54.7,40.42,32.88,37.0,1001,2.1,90,0.0,40,0,1
2019-08-29 14,36.62,52.85,39.04,32.74,37.0,1000,3.1,90,0.0,75,0,1
2019-08-29 15,36.77,51.55,39.33,31.81,38.0,1000,2.6,70,0.0,75,0,1
2019-08-29 16,36.3,52.38,39.22,32.0,36.0,999,2.6,110,0.0,75,0,1
2019-08-29 17,35.27,57.2,39.12,31.92,35.8,999,2.1,110,0.0,75,0,1
2019-08-29 18,33.9,62.38,38.16,31.43,35.8,999,2.1,80,0.0,40,0,1
2019-08-29 19,32.48,70.47,36.67,30.0,35.0,999,2.1,80,0.0,40,0,1
2019-08-29 20,31.57,73.2,35.55,29.97,30.6,1004,1.5,140,0.0,40,0,2
2019-08-29 21,31.0,76.32,34.5,29.0,30.6,1004,1.5,140,0.0,40,0,1
2019-08-29 22,30.77,75.42,33.58,28.63,30.0,1004,2.1,140,0.0,40,0,1
2019-08-29 23,30.23,79.95,33.59,28.59,30.0,1005,2.1,140,0.0,40,0,1
2019-08-30 00,29.73,83.75,33.47,28.36,30.0,1004,2.1,140,0.0,40,0,1
2019-08-30 01,29.38,85.53,34.21,28.09,29.8,1004,1.69,152,0.0,40,2,1
2019-08-30 02,29.57,84.4,34.64,27.97,29.8,1003,1.08,140,0.0,40,2,1
2019-08-30 03,29.38,84.88,34.61,27.86,29.8,1003,1.01,101,0.0,40,2,2
2019-08-30 04,29.3,85.85,34.52,28.01,29.0,1003,1.0,90,0.0,40,2,2
2019-08-30 05,28.65,87.15,34.09,28.0,29.04,1003,1.0,90,0.0,40,2,2
2019-08-30 06,28.88,84.18,34.02,28.0,28.96,1003,1.0,90,0.0,40,2,2
2019-08-30 07,29.25,86.85,34.97,29.0,30.2,1005,2.1,70,0.0,75,2,2
2019-08-30 08,30.15,83.1,35.05,29.0,31.0,1004,1.5,70,0.0,75,2,2
2019-08-30 09,31.85,75.35,37.36,30.15,32.0,1004,1.0,180,0.0,75,2,2
2019-08-30 10,33.67,68.55,39.86,32.1,33.89,1001,1.0,130,0.0,75,0,2
2019-08-30 11,34.25,66.35,40.23,33.78,34.06,1004,2.1,140,0.0,75,0,2
2019-08-30 12,35.55,60.0,40.58,33.89,35.0,1000,1.5,120,0.0,75,0,2
2019-08-30 13,36.38,55.22,40.68,33.89,36.0,999,1.5,150,0.0,75,0,2
2019-08-30 14,35.98,55.92,41.5,35.0,36.0,1001,1.0,90,0.0,75,0,2
2019-08-30 15,35.43,59.17,40.35,34.44,36.0,996,2.1,80,0.0,75,0,2
2019-08-30 16,36.0,56.9,39.85,34.0,35.0,995,2.1,160,0.0,75,0,2
2019-08-30 17,35.77,58.75,39.67,34.0,35.0,995,2.1,180,0.0,75,0,2
2019-08-30 18,34.5,63.42,39.41,34.0,34.44,995,2.6,210,0.0,40,0,2
2019-08-30 19,33.17,66.0,38.64,32.91,34.44,996,2.6,210,0.0,40,0,2
2019-08-30 20,32.85,66.07,37.1,31.42,32.66,1000,2.1,160,0.0,20,0,1
2019-08-30 21,32.33,69.03,36.93,31.19,32.6,1000,2.1,160,0.0,20,0,2
2019-08-30 22,31.98,69.65,38.15,30.47,32.0,1001,1.5,200,0.0,20,2,1
2019-08-30 23,31.08,74.2,38.07,30.17,32.0,1001,1.5,200,0.0,20,2,1
2019-08-31 00,31.12,74.57,37.15,29.85,31.4,1001,1.5,200,0.0,20,2,1
2019-08-31 01,31.15,76.12,36.22,29.62,31.0,1001,1.5,160,0.0,40,0,1
2019-08-31 02,31.23,75.85,36.2,29.68,31.0,1001,1.5,180,0.0,40,0,1
2019-08-31 03,30.48,79.0,36.08,28.8,31.0,1001,1.06,106,0.0,40,0,1
2019-08-31 04,30.38,79.4,35.9,28.74,30.0,1000,1.0,180,0.0,40,2,2
2019-08-31 05,30.17,81.02,36.21,29.52,30.0,1000,1.0,180,0.0,40,2,1
2019-08-31 06,29.25,86.9,36.23,29.46,30.0,1000,1.0,180,0.0,75,2,2
2019-08-31 07,30.12,83.9,36.7,30.0,31.0,1001,1.0,180,0.0,75,2,2
2019-08-31 08,32.25,75.58,37.0,30.77,32.0,1001,2.1,230,0.0,40,2,1
2019-08-31 09,33.58,68.5,37.96,30.8,33.0,1001,1.5,210,0.0,20,0,2
2019-08-31 10,35.48,60.0,40.6,33.28,35.0,998,1.0,150,0.0,40,0,2
2019-08-31 11,34.92,62.75,40.48,34.83,35.48,1002,2.1,180,0.0,75,0,2
2019-08-31 12,35.32,61.38,39.8,33.89,36.0,997,2.6,140,0.0,75,0,2
2019-08-31 13,29.82,82.5,40.23,34.43,36.0,996,2.1,160,0.0,75,0,2
2019-08-31 14,29.15,90.35,36.33,30.0,36.0,996,2.6,250,0.5,75,4,2
2019-08-31 15,32.72,74.65,37.94,31.0,35.0,995,2.6,270,0.0,75,0,2
2019-08-31 16,34.88,66.07,39.61,32.0,35.0,994,1.0,240,0.0,75,0,2
2019-08-31 17,34.85,66.48,39.64,32.0,35.0,994,1.0,250,0.0,75,0,2
2019-08-31 18,32.88,75.75,39.55,32.0,35.0,994,1.0,250,0.0,75,0,2
2019-08-31 19,31.4,82.78,39.28,32.0,35.0,994,1.0,250,0.0,75,0,3
2019-08-31 20,30.62,86.92,39.29,31.57,32.2,999,1.0,250,0.0,40,2,3
2019-08-31 21,30.4,86.9,39.12,31.13,32.2,1000,1.0,250,0.0,40,2,4
2019-08-31 22,30.38,87.53,39.65,30.5,32.0,1001,1.0,110,0.0,40,2,4
2019-08-31 23,30.2,90.78,38.58,29.56,31.2,1001,1.0,110,0.0,40,2,5
2019-09-01 00,30.8,85.83,37.5,29.09,31.2,1001,1.0,110,0.0,40,2,4
2019-09-01 01,31.15,82.47,37.55,28.68,31.0,1000,1.5,180,0.0,40,2,3
2019-09-01 02,31.05,81.1,36.63,28.38,30.6,1000,1.5,180,0.0,40,2,2
2019-09-01 03,30.48,84.1,35.98,27.04,30.6,1000,1.5,180,0.0,40,2,1
2019-09-01 04,30.3,85.18,35.12,27.33,30.0,1001,2.1,70,0.0,40,2,2
2019-09-01 05,29.67,89.58,35.02,27.07,30.0,1001,2.1,70,0.0,40,2,2
2019-09-01 06,29.07,88.43,31.12,27.16,29.8,1002,5.1,40,0.44,90,8,1
2019-09-01 07,26.43,94.43,30.65,27.67,29.0,1003,5.1,40,0.0,90,8,1
2019-09-01 08,24.1,99.2,31.51,23.4,28.2,1004,1.5,50,0.0,90,8,1
2019-09-01 09,24.18,99.25,31.59,27.0,28.25,1004,3.1,70,0.0,90,1,1
2019-09-01 10,25.07,99.2,33.69,28.0,29.46,1005,1.5,80,0.0,90,2,1
2019-09-01 11,27.9,90.8,35.5,29.0,30.88,1004,1.5,90,0.0,90,2,1
2019-09-01 12,29.45,81.17,34.54,29.0,31.17,1004,3.1,100,0.0,90,2,1
2019-09-01 13,29.47,81.18,35.39,29.0,31.54,1004,2.1,120,0.0,75,2,1
2019-09-01 14,31.02,76.85,35.7,29.92,31.0,1003,2.1,70,0.0,75,2,1
2019-09-01 15,31.93,71.55,36.88,29.7,31.0,1002,1.0,60,0.0,75,2,1
2019-09-01 16,32.4,68.45,34.92,29.36,33.33,997,4.1,90,0.0,75,2,1
2019-09-01 17,32.58,66.93,36.66,28.64,33.89,998,1.5,70,0.0,40,2,1
2019-09-01 18,31.3,72.53,36.27,28.75,33.0,998,2.1,60,0.0,40,0,1
2019-09-01 19,29.95,79.9,34.79,28.58,33.0,998,2.1,60,0.0,40,0,1
2019-09-01 20,29.62,82.5,35.15,27.93,30.2,998,1.0,340,0.0,40,2,1
2019-09-01 21,29.42,84.62,33.94,27.67,29.0,997,2.6,50,0.0,40,2,2
2019-09-01 22,29.15,86.35,33.65,27.32,29.2,1003,2.1,90,0.0,40,2,2
2019-09-01 23,28.88,89.03,33.69,27.36,29.2,1003,2.1,90,0.0,40,2,2
2019-09-02 00,28.65,91.72,33.72,27.53,29.2,1003,2.1,90,0.0,40,2,2
2019-09-02 01,28.45,92.62,34.16,27.28,29.6,1003,1.0,90,0.0,40,2,1
2019-09-02 02,27.93,90.62,33.39,27.19,29.6,1003,1.0,90,0.0,40,2,1
2019-09-02 03,27.9,89.17,33.26,26.98,29.6,1003,1.0,90,0.0,40,2,1
2019-09-02 04,27.58,91.65,32.79,27.0,28.0,1003,1.25,117,0.0,40,2,1
2019-09-02 05,27.3,94.6,33.28,27.0,28.16,1003,1.11,104,0.0,40,2,1
2019-09-02 06,26.9,97.28,33.35,27.0,29.0,1004,1.0,100,0.0,20,2,2
2019-09-02 07,27.82,95.03,34.71,27.78,30.0,1001,1.0,100,0.0,20,2,2
2019-09-02 08,30.0,84.6,34.78,29.0,30.0,1005,2.1,140,0.0,20,2,2
2019-09-02 09,31.97,75.78,36.84,29.66,31.67,1002,1.0,90,0.0,20,2,2
2019-09-02 10,33.05,71.62,37.61,31.65,33.0,1001,1.0,40,0.0,40,0,2
2019-09-02 11,34.22,64.35,37.97,32.22,35.0,1001,2.6,140,0.0,40,0,2
2019-09-02 12,34.25,67.03,39.71,33.0,35.0,1004,1.5,60,0.0,40,0,2
2019-09-02 13,34.92,64.28,40.12,33.8,35.07,1003,1.5,80,0.0,40,0,3
2019-09-02 14,36.05,57.8,39.97,35.0,36.0,1002,3.1,50,0.0,40,0,3
2019-09-02 15,36.1,56.2,40.83,33.8,36.0,1000,2.1,40,0.0,75,0,2
2019-09-02 16,35.97,54.05,39.67,33.6,36.0,1000,2.6,340,0.0,75,0,2
2019-09-02 17,35.28,56.9,40.2,33.6,35.0,999,1.0,70,0.0,75,0,2
2019-09-02 18,33.6,64.75,38.08,32.0,34.6,1000,2.6,210,0.0,75,0,1
2019-09-02 19,31.6,75.95,37.09,31.0,34.0,997,2.6,210,0.0,75,0,1
2019-09-02 20,31.62,76.92,36.14,29.44,31.8,996,1.5,270,0.0,40,2,2
2019-09-02 21,31.73,77.25,36.35,30.0,31.8,1001,1.5,270,0.0,40,2,3
2019-09-02 22,31.5,79.0,36.75,30.0,31.0,1002,1.24,216,0.0,40,2,4
2019-09-02 23,30.98,81.12,36.67,29.9,31.0,1001,1.25,226,0.0,40,2,5
2019-09-03 00,30.62,83.65,36.81,29.81,31.0,1002,0.93,265,0.0,40,2,5
2019-09-03 01,30.4,83.97,37.17,29.34,30.4,1001,0.37,297,0.0,40,2,4
2019-09-03 02,29.33,89.68,37.32,29.07,30.4,1001,0.04,247,0.0,40,2,4
2019-09-03 03,28.68,92.62,35.87,28.7,30.4,1001,0.62,122,0.0,40,2,4
2019-09-03 04,28.88,90.92,36.31,28.7,29.6,1001,0.32,240,0.0,40,2,5
2019-09-03 05,28.35,93.35,36.39,29.0,29.71,1002,0.65,259,0.0,40,2,5
2019-09-03 06,29.17,90.3,36.07,29.0,30.0,1002,1.0,350,0.0,40,2,4
2019-09-03 07,29.8,88.25,36.79,29.0,31.2,1003,1.0,350,0.0,40,2,4
2019-09-03 08,31.25,82.15,37.31,30.0,31.2,1003,1.0,20,0.0,40,2,3
2019-09-03 09,32.23,78.27,38.56,30.6,32.0,1003,1.0,10,0.0,75,2,2
2019-09-03 10,33.85,72.6,38.5,32.0,33.0,1003,1.5,30,0.0,75,0,2
2019-09-03 11,35.4,64.83,38.68,32.0,35.0,1003,2.1,250,0.0,75,0,2
2019-09-03 12,35.3,62.53,38.62,32.22,35.0,999,2.6,260,0.0,75,0,2
2019-09-03 13,33.5,66.88,40.53,35.0,35.6,1001,3.1,90,0.0,75,0,2
2019-09-03 14,35.52,59.25,39.42,34.93,36.0,1000,2.1,90,0.0,75,0,2
2019-09-03 15,36.35,56.05,39.07,33.58,35.0,999,2.1,290,0.0,75,0,2
2019-09-03 16,35.8,55.45,38.8,33.33,35.0,995,2.1,290,0.0,75,0,2
2019-09-03 17,34.42,60.28,39.59,33.33,34.6,995,1.0,290,0.0,75,0,2
2019-09-03 18,33.35,65.17,38.98,32.78,34.6,996,1.0,340,0.0,40,0,2
2019-09-03 19,31.82,74.38,38.4,31.91,33.33,996,1.0,340,0.0,40,0,2
2019-09-03 20,30.38,82.4,37.81,30.65,32.78,996,2.1,340,0.0,40,0,3
2019-09-03 21,30.58,81.5,37.76,30.43,32.78,996,2.1,340,0.0,40,0,4
2019-09-03 22,31.3,79.55,36.3,29.59,31.0,1002,1.5,210,0.0,75,0,3
2019-09-03 23,30.1,85.15,35.79,29.07,31.0,1002,1.73,232,0.0,75,0,3
2019-09-04 00,29.8,86.08,34.67,28.77,30.0,1002,2.6,250,0.0,75,0,3
2019-09-04 01,29.95,86.55,34.74,28.34,30.0,1002,2.1,240,0.0,75,2,3
2019-09-04 02,29.7,87.35,34.66,28.45,29.0,1001,1.5,240,0.0,75,2,3
2019-09-04 03,30.17,83.65,34.83,28.24,29.0,1001,1.12,68,0.0,75,2,3
2019-09-04 04,29.4,87.42,35.46,28.16,29.6,1001,0.79,96,0.0,40,2,3
2019-09-04 05,29.15,89.33,35.46,28.4,29.6,1001,1.01,97,0.0,40,2,4
2019-09-04 06,29.55,88.15,35.43,28.39,30.0,996,1.9,116,0.0,40,2,4
2019-09-04 07,29.35,87.3,35.06,27.2,30.2,998,2.1,50,0.0,40,2,3
2019-09-04 08,29.5,87.62,35.95,27.2,31.67,998,2.1,50,0.0,40,2,3
2019-09-04 09,30.0,89.52,36.55,27.2,31.67,999,2.1,50,0.0,40,2,3
2019-09-04 10,30.57,86.6,35.9,29.4,32.22,997,3.6,90,0.0,75,2,4
2019-09-04 11,31.27,80.65,38.48,31.58,33.0,997,2.1,90,0.0,75,0,4
2019-09-04 12,32.73,74.15,39.25,31.89,33.0,997,2.1,90,0.0,75,0,3
2019-09-04 13,33.12,70.78,39.6,32.09,35.0,997,1.5,70,0.0,40,0,2
2019-09-04 14,34.08,67.8,39.67,32.2,35.0,996,1.5,70,0.0,40,0,2
2019-09-04 15,34.17,68.45,40.32,31.23,36.0,996,1.0,50,0.0,75,0,2
2019-09-04 16,34.2,68.47,39.39,31.0,35.0,995,1.5,50,0.0,75,0,2
2019-09-04 17,33.25,72.97,38.82,30.94,34.0,995,1.5,70,0.0,75,0,2
2019-09-04 18,32.3,77.47,38.72,30.94,33.0,995,1.0,70,0.0,75,0,2
2019-09-04 19,31.7,78.4,38.76,30.47,33.33,995,1.0,70,0.0,75,0,2
2019-09-04 20,31.48,79.85,37.97,29.81,31.6,1000,1.0,90,0.0,40,2,2
2019-09-04 21,31.32,82.73,38.35,29.47,32.78,997,1.0,90,0.0,40,2,3
2019-09-04 22,30.95,85.1,36.36,28.8,30.4,1001,1.5,140,0.0,40,2,2
2019-09-04 23,30.5,83.98,36.39,28.83,30.4,1001,1.5,140,0.0,40,2,2
2019-09-05 00,30.1,83.38,35.56,28.89,30.4,1001,1.5,140,0.0,40,2,1
2019-09-05 01,29.77,84.12,35.25,28.58,29.6,1001,2.6,160,0.0,40,2,1
2019-09-05 02,29.73,83.15,35.24,28.46,29.6,1001,2.6,160,0.0,40,2,1
2019-09-05 03,29.5,87.9,34.13,27.84,29.6,1001,2.6,160,0.0,40,2,1
2019-09-05 04,29.0,90.38,35.54,27.98,29.0,1002,1.0,90,0.0,40,2,2
2019-09-05 05,28.9,90.7,34.94,28.0,28.8,1002,1.0,90,0.0,40,2,2
2019-09-05 06,28.75,92.35,34.91,28.0,28.8,1002,1.0,90,0.0,40,2,2
2019-09-05 07,29.1,91.38,33.82,26.8,30.6,999,2.1,110,0.0,40,2,2
2019-09-05 08,30.38,85.35,36.47,29.72,31.11,999,2.1,110,0.0,40,2,2
2019-09-05 09,31.52,80.2,37.38,30.13,31.67,999,2.1,110,0.0,40,2,2
2019-09-05 10,32.05,77.65,38.4,30.91,33.7,998,1.5,20,0.0,40,0,2
2019-09-05 11,33.58,68.97,39.61,33.0,33.7,1002,1.5,20,0.0,40,0,2
2019-09-05 12,34.25,65.72,39.95,32.22,34.0,997,1.5,20,0.0,40,0,2
2019-09-05 13,35.07,63.53,40.49,34.0,35.6,1000,2.1,110,0.0,40,0,2
2019-09-05 14,34.5,65.17,39.74,32.78,35.6,995,2.1,110,0.0,40,0,1
2019-09-05 15,33.08,72.28,36.12,32.36,33.0,993,5.1,100,0.0,75,0,1
2019-09-05 16,33.7,68.55,38.64,31.8,32.83,994,1.0,140,0.0,40,0,1
2019-09-05 17,32.72,66.95,38.56,31.8,33.03,994,1.0,140,0.0,40,0,1
2019-09-05 18,32.2,68.6,38.6,31.8,32.78,994,1.0,140,0.0,40,0,1
2019-09-05 19,31.52,71.35,36.69,31.61,32.0,1000,2.1,120,0.0,75,0,1
2019-09-05 20,31.12,72.53,35.95,29.99,31.0,1000,2.1,130,0.0,75,0,1
2019-09-05 21,30.62,74.95,35.61,29.99,31.0,1001,2.6,120,0.0,75,0,1
2019-09-05 22,30.52,77.35,34.27,29.48,30.0,1001,2.6,100,0.0,75,0,1
2019-09-05 23,30.05,82.17,34.27,29.49,30.0,1001,2.6,110,0.0,75,0,1
2019-09-06 00,30.05,83.83,34.93,29.42,30.0,1002,2.6,110,0.0,75,2,2
2019-09-06 01,29.77,86.5,34.26,29.0,29.31,1001,2.6,90,0.0,75,2,2
2019-09-06 02,29.6,87.62,34.62,28.41,29.0,1001,1.5,80,0.0,75,2,2
2019-09-06 03,29.38,88.75,34.41,27.73,29.0,1001,1.34,105,0.0,75,2,2
2019-09-06 04,29.15,89.95,35.3,27.67,29.0,1000,1.0,90,0.0,40,2,2
2019-09-06 05,28.85,91.3,35.65,28.53,29.0,1000,1.0,90,0.0,40,2,2
2019-09-06 06,28.8,91.08,35.65,28.55,29.0,1001,1.0,90,0.0,40,2,2
2019-09-06 07,29.15,90.45,35.35,29.0,31.0,1002,2.6,90,0.0,20,2,2
2019-09-06 08,31.05,81.47,36.07,30.0,31.0,1002,2.6,90,0.0,20,2,2
2019-09-06 09,32.55,74.28,38.01,30.39,33.0,998,2.6,90,0.0,20,2,2
2019-09-06 10,33.73,69.9,37.82,32.22,33.4,996,2.6,110,0.0,40,0,2
2019-09-06 11,33.9,68.15,40.62,33.4,34.4,1000,1.0,110,0.0,40,0,1
2019-09-06 12,34.9,63.02,40.18,32.78,34.4,996,1.0,110,0.0,40,0,1
2019-09-06 13,34.2,65.33,37.51,32.78,33.64,994,3.6,100,0.0,75,0,1
2019-09-06 14,35.55,59.48,37.83,33.33,34.46,992,2.6,110,0.0,75,0,1
2019-09-06 15,35.75,57.17,38.05,32.71,35.0,992,2.6,290,0.0,75,0,1
2019-09-06 16,35.62,58.57,36.48,30.0,34.0,994,2.6,160,0.0,40,0,1
2019-09-06 17,33.35,71.45,36.1,29.0,34.0,994,2.6,160,0.0,40,0,1
2019-09-06 18,32.02,78.2,35.78,29.0,34.0,994,2.6,160,0.0,40,0,1
2019-09-06 19,31.65,76.85,35.72,29.0,33.33,995,2.1,160,0.0,40,0,1
2019-09-06 20,31.55,76.2,34.97,29.0,30.8,1000,2.1,160,0.0,40,0,1
2019-09-06 21,31.3,76.9,34.43,29.0,30.8,1000,2.1,160,0.0,40,0,6
2019-09-06 22,,,34.94,28.61,30.4,1001,1.5,180,0.0,40,2,6
2019-09-06 23,,,34.84,28.42,30.4,1001,1.5,180,0.0,40,2,6
2019-09-07 00,,,34.76,28.56,30.4,1001,1.5,180,0.0,40,2,6
2019-09-07 01,,,34.67,28.28,29.8,1000,1.5,140,0.0,40,2,6
2019-09-07 02,,,33.9,28.0,29.8,1000,1.5,140,0.0,40,2,6
2019-09-07 03,,,33.34,26.91,29.8,1000,1.5,140,0.0,40,2,6
2019-09-07 04,,,33.44,26.91,28.6,1000,1.0,110,0.0,40,2,6
2019-09-07 05,,,33.03,27.0,28.6,999,1.0,110,0.0,40,2,6
2019-09-07 06,,,32.98,27.0,28.6,1000,1.0,110,0.0,40,2,6
2019-09-07 07,,,33.7,28.0,30.2,1001,2.1,70,0.0,40,2,6
2019-09-07 08,,,34.88,28.03,30.2,1001,2.1,70,0.0,40,2,6
2019-09-07 09,,,36.23,28.19,32.22,997,2.1,70,0.0,40,2,6
2019-09-07 10,32.42,74.55,36.07,29.53,32.22,996,3.6,150,0.0,75,0,1
2019-09-07 11,33.95,68.5,37.93,31.75,34.2,997,3.1,160,0.0,40,0,1
2019-09-07 12,34.72,64.6,37.95,31.93,34.2,996,3.1,160,0.0,40,0,1
2019-09-07 13,35.4,61.62,39.24,32.78,34.8,995,1.5,340,0.0,40,0,1
2019-09-07 14,34.22,64.9,39.79,33.81,34.8,1000,1.5,340,0.0,40,0,1
2019-09-07 15,32.62,71.12,33.65,29.0,33.33,993,4.1,90,0.0,75,0,1
2019-09-07 16,30.6,83.0,39.71,29.0,33.33,995,1.0,340,0.0,40,2,1
2019-09-07 17,30.55,82.08,40.58,29.0,33.33,995,1.0,340,0.0,40,2,1
2019-09-07 18,31.05,76.75,39.98,29.0,33.33,995,1.0,340,0.0,40,2,1
2019-09-07 19,30.6,80.12,38.21,28.0,30.35,1001,1.0,90,0.0,40,2,1
2019-09-07 20,30.15,80.35,37.84,28.0,30.0,1001,1.0,90,0.0,40,2,1
2019-09-07 21,29.75,82.97,37.02,28.0,29.64,1002,1.0,90,0.0,40,2,1
2019-09-07 22,29.48,85.55,33.99,27.6,29.08,1002,2.6,90,0.0,40,2,2
2019-09-07 23,28.8,85.58,33.83,27.6,28.72,1003,2.6,90,0.0,40,2,2
2019-09-08 00,28.45,85.53,33.78,27.6,28.56,1003,2.6,90,0.0,40,2,1
2019-09-08 01,28.33,85.55,34.61,27.2,28.31,1003,1.0,70,0.0,40,2,1
2019-09-08 02,28.07,87.6,34.5,27.2,28.09,1003,1.0,70,0.0,40,2,1
2019-09-08 03,27.92,88.7,33.31,26.83,27.2,1002,1.0,70,0.0,40,2,1
2019-09-08 04,27.73,90.03,32.86,26.81,27.14,1003,1.5,50,0.0,40,2,1
2019-09-08 05,27.67,89.9,33.85,27.0,29.0,1002,1.5,50,0.0,40,2,1
2019-09-08 06,27.55,90.95,33.07,27.0,27.71,1003,1.5,50,0.0,40,2,1
2019-09-08 07,27.45,92.4,34.07,28.0,29.6,1004,2.1,50,0.0,40,2,2
2019-09-08 08,28.43,88.67,34.81,28.6,29.6,1004,2.1,50,0.0,40,2,2
2019-09-08 09,31.02,78.08,36.87,28.6,31.67,1000,2.1,50,0.0,40,2,1
2019-09-08 10,32.98,71.3,38.35,31.82,33.2,999,1.0,70,0.0,40,0,1
2019-09-08 11,33.57,67.88,40.07,32.78,34.0,1000,1.0,70,0.0,40,0,1
2019-09-08 12,34.17,66.0,39.97,33.86,34.12,1004,1.5,80,0.0,75,0,1
2019-09-08 13,35.52,58.47,37.42,32.78,34.2,998,3.6,330,0.0,75,0,2
2019-09-08 14,35.75,56.35,39.26,32.78,35.2,997,2.6,70,0.0,40,0,1
2019-09-08 15,35.95,56.73,39.15,32.71,35.2,996,2.6,70,0.0,40,0,1
2019-09-08 16,35.52,58.6,42.22,32.93,35.4,1005,1.0,20,0.0,40,0,1
2019-09-08 17,35.0,59.83,37.97,33.12,34.0,994,2.6,20,0.0,75,0,1
2019-09-08 18,33.8,64.25,37.98,32.8,34.0,994,2.6,30,0.0,75,0,1
2019-09-08 19,32.93,67.33,40.54,31.05,33.33,996,1.16,127,0.0,40,2,1
2019-09-08 20,31.88,73.38,39.06,31.09,32.0,1001,1.48,138,0.0,40,2,1
2019-09-08 21,32.03,75.95,37.99,30.67,31.6,1002,1.59,137,0.0,40,2,2
2019-09-08 22,31.75,76.5,37.06,29.62,31.0,1002,1.33,127,0.0,40,2,3
2019-09-08 23,31.45,78.18,37.1,29.54,31.0,1002,1.25,115,0.0,40,2,3
2019-09-09 00,31.17,79.9,37.1,29.5,31.0,1002,1.19,106,0.0,40,2,2
2019-09-09 01,30.73,82.62,35.75,28.81,30.6,1002,1.37,105,0.0,40,2,2
2019-09-09 02,30.15,86.0,36.01,28.76,30.6,1001,1.11,125,0.0,40,2,2
2019-09-09 03,29.8,87.42,35.88,28.21,30.6,1001,0.9,41,0.0,40,2,2
2019-09-09 04,29.57,88.62,35.9,27.97,30.0,1001,0.96,11,0.0,40,2,3
2019-09-09 05,29.02,91.15,36.1,28.51,30.0,1001,0.88,358,0.0,40,2,3
2019-09-09 06,29.07,90.15,35.76,28.68,29.6,1002,0.3,200,0.0,40,2,3
2019-09-09 07,29.45,88.98,36.92,29.89,30.6,1002,1.5,270,0.0,40,2,3
2019-09-09 08,31.33,80.8,37.29,30.0,30.93,1002,1.5,270,0.0,40,2,3
2019-09-09 09,33.12,73.85,39.34,30.53,32.78,998,1.5,270,0.0,40,2,3
2019-09-09 10,34.33,67.05,37.47,32.32,33.0,997,2.1,270,0.0,40,0,3
2019-09-09 11,35.38,59.33,37.21,33.28,34.0,996,3.1,300,0.0,40,0,2
2019-09-09 12,36.42,51.28,37.57,33.32,34.0,996,2.6,300,0.0,40,0,2
2019-09-09 13,36.6,49.58,38.98,34.78,36.0,1000,3.1,340,0.0,40,0,2
2019-09-09 14,36.92,48.08,39.68,34.83,36.0,999,3.1,340,0.0,40,0,2
2019-09-09 15,36.65,48.43,38.92,33.33,36.0,994,3.1,340,0.0,40,0,2
2019-09-09 16,35.93,50.52,39.91,33.0,36.0,994,2.1,360,0.0,40,0,2
2019-09-09 17,35.65,50.8,39.61,33.89,35.2,993,2.1,360,0.0,40,0,2
2019-09-09 18,34.47,55.27,39.08,33.89,35.2,994,2.1,360,0.0,40,0,2
2019-09-09 19,32.88,62.35,37.54,33.0,34.28,994,2.6,320,0.0,40,0,2
2019-09-09 20,32.38,64.78,39.37,31.45,33.0,1000,1.0,340,0.0,20,2,2
2019-09-09 21,30.98,72.45,38.34,31.04,32.0,1000,1.0,340,0.0,20,2,2
2019-09-09 22,31.07,74.88,38.11,30.15,32.0,1001,1.04,116,0.0,20,2,3
2019-09-09 23,31.65,72.58,38.47,29.87,32.78,996,1.05,131,0.0,20,2,3
2019-09-10 00,30.85,73.4,37.21,29.82,31.0,1001,0.95,139,0.0,20,2,3
2019-09-10 01,29.73,79.8,36.69,29.29,30.0,1000,0.44,154,0.0,20,2,3
2019-09-10 02,29.65,80.35,36.65,28.81,30.0,1000,0.22,248,0.0,20,2,2
2019-09-10 03,28.45,86.25,35.82,27.83,30.0,1000,1.1,353,0.0,20,2,2
2019-09-10 04,28.57,86.8,36.17,27.82,30.0,1001,0.94,352,0.0,20,2,2
2019-09-10 05,28.0,89.45,34.99,27.97,29.0,1000,1.44,346,0.0,20,2,2
2019-09-10 06,28.03,89.33,35.34,28.26,29.0,1001,1.05,356,0.0,20,2,2
2019-09-10 07,29.38,83.05,37.58,30.0,31.0,1001,0.65,22,0.0,20,2,3
2019-09-10 08,31.38,76.6,38.86,30.0,32.78,998,0.54,56,0.0,20,2,3
2019-09-10 09,33.12,70.22,39.91,30.0,33.0,997,0.17,197,0.0,20,2,3
2019-09-10 10,34.33,62.7,38.16,33.0,33.6,996,2.1,240,0.0,40,0,3
2019-09-10 11,35.1,59.73,39.59,33.33,35.0,996,0.74,291,0.0,20,0,2
2019-09-10 12,35.75,56.23,40.19,33.33,35.09,996,0.68,314,0.0,20,0,2
2019-09-10 13,36.08,55.17,40.07,35.0,36.6,999,1.5,20,0.0,40,0,3
2019-09-10 14,37.05,50.75,40.95,35.61,36.6,998,1.5,20,0.0,40,0,3
2019-09-10 15,36.8,49.1,39.95,33.89,36.6,994,1.5,20,0.0,40,0,2
2019-09-10 16,36.95,48.08,41.68,34.92,36.0,998,1.0,340,0.0,40,0,2
2019-09-10 17,35.98,48.52,38.03,34.44,35.28,992,2.6,10,0.0,40,0,2
2019-09-10 18,35.1,50.35,40.69,34.44,36.0,993,1.0,340,0.0,40,0,2
2019-09-10 19,33.27,59.02,41.08,31.86,35.0,995,1.0,340,0.0,40,0,2
2019-09-10 20,31.0,70.95,39.27,31.37,33.0,1000,1.0,340,0.0,40,0,2
2019-09-10 21,30.68,73.1,39.26,31.31,33.0,1001,1.0,340,0.0,40,0,3
2019-09-10 22,31.07,73.65,38.02,30.36,32.0,1001,1.67,133,0.0,40,0,3
2019-09-10 23,31.25,74.85,37.18,30.19,31.2,1001,1.59,137,0.0,40,0,3
2019-09-11 00,30.7,77.88,37.3,30.14,31.2,1001,1.4,152,0.0,40,0,4
2019-09-11 01,30.32,77.28,36.53,29.45,30.4,1001,1.63,169,0.0,40,2,3
2019-09-11 02,29.65,81.62,35.72,29.0,30.4,1001,1.43,178,0.0,40,2,3
2019-09-11 03,29.27,85.72,35.57,28.2,30.4,1001,1.22,115,0.0,40,2,3
2019-09-11 04,28.62,90.28,35.22,28.15,29.0,1001,1.44,87,0.0,40,2,2
2019-09-11 05,28.45,91.85,34.67,28.88,29.14,1001,2.56,93,0.0,40,2,2
2019-09-11 06,28.42,92.35,34.24,28.89,29.14,997,3.15,102,0.0,40,2,2
2019-09-11 07,29.5,89.62,37.06,30.0,31.6,1002,1.5,140,0.0,40,2,3
2019-09-11 08,32.02,78.47,38.47,30.2,32.0,1003,1.5,140,0.0,40,2,3
2019-09-11 09,33.9,69.55,39.77,30.2,33.33,998,1.5,140,0.0,40,2,3
2019-09-11 10,35.45,59.77,38.39,33.18,35.0,998,2.6,150,0.0,40,0,2
2019-09-11 11,36.38,56.22,40.61,34.92,36.0,1002,1.5,250,0.0,40,0,2
2019-09-11 12,36.6,53.2,40.1,33.89,36.0,997,1.5,250,0.0,40,0,2
2019-09-11 13,37.92,46.35,41.15,36.22,37.4,1000,2.1,110,0.0,40,0,3
2019-09-11 14,37.83,47.1,41.33,36.66,37.4,1000,2.1,110,0.0,40,0,3
2019-09-11 15,37.55,49.33,40.6,34.44,38.0,994,2.1,110,0.0,40,0,3
2019-09-11 16,36.77,50.98,42.22,33.8,37.0,996,1.0,70,0.0,40,0,3
2019-09-11 17,35.95,52.88,42.22,35.0,36.8,996,1.0,70,0.0,40,0,3
2019-09-11 18,35.38,54.35,40.87,33.8,36.0,997,1.0,90,0.0,40,0,3
2019-09-11 19,33.5,61.67,40.73,33.37,35.0,996,1.57,106,0.0,40,0,3
2019-09-11 20,31.67,71.1,39.01,32.46,33.4,1001,1.75,117,0.0,40,0,3
2019-09-11 21,31.23,74.03,38.91,32.0,33.4,1002,1.61,96,0.0,40,0,3
2019-09-11 22,31.02,75.93,39.19,30.77,33.0,1003,2.27,73,0.0,40,2,3
2019-09-11 23,31.2,75.1,37.49,30.61,32.0,1003,3.36,81,0.0,40,2,4
2019-09-12 00,32.05,70.0,36.95,30.34,32.0,1003,4.11,97,0.0,40,2,4
2019-09-12 01,31.82,71.83,36.99,29.09,31.0,1002,2.1,140,0.0,40,2,3
2019-09-12 02,31.12,75.65,36.91,28.86,31.0,1002,2.1,140,0.0,40,2,3
2019-09-12 03,30.98,76.88,35.58,27.75,31.0,1002,2.1,140,0.0,40,2,2
2019-09-12 04,31.05,78.27,35.84,27.6,30.2,1003,1.5,160,0.0,40,2,2
2019-09-12 05,30.73,81.15,36.24,28.56,30.2,1003,1.5,160,0.0,40,2,2
2019-09-12 06,30.45,82.88,36.27,28.63,30.2,1003,1.5,160,0.0,40,2,2
2019-09-12 07,30.4,82.88,35.76,27.6,31.8,1004,1.5,160,0.0,40,2,2
2019-09-12 08,31.3,78.88,37.81,27.6,33.89,1001,1.5,160,0.0,40,2,2
2019-09-12 09,32.83,72.9,37.88,27.6,34.44,1001,2.1,140,0.0,75,0,2
2019-09-12 10,34.27,67.9,38.68,31.18,35.0,1001,3.1,210,0.0,40,1,2
2019-09-12 11,34.9,65.05,40.87,32.0,35.0,1000,1.5,140,0.0,75,1,2
2019-09-12 12,35.23,65.33,39.23,32.0,36.0,1000,3.6,80,0.0,75,1,1
2019-09-12 13,35.5,62.65,42.06,32.8,36.0,999,1.0,80,0.0,40,0,2
2019-09-12 14,35.55,59.5,39.16,32.8,35.0,997,3.6,110,0.0,40,0,2
2019-09-12 15,34.78,63.35,38.16,32.76,35.0,997,3.6,110,0.5,75,4,2
2019-09-12 16,33.8,62.52,39.47,31.8,35.0,998,3.1,70,0.0,75,0,2
2019-09-12 17,33.38,63.15,39.66,32.84,34.6,998,3.1,70,0.0,75,0,1
2019-09-12 18,32.62,64.8,38.27,31.8,35.0,998,3.1,70,0.0,75,0,1
2019-09-12 19,31.53,72.02,38.73,31.2,34.0,1003,2.1,90,0.0,40,0,1
2019-09-12 20,31.27,74.28,36.56,30.11,31.2,1004,2.1,90,0.0,40,0,1
2019-09-12 21,30.98,80.78,35.64,29.84,31.2,1004,2.1,90,0.0,40,0,2
2019-09-12 22,30.7,83.15,36.05,29.14,30.2,1005,2.1,110,0.0,40,2,2
2019-09-12 23,30.35,83.28,35.92,28.83,30.2,1005,2.1,110,0.0,40,2,2
2019-09-13 00,29.88,84.43,34.99,28.61,30.2,1004,2.1,110,0.0,40,2,2
2019-09-13 01,29.67,84.7,35.06,27.72,29.4,1004,1.0,70,0.0,40,2,1
2019-09-13 02,29.55,86.2,35.07,27.67,29.4,1004,1.0,70,0.0,40,2,1
2019-09-13 03,29.1,86.72,34.88,27.31,29.4,1004,1.0,70,0.0,40,2,1
2019-09-13 04,28.65,87.35,35.11,27.43,29.0,1004,1.0,70,0.0,40,2,1
2019-09-13 05,28.5,88.97,34.67,28.0,28.6,1004,1.0,70,0.0,40,2,2
2019-09-13 06,28.27,91.0,35.03,28.0,29.0,1004,1.0,50,0.0,40,2,2
2019-09-13 07,28.5,90.4,36.18,29.0,29.4,1005,1.0,50,0.0,40,2,2
2019-09-13 08,29.7,85.6,36.09,29.4,30.0,1006,2.1,70,0.0,40,2,2
2019-09-13 09,31.8,73.45,36.98,29.4,31.0,1006,1.5,120,0.0,40,2,6
2019-09-13 10,33.05,67.72,38.92,31.32,33.89,1002,1.5,100,0.0,40,0,6
2019-09-13 11,34.3,61.18,39.82,33.0,35.0,1002,1.5,110,0.0,40,0,6
2019-09-13 12,35.03,58.3,39.95,33.4,36.0,1001,2.1,90,0.0,40,0,1
2019-09-13 13,35.65,55.7,40.81,33.89,36.0,1000,2.1,70,0.0,75,0,1
2019-09-13 14,35.6,56.6,41.16,34.4,36.0,999,2.6,90,0.0,75,0,1
2019-09-13 15,36.0,54.3,41.17,33.9,36.0,999,1.5,60,0.0,75,0,1
2019-09-13 16,35.5,55.25,40.19,32.5,36.0,998,2.1,130,0.0,75,0,1
2019-09-13 17,34.75,58.02,38.99,32.6,35.0,998,2.1,140,0.0,20,0,1
2019-09-13 18,34.08,59.52,39.06,32.6,35.0,999,1.5,120,0.0,20,0,1
2019-09-13 19,32.85,64.4,38.49,31.96,35.0,999,1.5,120,0.0,20,0,1
2019-09-13 20,32.33,68.85,37.82,30.74,32.0,1004,1.5,140,0.0,20,0,1
2019-09-13 21,31.85,70.75,36.74,29.99,31.8,1004,1.5,140,0.0,20,0,1
2019-09-13 22,31.58,71.6,36.22,29.38,31.0,1005,1.5,110,0.0,40,2,2
2019-09-13 23,31.4,72.32,36.11,29.1,31.0,1005,1.5,110,0.0,40,2,1
2019-09-14 00,31.2,73.43,36.08,29.09,31.0,1005,1.5,110,0.0,40,2,1
2019-09-14 01,30.77,75.27,33.73,28.44,30.0,1005,2.6,110,0.0,20,0,1
2019-09-14 02,30.33,77.25,34.67,28.37,30.2,1004,2.1,120,0.0,40,2,1
2019-09-14 03,29.73,78.05,32.46,27.31,29.0,1004,2.1,100,0.0,20,0,1
2019-09-14 04,29.17,80.52,31.46,27.2,28.8,1004,3.6,70,0.0,20,2,1
2019-09-14 05,28.52,83.62,30.99,27.59,28.0,1005,3.6,110,0.0,20,2,1
2019-09-14 06,28.33,85.28,33.78,27.75,29.0,1005,1.5,60,0.0,75,2,1
2019-09-14 07,28.43,86.08,33.96,27.6,29.0,1006,1.5,60,0.0,75,2,1
2019-09-14 08,28.93,84.17,35.11,28.94,30.0,1006,1.5,90,0.0,75,2,1
2019-09-14 09,29.67,81.0,34.59,27.6,31.0,1006,2.6,70,0.0,75,0,2
2019-09-14 10,31.12,73.88,36.05,30.52,32.0,1007,2.6,60,0.0,75,0,2
2019-09-14 11,32.38,68.77,37.75,31.2,33.0,1007,1.5,50,0.0,75,0,2
2019-09-14 12,32.95,66.1,37.2,31.2,34.0,1002,3.1,90,0.0,75,0,2
2019-09-14 13,33.7,62.73,36.84,32.45,35.0,1001,4.1,70,0.0,75,0,1
2019-09-14 14,34.4,60.5,38.42,32.77,35.0,1000,2.1,70,0.0,75,0,1
2019-09-14 15,33.95,62.0,38.07,31.39,35.0,999,2.1,70,0.0,75,0,1
2019-09-14 16,34.38,59.38,37.71,30.8,34.6,999,2.6,70,0.0,75,0,1
2019-09-14 17,33.85,61.8,38.27,30.8,34.6,1000,2.1,70,0.0,75,0,1
2019-09-14 18,32.7,65.95,38.2,30.8,34.6,1000,2.1,70,0.0,75,0,1
2019-09-14 19,31.5,72.65,35.73,28.89,33.0,1000,2.1,70,0.0,75,0,1
2019-09-14 20,31.1,73.22,36.22,28.89,31.0,1001,1.0,70,0.0,40,2,1
2019-09-14 21,30.57,76.65,35.65,28.62,30.8,1006,1.0,70,0.0,40,2,1
2019-09-14 22,30.05,80.85,33.83,27.58,30.0,1006,2.1,70,0.0,40,2,2
2019-09-14 23,29.58,82.97,33.87,27.67,30.0,1006,2.1,70,0.0,40,2,2
2019-09-15 00,29.35,83.6,33.78,27.57,30.0,1006,2.1,70,0.0,40,2,1
2019-09-15 01,28.8,86.1,33.48,27.04,29.4,1005,2.1,90,0.0,40,2,1
2019-09-15 02,28.35,87.45,33.57,27.2,29.4,1005,2.1,90,0.0,40,2,1
2019-09-15 03,28.2,86.47,32.7,27.05,29.4,1005,2.1,90,0.0,40,2,1
2019-09-15 04,28.08,86.97,33.09,27.33,28.2,1005,2.1,90,0.0,40,2,1
2019-09-15 05,28.05,87.35,33.35,27.99,28.28,1005,2.1,90,0.0,40,2,1
2019-09-15 06,27.95,88.57,32.41,27.88,29.0,1006,2.6,80,0.0,75,2,2
2019-09-15 07,27.38,93.78,32.51,26.6,29.0,1006,2.6,80,0.0,75,2,2
2019-09-15 08,27.3,96.72,35.11,27.79,28.8,1007,1.0,20,0.0,90,2,2
2019-09-15 09,28.8,89.18,35.46,28.17,29.0,1007,1.5,110,0.0,75,2,2
2019-09-15 10,30.35,80.48,36.74,29.75,31.0,1007,1.5,340,0.0,75,2,2
2019-09-15 11,31.35,76.03,35.93,30.0,31.16,1007,2.1,20,0.0,75,2,2
2019-09-15 12,31.48,74.42,36.1,28.0,33.33,1002,1.5,240,0.0,75,8,2
2019-09-15 13,32.1,70.5,38.34,30.0,31.94,1005,1.0,20,0.0,75,2,2
2019-09-15 14,33.6,65.55,37.47,31.0,33.0,1004,2.6,50,0.0,75,0,2
2019-09-15 15,33.52,65.55,39.1,30.88,34.44,1000,1.5,80,0.0,75,0,2
2019-09-15 16,33.58,64.85,38.97,31.24,34.44,999,1.5,80,0.0,75,0,1
2019-09-15 17,32.45,67.32,39.43,31.69,34.44,999,1.0,70,0.0,75,0,1
2019-09-15 18,32.17,67.97,38.24,31.0,34.44,1000,1.0,80,0.0,75,0,1
2019-09-15 19,31.23,74.1,37.3,30.83,33.0,1003,1.0,80,0.0,75,0,1
2019-09-15 20,29.98,80.58,36.09,29.22,31.2,1005,1.18,104,0.0,20,2,2
2019-09-15 21,29.75,81.72,35.82,28.97,31.2,1005,1.3,107,0.0,20,2,2
2019-09-15 22,29.2,85.28,36.16,28.39,30.0,1005,1.31,113,0.0,20,2,2
2019-09-15 23,29.2,85.5,35.18,28.11,29.4,1005,1.41,117,0.0,20,2,2
2019-09-16 00,29.15,85.83,35.19,27.95,29.4,1005,1.3,121,0.0,20,2,2
2019-09-16 01,28.5,88.28,34.99,27.03,29.0,1004,1.28,136,0.0,20,2,2
2019-09-16 02,28.48,89.52,34.2,26.97,28.6,1004,1.22,147,0.0,20,2,2
2019-09-16 03,28.07,91.9,34.27,26.29,28.6,1003,0.7,199,0.0,20,2,2
2019-09-16 04,27.4,95.5,34.27,26.47,28.0,1004,0.68,287,0.0,20,2,2
2019-09-16 05,27.07,96.77,34.76,27.41,28.0,1004,0.68,309,0.0,20,2,2
2019-09-16 06,26.95,97.48,34.39,27.6,28.0,1005,0.65,316,0.0,40,2,2
2019-09-16 07,28.05,94.07,35.08,28.0,29.0,1005,0.13,285,0.0,40,2,2
2019-09-16 08,30.23,83.62,36.52,28.78,30.0,1005,1.0,180,0.0,40,2,2
2019-09-16 09,30.38,83.07,36.28,28.94,31.0,1006,2.1,230,0.0,75,2,2
2019-09-16 10,32.47,74.38,36.74,30.5,32.0,1006,2.6,250,0.0,75,0,3
2019-09-16 11,34.33,65.22,38.68,32.55,34.0,1006,2.1,250,0.0,75,0,3
2019-09-16 12,34.65,62.3,39.77,33.05,34.0,1005,1.5,260,0.0,75,0,3
2019-09-16 13,35.88,55.97,40.98,34.29,35.0,1003,1.0,240,0.0,75,0,3
2019-09-16 14,36.28,52.88,39.18,34.4,36.0,1002,2.1,320,0.0,75,0,3
2019-09-16 15,36.58,48.25,39.45,33.52,36.0,1002,2.1,80,0.0,75,0,3
2019-09-16 16,36.08,49.5,39.74,32.6,36.0,1001,2.1,10,0.0,75,0,2
2019-09-16 17,35.38,53.32,39.91,33.6,35.0,1001,1.5,360,0.0,75,0,2
2019-09-16 18,33.9,57.9,38.94,32.6,34.6,1001,1.5,360,0.0,75,0,2
2019-09-16 19,32.5,63.83,38.1,32.07,34.0,1002,1.5,360,0.0,75,0,3
2019-09-16 20,31.9,68.1,37.55,30.81,32.0,1002,1.46,93,0.0,40,0,3
2019-09-16 21,31.75,71.0,36.86,30.37,32.0,1003,1.61,114,0.0,40,0,4
2019-09-16 22,31.4,69.72,36.82,29.24,31.0,1003,1.63,124,0.0,40,2,4
2019-09-16 23,31.05,72.38,35.93,29.14,30.2,1003,1.7,128,0.0,40,2,3
2019-09-17 00,30.35,77.08,35.61,28.98,30.2,1003,2.04,135,0.0,40,2,3
2019-09-17 01,29.77,81.03,36.33,28.34,30.0,1003,1.0,140,0.0,40,2,4
2019-09-17 02,29.73,82.35,35.35,27.93,29.2,1003,1.0,140,0.0,40,2,4
2019-09-17 03,29.75,83.25,35.17,27.55,29.2,1003,1.0,140,0.0,40,2,3
2019-09-17 04,29.45,84.62,34.49,27.66,29.0,1003,1.5,200,0.0,40,2,3
2019-09-17 05,29.43,84.58,34.61,27.94,29.0,1003,1.5,200,0.0,40,2,3
2019-09-17 06,28.3,87.75,33.76,27.78,28.37,1003,1.5,200,0.0,40,2,3
2019-09-17 07,29.23,78.23,32.21,28.0,30.0,1005,4.1,270,0.0,75,2,3
2019-09-17 08,31.27,70.85,30.16,25.0,30.0,1005,3.6,230,0.0,75,0,2
2019-09-17 09,30.6,70.38,31.16,25.2,30.0,1006,2.1,230,0.0,75,1,2
2019-09-17 10,31.27,65.52,34.57,27.68,30.0,1007,1.0,90,0.0,75,0,2
2019-09-17 11,34.15,56.55,36.27,30.48,32.4,1006,1.0,360,0.0,75,0,2
2019-09-17 12,35.52,51.47,37.33,32.0,34.0,1006,1.0,100,0.0,75,0,2
2019-09-17 13,35.6,53.55,39.28,34.0,35.0,1005,1.0,250,0.0,75,0,3
2019-09-17 14,36.52,48.92,38.75,34.0,36.4,1003,2.1,340,0.0,40,0,3
2019-09-17 15,36.3,47.95,40.03,32.09,36.0,1003,1.5,40,0.0,20,0,3
2019-09-17 16,36.45,46.42,39.48,32.17,36.0,1003,2.1,340,0.0,40,0,2
2019-09-17 17,35.83,51.05,39.26,32.04,35.2,1002,1.5,50,0.0,40,0,2
2019-09-17 18,34.4,54.3,39.02,31.62,35.2,1003,1.0,20,0.0,40,0,2
2019-09-17 19,32.48,63.12,38.06,30.69,34.0,1003,1.0,20,0.0,40,0,2
2019-09-17 20,31.92,64.95,36.38,29.96,32.0,1005,2.9,143,0.0,20,0,2
2019-09-17 21,31.9,64.65,35.68,29.77,31.6,1005,2.59,137,0.0,20,0,3
2019-09-17 22,31.43,73.4,33.86,28.49,30.2,1006,2.1,110,0.0,20,0,3
2019-09-17 23,30.9,73.97,33.92,28.58,30.2,1006,2.1,110,0.0,20,0,2
2019-09-18 00,30.4,74.22,33.91,28.59,30.2,1006,2.1,110,0.0,20,0,2
2019-09-18 01,30.0,71.03,33.07,27.69,29.0,1006,2.1,140,0.0,20,2,2
2019-09-18 02,29.73,71.45,32.96,27.4,29.0,1006,2.1,140,0.0,20,2,2
2019-09-18 03,29.27,73.3,31.76,26.17,29.0,1006,2.1,140,0.0,20,2,1
2019-09-18 04,28.92,73.08,29.75,26.31,27.0,1007,3.1,100,0.0,20,2,1
2019-09-18 05,28.3,78.62,29.88,26.88,27.11,1007,4.1,100,0.0,20,2,2
2019-09-18 06,27.15,77.1,30.27,26.99,27.8,1008,3.1,90,0.0,75,2,2
2019-09-18 07,26.58,71.7,29.5,25.8,29.0,1009,3.1,90,0.0,75,2,2
2019-09-18 08,27.9,63.92,32.27,25.8,29.0,1010,3.1,90,0.0,75,2,1
2019-09-18 09,29.4,60.5,33.2,25.8,30.0,1010,2.6,70,0.0,75,2,1
2019-09-18 10,29.65,61.7,33.2,29.17,31.0,1011,3.6,50,0.0,40,0,1
2019-09-18 11,31.68,55.92,36.54,30.8,33.2,1010,1.5,90,0.0,20,0,1
2019-09-18 12,32.72,56.67,36.61,30.8,34.44,1006,2.1,90,0.0,20,0,2
2019-09-18 13,33.5,54.25,37.16,32.7,34.8,1005,2.1,100,0.0,20,0,2
2019-09-18 14,34.38,50.9,38.62,32.7,35.0,1004,2.6,50,0.0,75,0,1
2019-09-18 15,34.38,52.25,40.0,31.9,34.44,1004,1.0,70,0.0,75,0,1
2019-09-18 16,34.12,53.22,37.68,31.0,35.0,1004,1.5,70,0.0,75,0,1
2019-09-18 17,33.4,55.15,37.49,31.0,35.0,1003,2.1,90,0.0,40,0,1
2019-09-18 18,31.8,61.93,36.79,31.0,35.0,1004,1.5,90,0.0,20,0,1
2019-09-18 19,30.68,68.95,35.57,30.0,33.0,1003,1.5,90,0.0,20,0,1
2019-09-18 20,30.05,69.9,34.53,28.98,30.0,1009,1.5,90,0.0,20,0,1
2019-09-18 21,29.77,72.15,33.5,28.25,29.8,1009,1.5,90,0.0,20,0,1
2019-09-18 22,29.43,74.0,33.93,27.17,30.56,1005,1.5,90,0.0,20,2,1
2019-09-18 23,29.05,76.88,32.52,27.07,29.0,1010,1.5,90,0.0,20,2,2
2019-09-19 00,28.25,80.25,32.38,26.86,29.0,1010,1.5,90,0.0,20,2,1
2019-09-19 01,27.4,82.32,29.27,25.87,27.4,1010,3.1,110,0.0,20,2,1
2019-09-19 02,26.6,84.0,29.3,25.85,27.4,1010,3.1,110,0.0,20,2,1
2019-09-19 03,26.12,83.47,29.28,25.91,27.4,1010,3.1,110,0.0,20,2,1
2019-09-19 04,26.12,82.25,28.56,25.98,26.12,1010,4.6,110,0.0,40,2,1
2019-09-19 05,25.85,84.62,30.02,25.8,26.86,1011,2.6,110,0.0,20,2,1
2019-09-19 06,25.38,88.05,30.43,25.8,26.84,1011,2.1,80,0.0,75,2,1
2019-09-19 07,25.62,86.77,30.58,26.0,27.0,1012,2.1,80,0.0,75,2,1
2019-09-19 08,26.25,85.35,30.47,26.0,27.0,1013,2.1,70,0.0,75,2,1
2019-09-19 09,27.95,77.38,30.84,25.73,27.0,1013,2.1,80,0.0,75,2,2
2019-09-19 10,28.3,75.45,31.76,26.71,29.0,1013,2.1,90,0.0,75,0,1
2019-09-19 11,29.65,70.1,33.01,28.0,30.2,1012,2.1,110,0.0,40,0,1
2019-09-19 12,30.05,68.75,32.52,28.0,31.0,1012,3.1,80,0.0,75,0,1
2019-09-19 13,30.65,66.33,35.14,30.0,31.12,1011,2.1,120,0.0,75,0,1
2019-09-19 14,31.85,61.15,35.1,30.56,32.0,1010,2.1,70,0.0,75,0,1
2019-09-19 15,33.15,56.58,34.95,30.28,32.0,1009,2.1,80,0.0,75,0,1
2019-09-19 16,32.4,59.38,34.46,30.0,32.0,1009,2.6,60,0.0,75,0,1
2019-09-19 17,31.9,59.15,34.5,30.0,32.0,1008,2.1,50,0.0,40,0,1
2019-09-19 18,30.65,64.97,34.94,29.0,31.0,1009,1.5,80,0.0,75,0,1
2019-09-19 19,29.78,69.75,34.45,28.0,31.67,1005,1.5,80,0.0,75,0,1
2019-09-19 20,29.5,70.75,32.2,27.77,28.6,1010,2.1,70,0.0,40,2,1
2019-09-19 21,28.98,72.82,32.03,27.34,28.6,1010,2.1,70,0.0,40,2,1
2019-09-19 22,28.73,73.5,32.45,26.54,28.0,1010,1.5,90,0.0,20,2,2
2019-09-19 23,28.38,75.38,30.42,26.41,27.0,1010,2.1,90,0.0,20,2,2
2019-09-20 00,28.02,77.03,31.52,26.13,27.6,1010,1.5,90,0.0,20,2,1
2019-09-20 01,27.35,81.22,31.29,25.44,27.0,1009,1.69,128,0.0,20,2,1
2019-09-20 02,27.27,81.6,30.74,25.21,26.6,1009,1.28,126,0.0,20,2,2
2019-09-20 03,26.32,86.97,30.53,24.37,26.6,1009,1.05,94,0.0,20,2,2
2019-09-20 04,25.77,89.85,31.08,24.49,26.0,1009,1.29,89,0.0,20,2,2
2019-09-20 05,25.95,89.1,31.45,25.65,26.0,1010,1.46,101,0.0,20,2,2
2019-09-20 06,25.75,90.1,30.45,25.72,26.0,1010,1.74,108,0.0,20,2,2
2019-09-20 07,26.3,88.0,32.03,26.0,27.2,1010,1.0,90,0.0,20,2,3
2019-09-20 08,27.62,82.57,31.65,26.0,28.0,1011,1.0,70,0.0,75,2,4
2019-09-20 09,29.02,77.18,32.68,27.0,29.0,1012,2.1,70,0.0,75,2,3
2019-09-20 10,30.38,70.7,34.37,29.55,31.67,1008,2.6,120,0.0,75,0,3
2019-09-20 11,31.47,64.7,34.39,31.0,32.0,1007,3.1,110,0.0,75,0,2
2019-09-20 12,33.05,56.7,36.29,31.6,34.0,1006,2.1,110,0.0,75,0,1
2019-09-20 13,33.52,54.82,35.9,32.0,34.0,1005,3.1,120,0.0,75,0,1
2019-09-20 14,33.35,55.98,37.98,32.2,33.08,1004,1.5,110,0.0,75,0,1
2019-09-20 15,33.8,54.27,37.9,32.0,35.0,1003,1.5,140,0.0,40,0,2
2019-09-20 16,33.88,54.03,36.91,30.8,35.0,1003,2.1,60,0.0,40,0,2
2019-09-20 17,32.93,56.05,37.24,30.8,34.0,1003,1.0,90,0.0,40,0,2
2019-09-20 18,31.62,59.02,36.74,30.8,33.0,1003,2.1,90,0.0,75,0,2
2019-09-20 19,30.68,63.85,36.08,30.0,33.0,1003,2.1,90,0.0,75,0,2
2019-09-20 20,29.45,70.85,35.02,29.12,30.2,1008,1.0,200,0.0,40,0,2
2019-09-20 21,28.65,74.72,34.88,28.76,30.2,1008,1.0,200,0.0,40,0,2
2019-09-20 22,28.55,75.27,33.51,27.75,29.6,1008,1.5,340,0.0,40,0,2
2019-09-20 23,29.07,76.07,31.47,27.22,28.0,1002,2.6,180,0.0,40,2,2
2019-09-21 00,28.77,77.55,32.58,27.43,29.6,1008,1.5,340,0.0,40,0,2
2019-09-21 01,28.73,75.18,30.21,26.72,27.0,1008,2.6,160,0.0,40,2,2
2019-09-21 02,28.02,78.08,30.93,26.59,27.0,1008,1.5,110,0.0,40,2,2
2019-09-21 03,27.62,80.65,29.85,25.94,27.0,1008,2.6,140,0.0,40,2,2
2019-09-21 04,27.77,79.88,31.98,26.32,27.2,1008,1.0,157,0.0,40,0,2
2019-09-21 05,27.45,84.07,32.25,27.0,27.52,1008,1.18,159,0.0,40,0,2
2019-09-21 06,26.32,90.72,31.19,26.0,28.0,1008,1.0,230,0.0,75,2,2
2019-09-21 07,27.18,88.22,32.45,26.8,29.2,1009,1.0,230,0.0,75,2,2
2019-09-21 08,29.88,77.05,33.27,27.07,29.2,1010,1.5,180,0.0,75,2,2
2019-09-21 09,31.4,70.1,34.31,27.66,29.2,1010,1.0,100,0.0,75,2,2
2019-09-21 10,33.12,61.67,36.67,30.04,33.0,1006,1.0,100,0.0,75,0,2
2019-09-21 11,33.93,55.3,36.06,31.58,34.0,1005,3.1,90,0.0,75,0,2
2019-09-21 12,33.83,55.3,36.0,31.9,34.0,1004,3.1,90,0.0,75,0,2
2019-09-21 13,34.35,53.33,37.91,32.22,35.0,1003,2.1,120,0.0,75,0,2
2019-09-21 14,34.6,52.77,35.47,32.6,35.0,1002,4.1,340,0.0,75,0,2
2019-09-21 15,33.95,54.73,37.39,31.06,34.6,1001,2.6,40,0.0,75,0,2
2019-09-21 16,33.83,54.38,38.9,25.0,32.4,1001,1.0,90,1.5,90,5,2
2019-09-21 17,29.38,76.83,33.65,24.0,32.4,1003,1.0,140,0.15,90,5,2
2019-09-21 18,24.6,99.1,33.96,24.0,32.78,1002,1.0,240,0.0,90,8,2
2019-09-21 19,25.23,99.2,33.02,24.0,32.22,1002,1.0,240,0.0,90,8,1
2019-09-21 20,24.95,99.1,31.51,25.0,28.07,1007,1.0,230,0.0,40,2,3
2019-09-21 21,25.2,99.03,31.54,25.0,27.72,1008,1.0,230,0.0,40,2,3
2019-09-21 22,25.02,99.28,31.22,25.0,26.91,1009,1.0,200,0.0,40,2,1
2019-09-21 23,25.07,99.25,31.09,25.0,26.66,1009,1.0,200,0.0,40,2,1
2019-09-22 00,25.05,98.98,31.09,25.0,26.72,1009,1.0,200,0.0,40,2,2
2019-09-22 01,24.68,97.77,30.93,25.0,26.08,1009,1.0,140,0.0,40,2,1
2019-09-22 02,24.42,96.47,30.77,25.0,25.61,1008,1.0,140,0.0,40,2,1
2019-09-22 03,24.35,95.5,30.71,25.0,25.6,1008,1.0,140,0.0,40,2,1
2019-09-22 04,24.12,97.05,27.89,24.0,25.44,1008,3.29,143,0.0,20,2,1
2019-09-22 05,24.02,98.85,29.33,24.6,25.84,1008,2.57,138,0.0,20,2,1
2019-09-22 06,24.2,99.22,29.1,24.6,26.0,1009,2.1,90,0.0,40,2,1
2019-09-22 07,25.82,92.2,29.63,25.0,27.2,1010,2.1,90,0.0,40,2,2
2019-09-22 08,26.57,84.85,29.71,25.0,27.2,1011,2.6,90,0.0,75,2,2
2019-09-22 09,26.9,82.6,29.34,25.0,27.2,1012,4.1,90,0.0,90,2,2
2019-09-22 10,26.38,82.78,32.41,26.39,30.56,1008,1.5,70,0.0,75,2,2
2019-09-22 11,26.35,80.88,31.5,27.0,30.0,1008,3.1,90,0.0,75,2,1
2019-09-22 12,27.05,79.22,31.76,27.0,30.0,1007,2.1,90,0.0,75,2,1
2019-09-22 13,27.3,76.28,32.51,27.0,30.0,1006,2.1,40,0.0,75,2,1
2019-09-22 14,28.15,73.1,32.46,27.0,30.0,1005,2.1,110,0.0,75,2,1
2019-09-22 15,28.08,72.48,33.23,28.0,30.56,1004,2.1,110,0.0,75,2,1
2019-09-22 16,28.0,74.45,32.85,27.35,30.56,1004,3.1,40,0.0,75,2,1
2019-09-22 17,28.27,74.3,33.06,26.48,30.0,1005,1.0,50,0.0,75,0,1
2019-09-22 18,27.4,77.95,32.08,26.6,28.8,1009,1.0,50,0.0,75,2,1
2019-09-22 19,26.85,79.22,31.68,26.0,28.89,1006,1.0,50,0.0,75,2,1
2019-09-22 20,26.4,81.85,29.8,25.15,26.2,1010,1.5,110,0.0,40,2,1
2019-09-22 21,25.92,85.97,29.8,25.15,26.2,1010,1.5,110,0.0,40,2,2
2019-09-22 22,25.68,88.22,29.43,24.46,25.6,1011,1.0,90,0.0,40,2,2
2019-09-22 23,25.35,90.22,29.55,24.68,25.6,1011,1.0,90,0.0,40,2,1
2019-09-23 00,25.67,87.05,29.55,24.79,25.6,1011,1.0,90,0.0,40,2,1
2019-09-23 01,25.2,89.22,28.6,24.0,25.2,1011,1.0,50,0.0,40,2,2
2019-09-23 02,24.95,86.72,28.76,24.0,25.2,1011,1.0,50,0.0,40,2,2
2019-09-23 03,24.92,88.83,28.63,24.0,25.2,1011,1.0,50,0.0,40,2,1
2019-09-23 04,24.75,90.75,28.82,24.0,24.82,1011,1.0,50,0.0,40,2,1
2019-09-23 05,24.67,92.12,29.13,24.0,25.62,1012,1.0,50,0.0,40,2,1
2019-09-23 06,24.55,93.18,29.24,24.0,25.65,1012,1.0,50,0.0,40,2,1
2019-09-23 07,24.57,94.17,28.97,24.0,25.99,1012,1.5,110,0.0,75,2,2
2019-09-23 08,25.2,92.22,30.07,25.2,26.0,1013,2.1,70,0.0,75,2,2
2019-09-23 09,26.65,84.8,30.64,25.2,27.0,1013,2.1,70,0.0,75,2,3
2019-09-23 10,28.15,77.2,32.45,28.0,30.0,1009,1.93,110,0.0,75,0,3
2019-09-23 11,28.85,74.05,33.67,29.0,30.4,1008,1.59,108,0.0,75,0,2
2019-09-23 12,30.62,67.0,34.3,29.0,30.74,1008,1.0,80,0.0,75,0,2
2019-09-23 13,31.08,66.05,34.75,30.8,31.34,1011,2.1,320,0.0,75,0,2
2019-09-23 14,31.7,64.0,34.8,30.56,32.0,1006,2.1,230,0.0,75,0,2
2019-09-23 15,32.23,60.45,34.84,27.64,32.0,1006,1.0,60,0.0,75,0,2
2019-09-23 16,31.57,60.7,34.83,28.21,31.8,1005,1.0,30,0.0,75,0,2
2019-09-23 17,31.75,58.8,35.95,28.89,31.8,1005,1.0,90,0.0,75,0,2
2019-09-23 18,30.75,63.5,33.8,29.0,31.8,1005,2.1,110,0.0,40,0,2
2019-09-23 19,28.7,71.67,32.89,28.0,31.0,1006,2.1,110,0.0,40,0,1
2019-09-23 20,28.07,73.78,31.62,26.46,28.0,1010,1.5,110,0.0,20,0,1
2019-09-23 21,27.62,75.75,30.76,26.29,28.0,1011,1.5,110,0.0,20,0,1
2019-09-23 22,27.65,76.3,30.97,25.26,27.0,1011,1.5,140,0.0,20,2,1
2019-09-23 23,27.02,79.57,30.29,25.42,26.6,1012,1.5,140,0.0,20,2,1
2019-09-24 00,26.7,82.15,29.46,25.51,26.0,1012,2.1,130,0.0,40,2,1
2019-09-24 01,26.45,83.08,30.61,25.27,26.0,1011,1.0,200,0.0,20,2,1
2019-09-24 02,25.43,88.5,28.44,25.0,25.3,1011,2.6,150,0.0,40,2,1
2019-09-24 03,25.0,90.97,29.43,24.2,25.6,1011,1.0,200,0.0,20,2,1
2019-09-24 04,24.42,93.5,29.25,24.21,25.0,1011,1.19,97,0.0,40,2,1
2019-09-24 05,24.05,96.12,29.69,24.6,25.79,1011,1.27,72,0.0,40,2,1
2019-09-24 06,24.43,95.7,29.28,24.0,25.72,1012,1.81,62,0.0,40,2,2
2019-09-24 07,25.32,91.22,30.69,24.0,27.78,1012,1.73,73,0.0,40,2,3
2019-09-24 08,27.8,79.5,31.94,26.6,27.0,1013,1.0,50,0.0,40,2,3
2019-09-24 09,29.62,70.2,32.1,25.8,29.0,1013,2.1,60,0.0,75,2,4
2019-09-24 10,30.22,70.03,33.57,28.69,31.2,1010,3.1,110,0.0,75,0,3
2019-09-24 11,30.08,70.12,34.36,30.0,32.0,1010,2.1,90,0.0,75,0,2
2019-09-24 12,31.85,63.03,34.67,30.0,32.0,1009,1.5,70,0.0,75,0,2
2019-09-24 13,32.4,60.25,35.46,30.56,32.0,1008,1.5,70,0.0,75,0,2
2019-09-24 14,32.65,57.05,35.79,30.56,33.0,1006,2.1,70,0.0,75,0,1
2019-09-24 15,33.38,55.9,35.59,29.6,34.0,1006,2.1,70,0.0,75,0,1
2019-09-24 16,33.77,52.88,36.21,28.87,33.0,1006,1.5,100,0.0,75,0,2
2019-09-24 17,32.6,57.45,33.08,29.02,32.0,1006,3.6,160,0.0,75,0,2
2019-09-24 18,30.05,68.8,33.74,28.89,31.11,1006,2.1,160,0.0,75,0,1
2019-09-24 19,27.8,75.68,32.6,28.0,30.0,1010,2.1,160,0.0,75,0,1
2019-09-24 20,27.55,76.38,30.54,27.0,27.6,1010,2.1,140,0.0,40,0,1
2019-09-24 21,27.48,77.85,30.5,27.0,27.6,1011,2.1,140,0.0,40,0,1
2019-09-24 22,27.68,77.25,30.83,26.0,27.0,1012,1.0,140,0.0,40,2,1
2019-09-24 23,27.52,77.83,30.76,26.0,27.0,1012,1.0,140,0.0,40,2,1
2019-09-25 00,27.27,78.18,29.92,25.0,27.0,1012,1.0,140,0.0,40,2,1
2019-09-25 01,,,29.73,25.0,26.4,1012,1.0,90,0.0,40,2,6
2019-09-25 02,,,29.79,25.0,26.4,1011,1.0,90,0.0,40,2,6
2019-09-25 03,,,29.54,24.79,26.4,1011,1.0,90,0.0,40,2,6
2019-09-25 04,,,29.64,24.85,25.2,1012,1.0,70,0.0,20,2,6
2019-09-25 05,,,30.09,25.0,26.37,1012,1.0,70,0.0,20,2,6
2019-09-25 06,,,30.14,24.0,27.78,1009,1.0,30,0.0,20,2,6
2019-09-25 07,,,31.47,26.0,27.4,1013,1.0,30,0.0,20,2,6
2019-09-25 08,,,32.26,26.34,27.4,1014,1.5,50,0.0,40,2,6
2019-09-25 09,,,32.25,26.84,29.0,1014,3.1,80,0.0,75,2,6
2019-09-25 10,30.0,71.1,34.37,29.07,32.0,1011,2.1,90,0.0,75,0,6
2019-09-25 11,31.32,63.9,35.03,30.56,32.0,1010,2.1,60,0.0,75,0,1
2019-09-25 12,32.95,55.95,35.23,30.56,33.0,1009,2.1,40,0.0,75,0,1
2019-09-25 13,33.45,53.0,35.71,32.0,34.0,1012,2.6,80,0.0,75,0,1
2019-09-25 14,33.4,52.55,35.66,30.56,35.0,1007,2.6,50,0.0,75,0,1
2019-09-25 15,33.48,52.73,36.23,30.56,35.0,1007,1.5,60,0.0,75,0,1
2019-09-25 16,34.07,50.73,35.41,28.8,35.0,1006,1.5,90,0.0,40,0,1
2019-09-25 17,33.02,54.35,33.49,28.0,31.11,1007,2.1,90,0.0,75,0,1
2019-09-25 18,26.65,87.33,32.27,28.0,31.11,1008,3.1,60,0.0,75,0,1
2019-09-25 19,25.8,93.15,31.55,27.0,31.11,1008,3.1,60,0.0,75,0,1
2019-09-25 20,26.18,89.7,31.24,27.0,27.77,1012,2.1,90,0.0,40,2,1
2019-09-25 21,26.48,87.28,30.69,26.0,27.6,1013,2.1,90,0.0,40,2,1
2019-09-25 22,26.5,88.4,30.12,26.0,27.0,1014,2.1,70,0.0,40,2,1
2019-09-25 23,26.67,87.53,31.98,26.0,31.11,1007,2.1,70,0.0,40,2,1
2019-09-26 00,26.6,87.28,30.18,26.0,27.0,1014,2.1,70,0.0,40,2,2
2019-09-26 01,26.62,86.9,30.15,26.0,26.6,1013,2.1,70,0.0,40,2,3
2019-09-26 02,26.52,88.52,30.07,25.91,26.6,1013,2.1,70,0.0,40,2,2
2019-09-26 03,26.43,88.85,29.82,24.94,26.6,1013,2.1,70,0.0,40,2,2
2019-09-26 04,26.38,89.2,30.09,25.06,26.4,1013,2.1,70,0.0,40,2,2
2019-09-26 05,26.38,89.28,30.34,25.83,26.4,1014,2.1,70,0.0,40,2,1
2019-09-26 06,26.23,90.67,28.77,25.78,27.0,1014,4.1,70,0.0,75,2,1
2019-09-26 07,26.2,90.8,29.1,26.0,27.0,1014,4.1,70,0.0,75,2,2
2019-09-26 08,26.57,88.67,31.64,26.2,27.0,1015,2.1,90,0.0,90,2,2
2019-09-26 09,27.67,83.38,32.23,26.2,28.0,1015,2.1,90,0.0,90,2,2
2019-09-26 10,29.18,76.4,33.79,28.0,30.56,1011,2.1,60,0.0,75,2,1
2019-09-26 11,30.22,71.48,35.07,30.0,31.0,1011,2.1,70,0.0,40,0,1
2019-09-26 12,31.28,66.9,33.22,30.0,32.0,1010,4.6,70,0.0,40,0,1
2019-09-26 13,32.12,62.48,36.34,30.56,33.0,1008,1.5,340,0.0,40,0,1
2019-09-26 14,31.98,62.38,34.98,30.56,33.6,1007,3.1,70,0.0,40,0,1
2019-09-26 15,31.95,62.05,35.06,30.56,33.0,1007,2.1,100,0.0,75,0,1
2019-09-26 16,32.42,59.8,35.46,30.2,33.0,1007,1.5,120,0.0,75,0,1
2019-09-26 17,31.82,59.75,33.85,29.71,32.2,1007,3.6,50,0.0,75,0,1
2019-09-26 18,30.55,64.35,34.02,29.0,32.2,1007,2.1,50,0.0,75,0,1
2019-09-26 19,29.7,68.33,34.54,28.6,31.11,1006,1.0,50,0.0,40,2,1
2019-09-26 20,29.15,71.25,32.84,26.11,29.0,1007,1.0,50,0.0,40,2,1
2019-09-26 21,28.7,74.08,33.38,27.14,29.0,1012,1.0,50,0.0,40,2,2
2019-09-26 22,28.75,74.15,33.13,26.6,29.0,1008,1.5,70,0.0,40,2,2
2019-09-26 23,28.4,71.47,32.9,26.41,29.44,1008,1.5,70,0.0,40,2,2
2019-09-27 00,27.5,75.6,31.67,26.54,28.2,1012,1.5,70,0.0,40,2,1
2019-09-27 01,26.82,79.12,27.62,25.68,26.0,1012,4.1,90,0.0,40,2,1
2019-09-27 02,26.33,82.58,28.58,25.79,26.0,1012,3.6,90,0.0,40,2,1
2019-09-27 03,25.98,85.45,26.99,24.62,25.0,1012,3.6,80,0.0,40,2,1
2019-09-27 04,25.5,87.88,28.53,24.8,25.8,1012,2.6,70,0.0,40,2,1
2019-09-27 05,25.65,86.75,28.82,25.0,25.8,1012,2.6,70,0.0,40,2,1
2019-09-27 06,25.48,87.07,29.91,25.0,26.0,1013,1.5,50,0.0,75,2,1
2019-09-27 07,25.67,85.15,30.56,25.4,26.0,1013,1.5,50,0.0,75,2,1
2019-09-27 08,26.1,83.48,29.2,25.4,27.0,1013,2.6,50,0.0,75,2,1
2019-09-27 09,26.62,81.8,29.26,25.4,27.0,1014,2.6,60,0.0,75,2,1
2019-09-27 10,27.3,80.1,31.68,27.0,29.2,1014,2.1,60,0.0,75,2,1
2019-09-27 11,28.38,76.25,32.98,27.0,30.0,1010,1.5,70,0.0,75,2,1
2019-09-27 12,29.3,72.97,34.85,29.0,30.0,1009,1.0,70,0.0,75,2,1
2019-09-27 13,31.12,65.88,34.03,29.6,30.78,1007,2.6,90,0.0,75,0,1
2019-09-27 14,31.9,63.1,33.29,29.6,31.0,1007,3.6,70,0.0,75,0,1
2019-09-27 15,30.83,66.15,33.29,28.43,32.0,1006,3.1,70,0.0,75,0,1
2019-09-27 16,30.65,66.25,32.88,28.4,32.0,1005,3.6,80,0.0,75,0,1
2019-09-27 17,30.32,66.55,34.08,28.4,31.0,1006,2.1,70,0.0,75,0,1
2019-09-27 18,29.15,71.65,33.66,28.0,30.56,1006,2.1,80,0.0,75,0,1
2019-09-27 19,28.32,74.4,32.69,27.0,30.0,1005,2.1,80,0.0,75,0,1
2019-09-27 20,27.8,76.42,30.7,26.81,28.0,1011,2.6,50,0.0,20,2,1
2019-09-27 21,27.33,78.57,30.53,26.43,28.0,1011,2.6,50,0.0,20,2,1
2019-09-27 22,26.82,79.8,30.15,25.46,26.2,1011,1.5,90,0.0,20,2,1
2019-09-27 23,26.38,81.72,30.08,25.32,26.2,1011,1.5,90,0.0,20,2,1
2019-09-28 00,26.05,83.9,30.1,25.35,26.2,1011,1.5,90,0.0,20,2,1
2019-09-28 01,25.9,85.38,29.22,24.44,25.6,1010,1.0,70,0.0,20,2,2
2019-09-28 02,25.62,86.97,29.16,24.2,25.6,1010,1.0,70,0.0,20,2,1
2019-09-28 03,25.27,88.47,29.04,23.86,25.6,1010,1.0,70,0.0,20,2,1
2019-09-28 04,25.0,89.15,29.22,24.09,25.0,1010,1.0,70,0.0,20,2,1
2019-09-28 05,24.72,90.38,29.48,24.71,25.24,1010,1.0,70,0.0,20,2,1
2019-09-28 06,24.55,91.35,29.44,24.74,25.18,1010,1.0,50,0.0,40,2,1
2019-09-28 07,24.88,90.08,29.7,25.0,26.8,1010,1.5,50,0.0,40,2,1
2019-09-28 08,25.62,86.3,29.21,26.0,27.0,1010,3.1,110,0.0,75,2,2
2019-09-28 09,26.15,83.83,30.27,26.58,28.0,1011,2.6,70,0.0,75,2,2
2019-09-28 10,28.05,76.82,31.72,27.8,30.56,1007,3.6,60,0.0,75,0,2
2019-09-28 11,28.68,73.4,33.02,29.0,30.56,1007,3.1,70,0.0,75,0,2
2019-09-28 12,29.82,69.12,33.04,27.8,32.0,1006,2.6,70,0.0,75,0,1
2019-09-28 13,30.38,66.1,32.98,29.0,32.0,1005,3.1,80,0.0,75,0,1
2019-09-28 14,31.1,63.42,33.52,29.74,32.0,1005,2.6,70,0.0,75,0,1
2019-09-28 15,30.3,65.88,32.35,27.61,31.0,1004,5.1,60,0.0,75,0,1
2019-09-28 16,29.58,69.47,32.39,27.6,31.0,1003,3.6,70,0.0,75,0,1
2019-09-28 17,29.57,67.17,33.44,27.36,30.6,1004,2.1,70,0.0,75,0,1
2019-09-28 18,28.27,72.33,32.54,27.54,30.6,1005,2.6,130,0.0,75,0,1
2019-09-28 19,27.53,76.38,31.66,27.0,30.0,1005,2.6,130,0.0,75,0,1
2019-09-28 20,27.57,76.17,29.52,25.82,26.0,1010,1.5,80,0.0,40,2,1
2019-09-28 21,27.7,75.95,28.27,25.62,26.0,1010,3.1,80,0.0,40,2,1
2019-09-28 22,27.2,79.8,30.41,25.15,26.4,1010,1.5,90,0.0,40,2,2
2019-09-28 23,26.12,82.1,26.2,25.0,25.34,1010,5.1,100,0.0,40,2,1
2019-09-29 00,25.52,84.75,27.22,25.0,25.34,1011,3.6,110,0.0,40,2,1
2019-09-29 01,25.5,84.53,29.82,24.68,25.0,1011,1.0,90,0.0,75,8,1
2019-09-29 02,25.52,85.4,29.11,24.0,25.09,1010,1.0,90,0.14,75,8,1
2019-09-29 03,25.45,86.03,27.14,23.96,24.28,1010,3.1,100,0.0,90,2,1
2019-09-29 04,24.98,89.4,27.18,24.0,24.35,1009,3.1,70,0.0,75,2,1
2019-09-29 05,25.3,86.03,29.05,24.0,24.83,1010,1.0,70,0.0,40,2,1
2019-09-29 06,25.27,85.68,27.61,24.0,25.0,1010,2.6,70,0.0,75,2,1
2019-09-29 07,25.3,86.35,27.6,23.2,25.2,1011,2.6,70,0.0,75,2,1
2019-09-29 08,25.88,83.18,28.81,23.2,27.0,1012,2.1,110,0.0,75,2,1
2019-09-29 09,26.23,80.25,28.43,23.2,27.0,1012,2.6,90,0.0,75,2,1
2019-09-29 10,26.67,79.4,29.84,24.4,27.0,1013,2.1,90,0.0,75,2,1
2019-09-29 11,27.88,74.33,31.22,24.4,30.0,1009,2.6,50,0.0,75,2,1
2019-09-29 12,28.62,71.1,31.4,24.4,30.0,1008,2.6,100,0.0,75,0,1
2019-09-29 13,28.58,72.05,32.72,26.41,30.0,1007,1.5,80,0.0,75,0,1
2019-09-29 14,29.05,71.38,31.88,26.79,31.0,1006,3.6,90,0.0,40,0,1
2019-09-29 15,30.52,64.75,32.11,26.15,31.0,1005,3.1,40,0.0,40,0,1
2019-09-29 16,29.73,66.07,31.97,25.2,30.0,1005,2.1,60,0.0,75,0,1
2019-09-29 17,28.95,71.18,30.18,25.2,30.0,1005,4.1,50,0.0,40,0,1
2019-09-29 18,27.43,76.05,31.03,25.2,30.0,1005,3.1,60,0.0,40,0,1
2019-09-29 19,26.45,80.05,30.53,26.44,29.44,1005,3.1,60,0.0,40,0,1
2019-09-29 20,26.12,82.18,30.45,25.44,27.0,1011,2.1,110,0.0,40,2,1
2019-09-29 21,25.88,84.92,28.62,24.69,26.6,1011,2.1,110,0.0,40,2,1
2019-09-29 22,25.65,85.75,28.55,24.16,25.6,1011,2.1,90,0.0,40,2,1
2019-09-29 23,25.48,85.12,28.57,24.12,25.6,1011,2.1,90,0.0,40,2,1
2019-09-30 00,25.32,85.7,28.54,24.2,25.6,1011,2.1,90,0.0,40,2,1
2019-09-30 01,25.1,87.32,27.32,23.73,24.0,1010,2.6,120,0.0,40,2,1
2019-09-30 02,24.83,89.43,27.63,23.71,24.0,1010,2.1,100,0.0,40,2,1
2019-09-30 03,24.73,89.15,27.21,23.47,24.0,1010,2.6,110,0.0,40,2,1
2019-09-30 04,24.5,90.03,27.32,23.61,24.11,1009,2.6,110,0.0,40,2,1
2019-09-30 05,24.62,90.17,27.52,24.0,24.6,1009,2.1,140,0.0,40,2,1
2019-09-30 06,24.7,89.75,27.49,24.0,24.6,1010,2.1,140,0.0,40,2,1
2019-09-30 07,24.88,89.22,28.29,24.0,25.0,1010,1.5,110,0.0,75,2,1
2019-09-30 08,25.42,85.72,28.33,23.9,26.0,1011,2.1,110,0.0,75,2,1
2019-09-30 09,26.38,81.55,28.8,23.96,26.0,1011,1.5,210,0.0,90,2,1
2019-09-30 10,26.58,81.55,30.68,25.62,27.0,1011,1.5,180,0.0,90,2,1
2019-09-30 11,28.4,73.75,31.51,26.2,29.2,1007,2.1,110,0.0,40,0,1
2019-09-30 12,28.77,72.25,33.63,28.19,30.0,1006,2.1,70,0.0,75,0,1
2019-09-30 13,29.15,71.57,33.74,28.4,30.0,1006,1.5,40,0.5,90,4,1
2019-09-30 14,29.88,67.22,34.75,29.44,31.0,1004,2.1,50,0.0,75,0,2
2019-09-30 15,30.5,64.95,33.48,28.4,31.0,1004,2.53,111,0.0,30,0,2
2019-09-30 16,30.58,64.2,33.22,27.78,30.0,1003,1.5,70,0.0,75,0,2
2019-09-30 17,29.57,67.3,33.0,27.8,29.6,1003,1.5,70,0.0,75,0,2
2019-09-30 18,28.48,71.83,31.59,27.4,29.6,1007,1.5,90,0.0,75,0,2
2019-09-30 19,27.78,74.55,30.62,26.68,28.0,1007,1.5,90,0.0,75,0,2
2019-09-30 20,27.5,76.47,31.27,25.79,27.2,1009,1.0,70,0.0,40,2,2
2019-09-30 21,27.0,78.85,31.18,25.57,27.2,1009,1.0,70,0.0,40,2,2
2019-09-30 22,26.73,80.48,31.3,25.21,27.0,1009,1.0,90,0.0,40,2,1
2019-09-30 23,26.47,81.78,30.48,25.1,26.4,1009,1.0,90,0.0,40,2,1
2019-10-01 00,26.17,83.62,30.53,25.29,26.4,1009,1.0,90,0.0,40,2,1
2019-10-01 01,25.93,84.75,29.52,24.49,25.8,1009,1.0,90,0.0,40,2,2
2019-10-01 02,25.52,86.15,29.49,24.38,25.8,1008,1.0,90,0.0,40,2,1
2019-10-01 03,25.27,87.78,29.08,23.3,25.8,1008,1.0,90,0.0,40,2,1
2019-10-01 04,25.15,88.3,27.5,23.41,24.0,1008,2.1,100,0.0,75,2,1
2019-10-01 05,24.67,90.88,27.88,24.0,24.35,1008,2.1,100,0.0,75,2,1
2019-10-01 06,24.35,93.1,28.6,24.0,24.8,1009,1.0,110,0.0,40,2,1
2019-10-01 07,25.0,90.72,30.26,24.2,26.8,1010,1.0,110,0.0,75,2,1
2019-10-01 08,26.3,85.28,29.79,24.05,27.0,1010,2.1,70,0.0,75,2,1
2019-10-01 09,28.07,78.42,29.72,24.18,27.0,1011,2.1,70,0.0,75,2,2
2019-10-01 10,29.27,72.32,32.65,26.14,30.0,1007,2.1,130,0.0,75,0,2
2019-10-01 11,30.3,67.9,33.57,28.33,31.0,1006,2.1,110,0.0,75,0,2
2019-10-01 12,30.48,66.0,33.7,28.4,32.0,1006,2.6,120,0.0,75,0,2
2019-10-01 13,31.55,63.57,34.49,29.44,32.0,1004,2.1,90,0.0,75,0,2
2019-10-01 14,31.73,60.58,34.54,29.44,32.0,1004,2.1,90,0.0,75,0,2
2019-10-01 15,31.2,62.58,33.66,29.0,32.0,1003,2.1,70,0.0,75,0,2
2019-10-01 16,30.75,65.07,33.68,28.4,31.0,1003,2.6,80,0.0,75,0,2
2019-10-01 17,29.4,69.88,33.37,28.4,30.0,1003,2.1,90,0.0,75,0,2
2019-10-01 18,28.73,72.7,32.67,28.0,30.0,1004,1.5,90,0.0,75,0,2
2019-10-01 19,27.73,77.62,31.59,27.0,29.0,1007,1.5,90,0.0,75,0,1
2019-10-01 20,27.12,79.5,30.57,26.03,27.0,1008,1.5,140,0.0,40,2,1
2019-10-01 21,26.6,79.88,29.63,25.76,26.0,1009,2.1,170,0.0,40,2,1
2019-10-01 22,25.85,84.0,30.37,25.25,26.0,1009,1.0,90,0.0,40,2,1
2019-10-01 23,25.02,90.12,29.48,24.82,25.8,1009,1.0,90,0.0,40,2,1
2019-10-02 00,24.5,92.92,29.37,24.53,25.8,1010,1.0,90,0.0,40,2,1
2019-10-02 01,24.52,92.17,28.74,24.17,25.2,1010,1.78,104,0.0,40,2,2
2019-10-02 02,24.65,91.35,28.67,24.11,25.2,1009,1.86,101,0.0,40,2,2
2019-10-02 03,24.6,91.3,28.4,23.62,25.2,1009,1.98,130,0.0,40,2,2
2019-10-02 04,24.38,92.05,27.88,23.78,24.06,1010,1.88,134,0.0,20,2,2
2019-10-02 05,23.7,95.55,28.19,24.0,24.62,1010,1.55,135,0.0,40,2,1
2019-10-02 06,23.55,96.53,27.12,23.0,25.0,1010,2.1,90,0.0,40,2,1
2019-10-02 07,24.35,93.38,28.89,25.0,25.6,1011,2.1,90,0.0,40,2,1
2019-10-02 08,26.65,81.6,29.97,25.2,27.0,1012,2.1,70,0.0,20,2,2
2019-10-02 09,28.45,74.88,30.91,25.2,28.0,1012,1.5,100,0.0,40,2,2
2019-10-02 10,29.78,67.98,32.92,27.73,30.0,1009,1.5,90,0.0,40,0,2
2019-10-02 11,30.75,62.35,34.13,29.4,31.0,1008,2.1,70,0.0,40,0,2
2019-10-02 12,31.5,59.45,34.32,29.4,32.0,1007,2.1,70,0.0,75,0,2
2019-10-02 13,32.1,56.33,35.68,30.56,33.0,1006,1.5,90,0.0,75,0,2
2019-10-02 14,33.33,51.45,36.15,31.7,33.0,1009,1.5,290,0.0,75,0,2
2019-10-02 15,33.75,48.95,35.66,29.98,33.0,1005,1.0,20,0.0,40,0,2
2019-10-02 16,33.38,49.67,34.57,29.2,33.0,1004,1.5,30,0.0,40,0,1
2019-10-02 17,32.15,52.75,33.86,29.2,31.0,1004,1.0,290,0.0,20,0,1
2019-10-02 18,30.73,56.88,32.89,29.0,30.6,1004,1.83,48,0.0,20,0,1
2019-10-02 19,29.1,64.35,32.85,28.17,30.56,1004,1.55,60,0.0,20,0,1
2019-10-02 20,26.77,76.28,32.21,26.0,29.0,1009,1.58,77,0.0,20,0,2
2019-10-02 21,27.48,73.4,31.48,26.0,28.0,1009,1.48,110,0.0,20,0,3
2019-10-02 22,26.25,80.12,30.69,25.5,27.0,1010,1.37,151,0.0,20,2,4
2019-10-02 23,25.35,84.53,30.68,25.4,27.0,1010,1.31,180,0.0,20,2,3
2019-10-03 00,24.8,87.4,29.95,25.16,26.2,1010,1.67,211,0.0,20,2,2
2019-10-03 01,24.32,89.92,30.18,24.63,26.0,1009,1.25,233,0.0,20,2,3
2019-10-03 02,24.33,91.05,30.18,25.0,25.81,1009,0.53,251,0.0,20,2,3
2019-10-03 03,24.95,86.7,29.78,24.09,25.6,1009,0.48,167,0.0,20,2,3
2019-10-03 04,24.07,91.15,29.35,23.87,25.0,1009,1.0,340,0.0,40,2,2
2019-10-03 05,23.65,93.68,29.53,24.6,25.0,1010,1.0,340,0.0,40,2,2
2019-10-03 06,23.8,93.6,28.95,24.0,25.0,1010,0.49,93,0.0,40,2,2
2019-10-03 07,24.38,90.9,28.35,25.0,26.6,1011,3.36,26,0.0,40,2,2
2019-10-03 08,27.5,76.53,31.36,25.69,27.0,1012,1.38,43,0.0,40,2,3
2019-10-03 09,29.45,68.67,31.77,26.2,28.0,1012,1.0,70,0.0,40,2,4
2019-10-03 10,31.07,62.6,33.53,28.55,30.8,1008,2.1,240,0.0,40,0,5
2019-10-03 11,32.55,57.75,35.22,30.0,33.0,1008,1.0,180,0.0,40,0,4
2019-10-03 12,33.45,51.8,35.07,30.56,34.0,1007,2.1,240,0.0,40,0,3
2019-10-03 13,32.6,53.05,35.74,33.0,34.0,1010,2.1,250,0.0,40,0,2
2019-10-03 14,32.85,52.17,36.52,32.78,34.0,1009,1.5,340,0.0,40,0,2
2019-10-03 15,34.35,47.08,36.54,31.7,34.0,1008,1.0,250,0.0,75,0,3
2019-10-03 16,33.58,48.25,36.37,31.11,34.0,1004,1.0,50,0.0,40,0,3
2019-10-03 17,32.65,48.02,35.48,30.76,32.0,1004,1.0,340,0.0,40,0,3
2019-10-03 18,30.77,51.92,35.52,29.69,32.0,1005,1.0,90,0.0,40,0,2
2019-10-03 19,29.25,58.93,34.91,28.48,31.11,1005,1.0,90,0.0,40,0,2
2019-10-03 20,29.67,57.1,27.91,21.4,30.56,1007,4.1,250,0.0,90,1,3
2019-10-03 21,23.82,89.35,26.67,21.4,30.56,1006,4.1,250,0.0,90,1,3
2019-10-03 22,22.6,94.93,29.73,22.6,30.0,1005,2.1,140,0.0,40,2,2
2019-10-03 23,23.02,94.62,29.37,22.6,29.44,1006,2.1,140,0.0,40,2,1
2019-10-04 00,23.48,89.45,27.07,22.6,24.28,1012,2.1,140,0.0,40,2,2
2019-10-04 01,23.55,90.15,29.05,23.21,24.55,1011,1.0,110,0.0,40,2,2
2019-10-04 02,23.78,85.55,29.15,23.8,24.6,1010,1.0,110,0.0,40,2,2
2019-10-04 03,23.6,88.95,27.76,22.75,23.8,1010,1.0,110,0.0,40,2,2
2019-10-04 04,22.77,93.8,26.99,22.6,23.0,1011,1.16,349,0.0,40,2,2
2019-10-04 05,23.2,93.45,27.52,22.6,24.02,1011,1.03,338,0.0,40,2,2
2019-10-04 06,23.05,95.17,26.79,22.6,24.01,1011,1.5,260,0.0,75,2,2
2019-10-04 07,24.12,90.35,27.3,23.0,24.7,1012,1.5,260,0.0,75,2,2
2019-10-04 08,25.6,82.2,27.08,23.0,25.0,1012,2.6,270,0.0,40,2,2
2019-10-04 09,26.52,79.47,28.49,24.59,27.0,1013,2.6,290,0.0,40,2,3
2019-10-04 10,28.07,72.75,29.14,26.72,29.0,1013,3.1,290,0.0,40,0,3
2019-10-04 11,29.58,66.93,31.35,28.0,30.0,1009,3.1,320,0.0,40,0,3
2019-10-04 12,30.9,63.52,32.16,29.0,30.0,1008,2.6,320,0.0,40,0,3
2019-10-04 13,31.6,62.6,32.94,30.0,30.52,1011,2.6,320,0.0,40,0,2
2019-10-04 14,31.52,59.6,32.88,30.0,31.0,1010,3.6,340,0.0,40,0,2
2019-10-04 15,31.78,55.22,33.29,27.53,31.0,1006,2.1,340,0.0,40,0,2
2019-10-04 16,30.95,56.5,31.72,27.8,30.0,1005,3.1,340,0.0,40,0,2
2019-10-04 17,29.93,59.33,31.6,27.8,30.0,1009,2.1,340,0.0,40,0,2
2019-10-04 18,28.45,66.25,31.95,27.8,29.1,1009,1.5,240,0.0,40,0,2
2019-10-04 19,27.35,67.22,29.88,25.8,28.0,1010,1.5,240,0.0,40,0,3
2019-10-04 20,26.73,67.38,29.61,25.31,27.0,1010,1.5,270,0.0,40,2,2
2019-10-04 21,25.72,71.47,29.0,25.57,26.1,1010,1.5,270,0.0,40,2,2
2019-10-04 22,24.9,75.88,28.48,24.2,25.0,1010,1.0,250,0.0,40,2,2
2019-10-04 23,24.98,75.2,28.38,24.07,25.0,1010,1.0,250,0.0,40,2,2
2019-10-05 00,24.32,78.35,27.57,23.88,24.32,1010,1.0,250,0.0,40,2,2
2019-10-05 01,24.1,76.92,26.82,22.94,24.0,1010,1.5,200,0.0,40,2,2
2019-10-05 02,23.88,76.6,26.69,22.54,24.0,1010,1.5,200,0.0,40,2,3
2019-10-05 03,23.32,79.65,25.86,22.38,23.8,1010,1.5,200,0.0,40,2,2
2019-10-05 04,22.73,81.47,24.97,22.0,22.56,1010,1.0,250,0.0,40,2,2
2019-10-05 05,22.27,86.07,25.32,22.0,23.51,1011,1.0,250,0.0,40,2,2
2019-10-05 06,22.07,86.78,24.98,22.0,23.39,1011,1.0,190,0.0,40,2,2
2019-10-05 07,22.53,86.57,25.75,22.0,24.02,1012,1.0,190,0.0,40,2,1
2019-10-05 08,24.77,77.22,26.13,23.2,25.0,1012,2.6,270,0.0,20,2,1
2019-10-05 09,27.02,60.12,26.88,23.2,27.0,1013,3.1,270,0.0,20,0,1
2019-10-05 10,28.65,53.38,28.17,26.74,28.8,1013,4.1,270,0.0,1,0,1
2019-10-05 11,29.95,50.67,29.15,28.8,30.0,1009,4.1,290,0.0,1,0,1
2019-10-05 12,31.52,44.38,29.9,29.69,31.0,1008,4.1,290,0.0,1,0,2
2019-10-05 13,32.2,42.4,31.08,30.0,31.49,1011,3.1,320,0.0,20,0,1
2019-10-05 14,32.92,41.17,31.95,31.0,31.67,1011,2.6,320,0.0,40,0,1
2019-10-05 15,32.8,39.4,32.55,29.97,32.0,1010,2.1,290,0.0,40,0,1
2019-10-05 16,32.27,41.2,31.92,29.96,32.0,1006,2.6,340,0.0,40,0,1
2019-10-05 17,31.62,42.95,31.65,29.3,30.56,1006,2.1,270,0.0,20,0,1
2019-10-05 18,29.4,50.25,31.39,28.45,30.0,1010,1.0,290,0.0,20,0,2
2019-10-05 19,27.9,56.0,31.3,27.01,30.56,1006,1.0,290,0.0,20,0,2
2019-10-05 20,26.28,64.12,30.54,25.6,28.0,1010,1.96,32,0.0,20,2,2
2019-10-05 21,24.4,74.45,29.9,24.58,27.0,1011,1.53,340,0.0,20,2,2
2019-10-05 22,24.2,74.25,28.47,23.11,27.0,1011,1.92,305,0.0,20,2,3
2019-10-05 23,24.25,74.0,27.36,22.8,26.0,1011,2.14,297,0.0,20,2,4
2019-10-06 00,25.05,73.85,26.76,22.77,25.0,1011,1.99,305,0.0,20,2,3
2019-10-06 01,24.5,77.18,26.77,21.92,25.0,1011,1.5,270,0.0,20,2,3
2019-10-06 02,24.1,79.85,26.01,21.89,24.0,1011,1.5,270,0.0,20,2,3
2019-10-06 03,23.85,81.47,25.94,21.63,24.0,1011,1.5,270,0.0,20,2,3
2019-10-06 04,23.25,83.67,25.28,21.5,23.0,1011,1.83,309,0.0,20,2,2
2019-10-06 05,23.02,85.32,24.82,22.0,23.0,1011,1.99,305,0.0,20,2,2
2019-10-06 06,23.08,85.58,25.15,22.0,22.77,1012,1.0,240,0.0,40,2,3
2019-10-06 07,23.25,84.33,25.83,22.0,24.4,1012,1.0,240,0.0,40,2,3
2019-10-06 08,24.85,78.32,26.71,23.72,24.4,1013,2.1,250,0.0,40,2,3
2019-10-06 09,27.05,69.45,27.79,23.8,26.0,1013,2.1,280,0.0,20,2,3
2019-10-06 10,28.95,61.75,29.69,26.89,29.2,1013,2.6,280,0.0,20,0,3
2019-10-06 11,30.55,55.35,30.39,29.0,30.02,1009,3.1,270,0.0,20,0,3
2019-10-06 12,31.65,50.62,31.56,30.0,31.0,1008,3.1,290,0.0,20,0,3
2019-10-06 13,32.62,43.3,33.04,31.0,32.0,1011,2.1,270,0.0,40,0,2
2019-10-06 14,32.85,42.0,34.41,31.0,32.07,1010,1.5,50,0.0,40,0,2
2019-10-06 15,33.15,38.62,33.46,30.13,33.0,1006,2.1,250,0.0,40,0,2
2019-10-06 16,33.05,39.52,32.62,28.6,33.0,1006,1.5,280,0.0,40,0,2
2019-10-06 17,31.25,42.23,32.53,28.6,31.0,1006,1.0,340,0.0,40,0,2
2019-10-06 18,29.15,47.67,30.9,28.6,30.0,1007,1.5,280,0.0,40,0,3
2019-10-06 19,27.55,56.35,30.47,27.55,30.56,1006,1.5,280,0.0,40,0,3
2019-10-06 20,26.97,61.55,30.4,25.4,27.86,1011,1.0,290,0.0,40,2,3
2019-10-06 21,26.38,64.05,29.92,24.92,27.0,1011,1.0,290,0.0,40,2,3
2019-10-06 22,26.1,65.65,28.85,23.59,26.0,1012,1.0,290,0.0,40,2,3
2019-10-06 23,25.53,70.97,28.73,23.29,26.0,1012,1.0,290,0.0,40,2,3
2019-10-07 00,25.15,75.28,28.2,23.4,25.28,1012,1.0,290,0.0,40,2,3
2019-10-07 01,24.8,79.6,27.92,22.78,25.0,1012,1.0,250,0.0,40,2,3
2019-10-07 02,24.52,81.85,27.93,22.93,25.0,1012,1.0,250,0.0,40,2,3
2019-10-07 03,24.45,83.07,26.89,21.9,24.0,1012,1.0,250,0.0,40,2,3
2019-10-07 04,24.15,86.7,27.39,22.25,24.0,1012,1.0,250,0.0,40,2,3
2019-10-07 05,23.83,89.48,26.94,23.0,23.68,1012,1.0,250,0.0,40,2,3
2019-10-07 06,23.9,89.6,26.88,22.92,23.49,1013,1.0,250,0.0,40,2,3
2019-10-07 07,23.75,89.95,28.05,23.81,24.8,1014,1.0,260,0.0,40,2,3
2019-10-07 08,24.65,86.58,27.4,24.0,25.0,1014,2.1,250,0.0,40,2,3
2019-10-07 09,26.77,75.88,28.64,24.2,27.0,1015,2.6,260,0.0,40,2,4
2019-10-07 10,29.23,56.9,29.04,26.97,29.44,1011,2.6,340,0.0,40,0,4
2019-10-07 11,29.48,50.67,30.59,29.0,30.0,1011,2.1,270,0.0,75,0,3
2019-10-07 12,30.8,45.52,30.38,29.0,30.0,1010,2.6,340,0.0,75,0,2
2019-10-07 13,30.85,44.75,30.49,30.0,31.7,1013,3.1,280,0.0,75,0,2
2019-10-07 14,31.77,44.35,30.41,30.0,31.94,1012,3.6,230,0.0,75,0,2
2019-10-07 15,31.77,41.25,31.13,29.59,32.0,1008,3.1,270,0.0,40,0,1
2019-10-07 16,31.72,42.42,31.99,28.2,32.0,1008,1.5,240,0.0,40,0,1
2019-10-07 17,30.52,49.67,32.54,29.0,30.0,1007,2.1,250,0.0,1,0,1
2019-10-07 18,29.05,50.93,31.91,28.0,30.0,1007,2.1,250,0.0,1,0,2
2019-10-07 19,27.95,57.05,31.14,27.0,30.0,1008,2.1,250,0.0,1,0,2
2019-10-07 20,27.4,59.8,25.87,25.31,27.0,1012,4.6,310,0.0,1,0,2
2019-10-07 21,26.55,61.92,25.84,24.52,26.0,1012,4.1,310,0.0,1,0,2
2019-10-07 22,25.9,64.12,27.18,23.25,26.0,1012,2.1,270,0.0,2,0,2
2019-10-07 23,25.48,64.75,26.43,23.22,25.0,1012,2.1,270,0.0,2,0,2
2019-10-08 00,24.9,67.47,26.4,23.14,25.0,1012,2.1,270,0.0,5,0,2
2019-10-08 01,24.5,68.43,26.91,22.28,25.0,1012,1.0,270,0.0,1,2,2
2019-10-08 02,23.83,70.4,26.11,22.02,24.0,1012,1.0,270,0.0,1,2,2
2019-10-08 03,23.38,72.5,25.64,20.79,24.0,1012,1.0,270,0.0,3,2,2
2019-10-08 04,22.9,74.22,23.92,20.72,22.0,1011,1.0,270,0.0,0,2,2
2019-10-08 05,22.92,75.33,22.66,22.0,22.23,1012,3.1,300,0.0,1,2,2
2019-10-08 06,22.6,78.25,23.38,21.0,22.2,1012,1.0,240,0.0,0,2,2
2019-10-08 07,22.48,80.12,24.58,22.0,24.0,1013,1.0,240,0.0,1,2,2
2019-10-08 08,25.23,68.7,24.94,22.2,24.0,1014,2.1,250,0.0,1,2,2
2019-10-08 09,27.55,59.95,24.81,22.2,26.0,1014,4.1,240,0.0,1,0,2
2019-10-08 10,29.23,54.27,27.8,26.0,29.8,1010,4.1,240,0.0,1,0,2
2019-10-08 11,30.0,51.95,31.44,28.0,30.0,1010,1.0,340,0.0,1,0,2
2019-10-08 12,31.0,45.67,29.45,29.0,31.0,1009,3.6,260,0.0,1,0,2
2019-10-08 13,31.9,39.88,29.91,29.44,32.0,1008,4.1,260,0.0,1,0,2
2019-10-08 14,32.3,37.72,31.04,29.44,32.17,1007,2.6,270,0.0,1,0,1
2019-10-08 15,32.33,37.85,30.7,29.44,32.0,1007,2.6,250,0.0,1,0,1
2019-10-08 16,32.08,37.32,30.79,28.2,32.0,1007,2.6,260,0.0,1,0,1
2019-10-08 17,30.93,39.52,29.89,28.8,30.11,1006,2.6,250,0.0,1,0,1
2019-10-08 18,28.75,46.62,30.98,28.0,31.45,1007,1.0,250,0.0,1,0,1
2019-10-08 19,27.12,51.55,30.15,27.35,29.0,1011,1.0,250,0.0,1,0,2
2019-10-08 20,25.62,58.05,29.0,24.67,27.0,1012,1.63,99,0.0,1,0,2
2019-10-08 21,24.38,64.68,27.24,24.2,25.0,1012,1.9,122,0.0,2,0,3
2019-10-08 22,23.7,70.6,26.96,22.84,25.0,1012,1.79,140,0.0,0,2,4
2019-10-08 23,22.85,76.53,26.92,22.77,25.0,1012,1.8,156,0.0,1,2,4
2019-10-09 00,22.45,79.55,26.97,22.8,25.0,1012,1.82,167,0.0,2,2,4
2019-10-09 01,21.65,84.35,25.94,22.0,24.0,1012,1.89,166,0.0,5,2,3
2019-10-09 02,21.02,86.78,25.61,21.24,24.0,1012,1.9,155,0.0,4,2,3
2019-10-09 03,20.7,89.03,25.86,20.76,24.0,1012,1.07,114,0.0,9,2,3
2019-10-09 04,20.52,89.15,25.23,20.94,23.0,1012,1.21,96,0.0,6,2,3
2019-10-09 05,20.25,87.4,24.85,22.35,23.0,1012,1.56,106,0.0,1,2,2
2019-10-09 06,20.0,89.03,25.4,22.0,23.0,1013,1.67,116,0.0,9,2,3
2019-10-09 07,21.12,86.0,26.17,22.0,24.6,1014,2.11,128,0.0,1,2,3
2019-10-09 08,25.35,68.6,27.96,23.0,26.0,1014,1.0,90,0.0,1,2,4
2019-10-09 09,27.85,56.73,28.7,23.8,28.0,1014,1.5,100,0.0,1,2,5
2019-10-09 10,30.15,48.8,31.46,27.91,29.44,1010,1.5,180,0.0,1,2,4
2019-10-09 11,31.75,41.2,32.51,30.0,31.02,1014,2.1,200,0.0,1,0,3
2019-10-09 12,32.52,37.42,33.68,31.0,31.23,1013,1.5,160,0.0,1,0,3
2019-10-09 13,33.17,35.0,32.64,31.0,33.0,1012,1.53,194,0.0,40,0,2
2019-10-09 14,34.1,32.42,33.32,31.8,34.0,1011,1.0,320,0.0,40,0,2
2019-10-09 15,33.85,32.28,32.55,29.45,33.0,1006,2.1,340,0.0,40,0,2
2019-10-09 16,33.1,34.02,32.4,28.2,32.0,1006,1.5,220,0.0,40,0,2
2019-10-09 17,30.9,39.95,32.3,28.2,32.0,1007,1.0,270,0.0,20,0,2
2019-10-09 18,29.83,42.75,31.76,29.34,31.33,1006,2.1,340,0.0,40,0,2
2019-10-09 19,28.65,48.4,30.92,27.74,30.56,1005,2.1,340,0.0,40,0,3
2019-10-09 20,27.97,52.0,30.09,25.95,28.46,1011,1.85,94,0.0,20,0,4
2019-10-09 21,26.6,57.75,29.16,25.76,27.79,1011,1.87,70,0.0,20,0,4
2019-10-09 22,25.6,61.38,29.34,24.2,27.0,1011,1.85,55,0.0,20,2,3
2019-10-09 23,24.88,64.28,28.43,24.2,26.0,1011,1.73,40,0.0,20,2,3
2019-10-10 00,24.6,65.4,28.4,24.07,26.0,1011,1.64,31,0.0,20,2,3
2019-10-10 01,23.58,68.8,26.37,22.45,24.0,1011,1.55,26,0.0,20,2,4
2019-10-10 02,22.6,73.8,26.42,22.54,24.0,1011,1.38,30,0.0,20,2,4
2019-10-10 03,21.7,78.75,24.93,20.7,23.0,1011,1.48,60,0.0,20,2,4
2019-10-10 04,21.65,80.35,25.15,20.87,23.0,1011,1.39,74,0.0,20,2,5
2019-10-10 05,21.52,81.4,25.52,21.2,23.3,1011,1.55,84,0.0,20,2,5
2019-10-10 06,21.25,83.95,24.36,21.82,22.74,1012,1.38,90,0.0,20,2,5
2019-10-10 07,21.25,85.53,25.48,22.0,24.0,1012,1.39,100,0.0,20,2,5
2019-10-10 08,25.05,72.53,27.84,23.6,26.0,1013,1.0,250,0.0,1,2,5
2019-10-10 09,28.98,55.02,29.74,23.6,29.44,1010,1.0,180,0.0,1,0,5
2019-10-10 10,30.3,51.8,31.62,28.16,30.0,1010,1.5,60,0.0,1,0,5
2019-10-10 11,31.23,50.03,32.92,29.44,32.0,1009,1.0,70,0.0,1,0,5
2019-10-10 12,32.55,42.27,32.27,30.0,31.0,1008,1.5,70,0.0,1,0,5
2019-10-10 13,33.82,31.35,33.54,31.8,32.01,1011,1.0,340,0.0,40,0,4
2019-10-10 14,33.55,33.58,34.6,32.01,34.0,1011,1.0,250,0.0,40,0,2
2019-10-10 15,33.8,32.8,32.2,30.04,33.0,1006,2.1,340,0.0,40,0,2
2019-10-10 16,32.27,39.58,31.37,28.2,33.0,1006,1.0,240,0.0,40,0,3
2019-10-10 17,31.1,42.2,33.26,29.21,31.0,1006,1.5,340,0.0,90,0,3
2019-10-10 18,29.9,45.33,32.87,28.2,31.4,1007,1.5,60,0.0,1,0,4
2019-10-10 19,28.73,49.92,31.72,27.16,30.56,1006,1.5,60,0.0,1,0,4
2019-10-10 20,27.7,53.62,29.7,25.05,28.0,1011,2.04,60,0.0,2,0,6
2019-10-10 21,27.12,55.88,28.82,25.06,27.0,1011,2.24,41,0.0,1,0,5
2019-10-10 22,26.6,57.6,28.9,23.6,27.0,1011,2.38,21,0.0,0,0,5
2019-10-10 23,24.77,65.75,28.02,23.41,26.0,1011,1.94,353,0.0,0,0,5
2019-10-11 00,23.4,71.48,27.36,23.03,25.51,1011,1.96,334,0.0,0,0,5
2019-10-11 01,22.9,75.25,26.32,21.83,24.28,1010,2.05,327,0.0,0,0,5
2019-10-11 02,22.0,80.12,25.57,21.92,24.28,1010,2.13,328,0.0,0,0,5
2019-10-11 03,21.3,84.58,24.03,19.86,22.4,1010,1.8,337,0.0,0,0,5
2019-10-11 04,20.92,87.25,23.64,20.49,22.0,1010,1.89,334,0.0,0,0,5
2019-10-11 05,20.7,87.5,24.22,21.73,22.22,1011,1.5,230,0.0,1,2,5
2019-10-11 06,21.08,85.78,23.97,21.75,22.94,1011,2.0,358,0.0,0,2,5
2019-10-11 07,21.32,86.2,24.86,22.0,24.0,1012,1.41,9,0.0,1,2,5
2019-10-11 08,24.95,72.42,26.22,22.0,24.0,1013,1.0,250,0.0,1,2,5
2019-10-11 09,27.77,62.17,28.27,22.4,29.44,1010,3.0,340,0.0,1,0,5
2019-10-11 10,29.95,51.67,31.34,28.21,29.44,1010,1.0,340,0.0,1,0,5
2019-10-11 11,31.25,43.77,31.83,29.44,32.0,1010,1.5,230,0.0,1,0,5
2019-10-11 12,32.38,35.47,32.15,30.56,32.0,1012,1.5,260,0.0,1,0,3
2019-10-11 13,32.9,33.65,32.78,31.2,32.14,1011,1.5,260,0.0,1,0,3
2019-10-11 14,33.75,26.88,32.93,31.2,33.0,1010,2.1,23,0.0,1,0,2
2019-10-11 15,33.83,27.27,32.41,30.0,32.0,1006,1.5,340,0.0,1,0,2
2019-10-11 16,32.95,32.2,31.98,28.8,32.0,1006,1.5,230,0.0,1,0,2
2019-10-11 17,31.38,38.02,32.19,28.8,31.0,1007,1.0,50,0.0,1,0,3
2019-10-11 18,29.47,46.35,30.92,28.44,30.56,1007,2.34,21,0.0,1,0,3
2019-10-11 19,27.12,57.75,30.42,27.1,30.56,1006,2.41,38,0.0,1,0,4
2019-10-11 20,27.68,56.7,29.78,25.49,28.0,1010,2.31,47,0.0,20,0,4
2019-10-11 21,26.1,62.8,29.37,25.53,27.28,1011,2.11,56,0.0,20,0,4
2019-10-11 22,24.9,70.5,29.85,23.94,27.0,1011,1.0,270,0.0,5,2,4
2019-10-11 23,25.08,70.38,28.61,22.9,26.0,1011,1.0,270,0.0,8,2,4
2019-10-12 00,25.45,71.47,27.82,22.86,25.0,1011,1.0,270,0.0,1,2,4
2019-10-12 01,24.45,76.65,27.68,22.15,25.0,1010,0.87,223,0.0,2,2,5
2019-10-12 02,23.7,80.35,26.53,21.87,24.0,1010,1.36,239,0.0,2,2,5
2019-10-12 03,23.18,83.42,26.06,20.64,24.0,1010,1.34,295,0.0,2,2,5
2019-10-12 04,22.35,87.12,25.98,20.81,24.0,1011,1.36,299,0.0,1,2,5
2019-10-12 05,22.35,86.85,24.91,21.8,22.09,1011,1.33,311,0.0,0,2,5
2019-10-12 06,21.65,90.15,24.79,21.8,22.12,1012,1.15,332,0.0,20,2,5
2019-10-12 07,21.93,88.82,26.31,22.0,24.0,1013,0.84,355,0.0,1,2,5
2019-10-12 08,25.68,74.55,27.75,23.2,25.0,1013,1.0,250,0.0,1,2,5
2019-10-12 09,28.02,65.7,29.12,23.2,27.0,1014,1.0,210,0.0,1,7,5
2019-10-12 10,30.32,56.22,32.0,29.07,30.0,1010,2.6,250,0.0,1,7,5
2019-10-12 11,31.95,48.05,33.52,29.44,31.12,1010,1.0,50,0.0,1,7,5
2019-10-12 12,32.9,43.48,32.94,29.44,33.0,1009,2.1,340,0.0,20,0,4
2019-10-12 13,33.17,41.62,34.0,32.0,33.0,1012,2.1,10,0.0,40,0,3
2019-10-12 14,33.65,38.88,35.13,31.4,33.0,1011,1.0,70,0.0,40,0,3
2019-10-12 15,33.5,35.83,33.83,30.0,33.0,1007,1.5,40,0.0,40,0,2
2019-10-12 16,32.8,40.48,33.89,29.0,32.0,1007,1.0,30,0.0,40,0,3
2019-10-12 17,31.67,42.7,33.57,29.0,31.0,1007,1.0,20,0.0,20,0,3
2019-10-12 18,29.93,44.2,33.1,28.47,30.56,1007,1.0,340,0.0,20,0,3
2019-10-12 19,27.85,49.88,31.99,25.6,30.0,1012,1.9,32,0.0,7,0,3
2019-10-12 20,26.07,58.33,30.0,25.59,28.0,1012,1.85,43,0.0,12,0,4
2019-10-12 21,25.62,62.1,29.81,25.55,28.0,1012,2.07,58,0.0,2,0,5
2019-10-12 22,24.8,67.68,29.26,24.0,27.0,1012,1.83,84,0.0,2,2,5
2019-10-12 23,24.25,71.12,28.75,24.0,26.0,1012,1.18,134,0.0,2,2,5
2019-10-13 00,24.77,69.03,28.72,24.0,26.0,1012,0.99,174,0.0,7,2,5
2019-10-13 01,23.23,77.03,27.43,22.83,25.0,1012,1.01,196,0.0,2,2,5
2019-10-13 02,22.47,80.15,27.52,23.0,25.0,1012,0.93,215,0.0,0,2,6
2019-10-13 03,21.77,84.0,26.42,21.76,24.0,1011,0.92,263,0.0,0,2,6
2019-10-13 04,21.5,87.45,26.19,21.56,24.0,1012,1.12,264,0.0,0,2,6
2019-10-13 05,21.32,88.65,25.55,21.8,23.0,1012,1.29,280,0.0,0,2,5
2019-10-13 06,21.27,89.9,24.79,21.8,22.8,1012,1.39,292,0.0,20,2,5
2019-10-13 07,21.93,86.77,25.58,22.0,24.12,1013,1.22,299,0.0,1,2,5
2019-10-13 08,25.18,75.8,27.27,22.4,25.0,1014,1.0,250,0.0,1,2,5
2019-10-13 09,27.8,62.33,28.84,22.4,27.0,1014,1.5,260,0.0,1,0,6
2019-10-13 10,29.98,53.9,32.34,29.0,30.2,1010,1.0,260,0.0,1,0,6
2019-10-13 11,31.23,49.55,33.51,30.0,31.59,1010,1.5,270,0.0,1,0,5
2019-10-13 12,32.67,43.88,32.77,30.0,32.11,1009,2.6,260,0.0,1,0,5
2019-10-13 13,33.12,42.55,33.76,32.0,33.29,1012,2.6,260,0.0,1,0,5
2019-10-13 14,33.38,43.15,35.17,31.2,33.33,1011,1.0,230,0.0,1,0,5
2019-10-13 15,33.17,41.67,33.54,30.56,33.0,1007,2.1,280,0.0,40,0,4
2019-10-13 16,32.6,42.7,33.08,30.55,32.0,1007,2.1,320,0.0,40,0,3
2019-10-13 17,32.15,39.23,33.13,29.88,31.0,1011,1.0,270,0.0,20,0,3
2019-10-13 18,29.77,42.02,32.22,29.0,30.6,1007,1.0,280,0.0,1,0,3
2019-10-13 19,27.08,51.9,31.22,28.01,29.0,1011,1.0,280,0.0,1,0,3
2019-10-13 20,25.62,57.97,29.32,24.8,28.0,1008,1.98,60,0.0,20,0,4
2019-10-13 21,25.05,60.33,28.13,26.31,28.33,1007,2.21,58,0.0,1,0,5
2019-10-13 22,23.88,67.43,28.81,22.2,26.08,1013,1.58,78,0.0,20,2,5
2019-10-13 23,23.73,68.88,28.6,22.2,26.0,1013,1.02,148,0.0,20,2,5
2019-10-14 00,23.77,70.95,27.74,22.2,25.0,1013,1.34,176,0.0,20,2,5
2019-10-14 01,23.1,77.3,27.51,21.8,25.16,1013,1.37,189,0.0,20,2,5
2019-10-14 02,22.78,81.03,26.98,21.8,24.71,1013,0.91,214,0.0,20,2,5
2019-10-14 03,22.45,84.25,25.94,21.8,23.52,1012,0.94,344,0.0,20,2,5
2019-10-14 04,21.77,88.67,24.91,21.2,23.36,1012,1.34,0,0.0,20,2,5
2019-10-14 05,21.35,91.9,24.75,21.0,24.45,1013,1.58,5,0.0,20,2,5
2019-10-14 06,21.15,92.72,24.52,21.0,24.51,1013,1.71,14,0.0,20,2,5
2019-10-14 07,21.5,92.03,26.14,21.0,24.51,1014,1.24,12,0.0,20,2,5
2019-10-14 08,24.73,78.22,27.38,22.4,25.0,1014,1.0,320,0.0,20,2,5
2019-10-14 09,28.1,63.3,30.32,22.4,29.44,1011,1.0,250,0.0,1,0,5
2019-10-14 10,30.67,54.38,32.84,29.27,30.0,1011,1.5,240,0.0,1,0,5
2019-10-14 11,31.7,50.92,33.3,29.44,31.64,1011,1.0,340,0.0,1,0,5
2019-10-14 12,32.7,45.9,34.38,30.6,32.06,1014,1.5,340,0.0,20,0,4
2019-10-14 13,33.55,39.97,34.5,31.6,33.43,1013,2.1,260,0.0,20,0,4
2019-10-14 14,34.03,37.42,34.65,31.6,34.0,1012,1.5,20,0.0,20,0,3
2019-10-14 15,33.9,37.65,34.34,30.0,34.0,1009,1.0,20,0.0,20,0,3
2019-10-14 16,33.15,41.62,33.39,30.26,32.0,1008,1.0,350,0.0,20,0,3
2019-10-14 17,32.08,42.83,33.58,29.12,31.67,1009,1.0,20,0.0,40,0,3
2019-10-14 18,29.73,49.15,33.24,28.87,30.8,1008,2.1,63,0.0,1,0,3
2019-10-14 19,26.7,61.78,31.95,27.83,29.0,1012,2.17,70,0.0,1,0,4
2019-10-14 20,25.8,65.8,30.63,24.8,28.0,1013,2.05,77,0.0,10,2,5
2019-10-14 21,24.7,72.47,29.82,24.8,27.0,1013,1.71,89,0.0,7,2,5
2019-10-14 22,24.03,75.95,28.13,22.8,26.0,1014,2.06,113,0.0,8,2,5
2019-10-14 23,23.15,80.32,27.24,22.8,25.0,1013,1.86,148,0.0,7,2,6
2019-10-15 00,22.57,83.35,27.25,22.66,25.0,1013,1.72,188,0.0,5,2,5
2019-10-15 01,22.48,84.32,25.31,21.64,23.0,1013,1.57,210,0.0,1,2,5
2019-10-15 02,22.2,84.62,25.92,22.0,23.55,1013,1.2,214,0.0,1,2,5
2019-10-15 03,21.4,89.05,26.24,22.0,23.0,1013,0.53,157,0.0,1,2,5
2019-10-15 04,21.1,90.9,25.5,22.47,23.0,1013,0.81,109,0.0,1,2,5
2019-10-15 05,21.35,92.1,25.73,21.4,24.04,1013,0.97,111,0.0,1,2,5
2019-10-15 06,21.25,92.83,24.96,21.4,23.87,1014,1.27,129,0.0,1,0,5
2019-10-15 07,21.52,91.3,25.43,22.0,24.05,1014,1.25,139,0.0,1,0,5
2019-10-15 08,24.62,80.08,28.66,22.2,27.0,1014,0.92,154,0.0,1,2,5
2019-10-15 09,28.68,63.5,30.55,22.2,29.44,1012,1.0,90,0.0,1,7,5
2019-10-15 10,31.15,52.05,32.88,28.86,31.0,1012,1.0,130,0.0,1,0,5
2019-10-15 11,32.62,45.8,34.25,30.95,32.0,1015,1.0,230,0.0,1,0,5
2019-10-15 12,33.55,40.12,33.85,30.0,32.0,1014,2.1,240,0.0,1,0,5
2019-10-15 13,34.25,34.78,35.96,32.6,34.0,1014,1.0,240,0.0,1,0,5
2019-10-15 14,34.6,32.05,35.29,32.6,34.0,1013,2.1,340,0.0,1,0,4
2019-10-15 15,34.92,30.55,34.2,30.0,34.0,1009,2.1,60,0.0,1,0,4
2019-10-15 16,34.17,31.05,34.6,29.8,34.0,1009,1.0,60,0.0,1,0,3
2019-10-15 17,32.38,38.32,34.12,29.8,32.0,1009,1.5,20,0.0,1,0,3
2019-10-15 18,28.85,53.38,33.22,29.36,30.56,1009,2.11,68,0.0,1,0,4
2019-10-15 19,25.98,66.3,32.43,28.29,30.56,1010,2.15,75,0.0,1,0,5
2019-10-15 20,25.38,72.42,28.46,25.72,28.0,1014,1.5,60,0.0,1,0,5
2019-10-15 21,25.12,77.4,27.08,25.55,27.0,1014,2.1,70,0.0,1,0,5
2019-10-15 22,24.7,82.38,29.16,23.8,26.0,1014,1.0,90,0.0,2,2,5
2019-10-15 23,23.95,87.55,28.87,23.55,26.0,1014,1.0,90,0.0,4,2,5
2019-10-16 00,24.18,84.68,28.22,23.62,25.0,1014,1.0,90,0.0,1,2,5
2019-10-16 01,23.18,89.35,27.14,22.43,25.0,1014,1.87,118,0.0,1,2,5
2019-10-16 02,22.75,92.1,27.43,22.65,25.0,1014,1.55,123,0.0,3,2,5
2019-10-16 03,22.4,93.18,27.38,22.61,25.0,1014,1.75,117,0.0,1,2,5
2019-10-16 04,22.15,94.03,26.62,22.13,24.0,1014,1.61,119,0.0,0,2,5
2019-10-16 05,22.05,94.3,27.07,22.2,24.49,1014,1.37,126,0.0,0,2,5
2019-10-16 06,21.8,94.3,26.55,22.2,24.23,1015,1.45,127,0.0,0,2,5
2019-10-16 07,21.93,94.33,27.22,23.0,25.0,1016,1.99,126,0.0,1,2,5
2019-10-16 08,24.62,84.78,28.0,23.0,26.0,1016,1.61,132,0.0,1,2,5
2019-10-16 09,28.45,66.82,30.03,23.0,30.0,1013,1.47,140,0.0,1,0,5
2019-10-16 10,31.02,54.9,33.11,29.19,31.0,1012,1.3,145,0.0,1,0,5
2019-10-16 11,32.5,48.97,33.21,30.0,32.0,1012,2.1,90,0.0,1,0,5
2019-10-16 12,33.0,44.35,33.98,29.6,33.0,1010,2.1,70,0.0,1,0,5
2019-10-16 13,33.53,41.35,35.75,32.0,33.0,1013,1.0,0,0.0,1,7,5
2019-10-16 14,33.42,41.1,34.77,31.0,33.24,1013,1.5,50,0.0,1,7,5
2019-10-16 15,33.22,40.9,34.33,30.55,34.0,1009,1.0,90,0.0,1,7,5
2019-10-16 16,32.77,39.58,33.75,29.0,33.0,1008,1.0,60,0.0,1,7,5
2019-10-16 17,31.6,43.85,34.82,29.0,32.0,1008,1.0,50,0.0,1,7,5
2019-10-16 18,30.23,50.47,34.1,29.0,31.11,1009,1.5,30,0.0,1,7,5
2019-10-16 19,28.98,55.38,32.33,27.46,30.0,1013,1.5,30,0.0,1,7,5
2019-10-16 20,28.5,57.75,30.52,25.99,28.0,1013,2.4,79,0.0,10,2,5
2019-10-16 21,26.9,66.85,30.61,26.06,28.0,1014,2.33,84,0.0,7,2,5
2019-10-16 22,27.0,65.1,30.51,24.6,27.0,1014,1.0,70,0.0,5,2,5
2019-10-16 23,26.73,65.5,30.25,24.4,27.0,1014,1.0,70,0.0,3,2,5
2019-10-17 00,25.98,68.25,29.59,24.53,26.0,1014,1.0,70,0.0,9,2,5
2019-10-17 01,25.1,72.47,27.87,23.15,25.0,1014,1.55,141,0.0,5,2,5
2019-10-17 02,23.9,78.72,27.11,23.2,24.0,1014,1.57,138,0.0,8,2,5
2019-10-17 03,22.77,83.88,26.72,22.16,24.0,1014,1.6,134,0.0,7,2,5
2019-10-17 04,22.55,83.25,26.2,22.08,24.0,1014,1.48,135,0.0,1,2,5
2019-10-17 05,22.02,84.72,26.59,22.2,24.0,1014,1.35,136,0.0,5,2,5
2019-10-17 06,23.62,76.43,26.37,22.2,24.0,1015,1.0,70,0.0,6,2,5
2019-10-17 07,23.6,78.45,26.87,23.0,24.8,1015,1.0,70,0.0,1,2,5
2019-10-17 08,25.02,72.3,27.79,23.0,26.0,1016,1.0,70,0.0,1,2,5
2019-10-17 09,26.85,65.3,28.31,23.0,28.0,1016,2.1,60,0.0,1,7,5
2019-10-17 10,29.3,57.17,31.45,27.9,30.0,1012,2.6,80,0.0,1,7,5
2019-10-17 11,30.95,51.65,34.0,29.8,31.0,1012,1.0,90,0.0,1,7,5
2019-10-17 12,32.5,46.32,33.83,29.8,33.0,1010,1.5,60,0.0,1,7,5
2019-10-17 13,33.08,40.88,35.24,31.4,33.0,1013,1.5,40,0.0,1,7,4
2019-10-17 14,33.75,38.67,34.3,31.4,33.0,1013,2.1,200,0.0,1,7,4
2019-10-17 15,33.5,38.05,33.9,30.12,33.0,1008,1.5,70,0.0,1,7,3
2019-10-17 16,33.12,37.45,33.07,28.01,33.0,1008,1.5,50,0.0,1,7,3
2019-10-17 17,31.6,43.15,34.1,27.67,31.11,1008,1.0,70,0.0,1,7,3
2019-10-17 18,29.83,48.38,33.46,27.32,31.11,1008,1.0,70,0.0,1,0,4
2019-10-17 19,27.85,55.8,32.69,26.79,31.11,1008,1.0,70,0.0,1,0,4
2019-10-17 20,26.5,62.3,29.82,25.73,27.26,1013,1.84,105,0.0,3,0,5
2019-10-17 21,26.78,59.92,28.97,25.47,26.86,1013,1.85,100,0.0,0,0,5
2019-10-17 22,25.7,63.95,28.46,24.0,26.0,1013,1.9,102,0.0,0,2,5
2019-10-17 23,24.4,70.2,27.64,24.0,25.0,1013,1.79,110,0.0,0,2,5
2019-10-18 00,23.5,74.85,27.76,24.0,25.0,1013,1.73,124,0.0,0,2,5
2019-10-18 01,23.05,77.58,27.18,22.97,25.0,1013,1.71,133,0.0,0,2,4
2019-10-18 02,,,27.16,23.01,25.0,1013,1.7,135,0.0,0,2,6
2019-10-18 03,,,26.59,21.5,25.0,1013,1.82,133,0.0,0,2,6
2019-10-18 04,,,25.71,21.24,24.0,1013,1.5,90,0.0,0,2,6
2019-10-18 05,,,26.04,22.2,24.0,1013,1.5,90,0.0,0,2,6
2019-10-18 06,,,25.15,22.0,23.0,1014,1.93,124,0.0,0,2,6
2019-10-18 07,,,25.19,22.0,24.6,1015,2.44,120,0.0,1,2,6
2019-10-18 08,,,27.5,22.8,26.0,1015,1.5,110,0.0,1,0,6
2019-10-18 09,,,29.91,22.8,30.0,1012,1.5,100,0.0,1,0,6
2019-10-18 10,30.2,53.5,31.93,28.74,30.0,1012,2.1,90,0.0,1,0,6
2019-10-18 11,31.4,49.8,33.3,29.6,32.0,1012,2.1,70,0.0,1,0,5
2019-10-18 12,32.67,45.1,33.41,29.6,33.0,1011,2.1,90,0.0,1,0,4
2019-10-18 13,33.4,42.17,33.98,31.6,34.0,1014,2.6,110,0.0,1,0,3
2019-10-18 14,33.65,40.7,35.72,31.6,34.0,1013,1.5,110,0.0,1,0,3
2019-10-18 15,33.67,39.53,34.05,30.09,34.0,1012,2.6,60,0.0,1,0,3
2019-10-18 16,32.52,41.4,33.96,28.59,34.0,1008,2.1,80,0.0,40,0,2
2019-10-18 17,31.27,45.02,33.43,28.8,31.11,1008,1.5,90,0.0,40,0,2
2019-10-18 18,29.6,50.28,30.99,26.0,31.11,1009,1.0,80,0.0,40,0,3
2019-10-18 19,27.0,57.27,30.04,25.0,31.11,1010,1.0,80,0.0,40,0,4
2019-10-18 20,25.75,48.27,23.98,25.74,26.49,1014,4.6,340,0.0,40,0,3
2019-10-18 21,26.58,40.48,23.05,24.97,26.2,1015,4.6,340,0.0,40,0,2
2019-10-18 22,25.65,45.3,25.7,23.83,25.0,1014,1.0,110,0.0,40,0,2
2019-10-18 23,24.32,54.0,25.83,23.87,25.06,1014,1.0,110,0.0,40,0,2
2019-10-19 00,24.25,54.6,25.14,23.56,25.0,1014,1.0,110,0.0,40,0,2
2019-10-19 01,23.93,57.58,24.69,22.42,24.0,1015,1.02,72,0.0,40,0,2
2019-10-19 02,23.4,61.8,24.63,22.19,23.8,1014,0.54,45,0.0,40,0,2
2019-10-19 03,23.25,64.5,24.22,22.5,23.8,1014,1.25,319,0.0,40,0,2
2019-10-19 04,22.77,66.08,25.26,21.6,23.05,1014,0.42,194,0.0,40,2,3
2019-10-19 05,22.1,67.6,24.25,21.6,23.52,1015,1.03,329,0.0,40,2,4
2019-10-19 06,21.65,70.25,23.73,21.6,23.45,1016,1.0,340,0.0,40,0,3
2019-10-19 07,22.2,68.4,24.6,21.6,23.92,1017,1.0,340,0.0,40,0,3
2019-10-19 08,23.67,62.25,25.58,21.6,25.0,1018,1.0,250,0.0,40,0,3
2019-10-19 09,25.05,65.2,26.14,21.6,26.0,1018,1.5,40,0.0,40,0,4
2019-10-19 10,26.9,59.77,30.08,27.0,29.44,1014,1.0,270,0.0,40,0,5
2019-10-19 11,29.2,53.38,31.6,28.4,29.95,1014,1.0,90,0.0,40,0,5
2019-10-19 12,31.12,43.3,31.57,29.77,30.03,1013,1.0,60,0.0,40,0,5
2019-10-19 13,32.28,39.12,33.45,31.0,32.05,1016,1.0,80,0.0,40,0,4
2019-10-19 14,32.62,38.25,33.39,30.56,32.19,1015,1.5,70,0.0,20,7,4
2019-10-19 15,32.92,37.65,32.85,30.0,32.0,1011,2.1,50,0.0,20,7,4
2019-10-19 16,32.8,36.65,33.55,29.51,32.0,1010,1.0,20,0.0,1,0,3
2019-10-19 17,31.1,41.38,32.87,28.63,30.56,1010,1.0,340,0.0,75,0,2
2019-10-19 18,27.77,50.1,31.11,28.0,29.8,1014,2.0,13,0.0,75,0,3
2019-10-19 19,25.45,58.85,30.96,27.32,28.0,1014,0.7,78,0.0,75,0,3
2019-10-19 20,25.6,59.65,30.22,24.6,27.22,1015,1.0,290,0.0,20,2,4
2019-10-19 21,26.15,57.75,30.4,24.6,27.07,1015,1.0,290,0.0,20,2,4
2019-10-19 22,24.98,62.8,30.37,23.4,27.0,1016,1.0,270,0.0,20,2,4
2019-10-19 23,25.45,61.7,29.96,23.36,27.0,1012,1.0,270,0.0,20,2,4
2019-10-20 00,25.95,61.05,29.34,23.4,26.67,1015,1.0,270,0.0,20,2,4
2019-10-20 01,25.4,59.33,27.84,22.48,26.0,1015,1.8,299,0.0,20,2,4
2019-10-20 02,24.7,60.0,26.96,22.21,25.0,1015,1.82,312,0.0,20,2,5
2019-10-20 03,24.2,58.55,26.01,21.16,24.0,1015,1.57,302,0.0,20,2,5
2019-10-20 04,23.15,60.58,23.46,19.8,22.0,1015,1.56,296,0.0,21,2,5
2019-10-20 05,22.38,64.0,22.21,20.98,21.53,1015,1.76,294,0.0,20,2,5
2019-10-20 06,20.93,71.83,22.74,19.8,21.0,1016,1.0,280,0.0,40,2,5
2019-10-20 07,20.77,72.15,22.61,20.0,21.77,1016,1.0,280,0.0,40,2,5
2019-10-20 08,22.75,66.82,22.77,20.4,21.97,1017,1.5,250,0.0,40,2,5
2019-10-20 09,25.15,58.27,23.64,20.4,24.03,1017,2.1,270,0.0,40,7,5
2019-10-20 10,28.38,47.75,28.14,27.0,28.6,1017,2.1,250,0.0,40,7,5
2019-10-20 11,30.43,40.42,29.4,28.6,30.0,1013,3.1,230,0.0,40,0,4
2019-10-20 12,31.85,35.33,30.12,29.86,30.27,1012,3.1,290,0.0,40,0,3
2019-10-20 13,33.17,28.0,30.4,30.4,31.76,1015,2.6,290,0.0,40,0,3
2019-10-20 14,33.67,27.45,30.04,30.0,32.05,1010,3.1,340,0.0,40,0,2
2019-10-20 15,33.6,25.85,30.75,29.44,32.0,1009,1.5,270,0.0,1,0,2
2019-10-20 16,32.75,27.07,31.62,28.0,32.0,1010,1.0,260,0.0,1,0,2
2019-10-20 17,31.2,30.15,29.21,28.0,30.56,1010,1.5,270,0.0,1,0,2
2019-10-20 18,28.6,36.95,27.67,27.22,29.0,1009,2.67,337,0.0,1,0,2
2019-10-20 19,26.9,42.62,27.16,25.22,29.0,1009,2.46,340,0.0,1,0,2
2019-10-20 20,25.08,49.88,27.96,22.79,29.44,1010,2.23,338,0.0,0,0,3
2019-10-20 21,23.58,57.47,26.02,22.27,26.0,1015,2.26,331,0.0,1,0,3
2019-10-20 22,23.47,57.5,24.86,20.6,25.0,1015,2.4,331,0.0,2,2,4
2019-10-20 23,24.6,53.15,24.23,20.12,24.0,1015,2.53,336,0.0,1,2,4
2019-10-21 00,24.2,54.4,24.38,20.33,24.0,1014,2.46,341,0.0,0,2,5
2019-10-21 01,23.23,58.28,24.06,19.2,24.0,1014,2.34,342,0.0,1,2,5
2019-10-21 02,22.3,61.1,22.04,19.2,22.0,1014,2.25,342,0.0,1,2,5
2019-10-21 03,21.57,63.85,22.03,18.94,22.0,1014,2.06,334,0.0,1,2,5
2019-10-21 04,21.8,62.67,21.89,18.2,22.0,1014,2.13,325,0.0,0,2,5
2019-10-21 05,20.8,65.83,20.85,19.61,20.22,1014,1.5,230,0.0,20,2,5
2019-10-21 06,20.55,66.12,20.38,19.0,20.07,1015,1.5,230,0.0,1,2,5
2019-10-21 07,19.82,70.42,21.93,19.0,22.0,1015,1.0,0,0.0,1,2,5
2019-10-21 08,22.12,65.6,21.92,19.0,22.0,1015,1.5,230,0.0,1,2,5
2019-10-21 09,25.62,50.22,25.08,19.8,28.89,1012,2.1,250,0.0,1,2,5
2019-10-21 10,28.08,43.42,28.12,22.0,28.89,1012,1.5,250,0.0,1,2,5
2019-10-21 11,29.48,39.4,29.06,27.0,29.44,1012,1.5,230,0.0,1,0,5
2019-10-21 12,30.57,36.73,29.42,29.0,30.0,1010,2.6,240,0.0,1,0,5
2019-10-21 13,31.5,35.85,28.39,29.4,31.38,1009,4.6,290,0.0,1,0,5
2019-10-21 14,32.2,30.23,29.49,29.4,31.96,1009,3.1,290,0.0,20,0,5
2019-10-21 15,32.62,25.55,29.69,29.08,32.0,1008,2.6,320,0.0,20,0,3
2019-10-21 16,32.0,27.25,28.57,28.6,30.0,1008,2.6,270,0.0,40,0,2
2019-10-21 17,30.25,34.05,28.94,27.0,30.0,1008,2.1,270,0.0,40,0,2
2019-10-21 18,27.85,38.95,28.32,26.75,28.6,1011,1.5,270,0.0,40,0,2
2019-10-21 19,26.43,41.12,27.86,25.05,29.44,1007,1.5,270,0.0,40,0,2
2019-10-21 20,25.7,44.95,26.75,22.0,28.33,1007,2.45,328,0.0,20,0,3
2019-10-21 21,24.95,48.12,24.77,22.0,25.0,1012,2.62,329,0.0,20,0,3
2019-10-21 22,24.77,49.93,25.44,21.37,25.0,1012,1.0,270,0.0,5,0,4
2019-10-21 23,24.02,53.43,24.57,21.12,24.0,1011,1.0,270,0.0,1,0,4
2019-10-22 00,23.27,56.62,23.83,20.84,23.0,1011,1.0,270,0.0,0,0,5
2019-10-22 01,22.32,60.8,22.08,18.6,22.0,1011,1.5,270,0.0,0,2,5
2019-10-22 02,21.32,65.75,21.28,18.6,21.0,1011,1.5,270,0.0,0,2,5
2019-10-22 03,22.0,61.12,20.32,17.99,20.0,1011,1.5,270,0.0,0,2,5
2019-10-22 04,21.73,63.12,19.07,18.2,19.0,1011,2.1,250,0.0,0,2,4
2019-10-22 05,21.52,64.08,18.91,18.0,19.95,1011,2.1,250,0.0,0,2,5
2019-10-22 06,21.1,66.23,18.76,18.0,19.93,1012,2.1,270,0.0,1,2,5
2019-10-22 07,21.0,66.97,19.3,18.0,21.6,1012,2.1,270,0.0,1,2,5
2019-10-22 08,22.05,63.15,20.5,20.81,21.6,1012,3.1,250,0.0,1,0,5
2019-10-22 09,24.3,56.22,21.39,19.0,23.0,1013,3.6,260,0.0,40,0,5
2019-10-22 10,27.25,46.85,26.04,25.0,28.33,1009,2.6,250,0.0,40,0,5
2019-10-22 11,28.55,41.92,27.42,27.0,29.71,1008,3.1,250,0.0,40,0,4
2019-10-22 12,29.95,37.67,27.93,28.0,29.98,1008,3.6,250,0.0,40,0,3
2019-10-22 13,30.4,36.17,29.4,29.0,31.42,1010,3.1,260,0.0,40,0,3
2019-10-22 14,31.4,30.95,29.28,29.4,31.82,1009,3.6,250,0.0,40,0,2
2019-10-22 15,32.5,25.9,28.71,28.71,31.0,1005,3.1,270,0.0,40,0,2
2019-10-22 16,31.58,28.1,27.99,27.0,31.0,1005,3.1,270,0.0,40,0,2
2019-10-22 17,30.15,31.62,28.2,26.44,29.0,1005,1.5,270,0.0,40,0,2
2019-10-22 18,27.6,37.45,28.43,26.0,29.07,1005,1.0,250,0.0,40,0,2
2019-10-22 19,24.02,49.83,27.45,25.3,28.83,1009,1.0,250,0.0,40,0,3
2019-10-22 20,22.35,57.8,23.23,21.99,25.56,1010,2.6,300,0.0,1,0,3
2019-10-22 21,21.23,66.07,21.96,21.28,23.0,1010,2.45,288,0.0,1,0,4
2019-10-22 22,20.92,69.62,21.62,19.2,22.0,1010,2.62,290,0.0,20,2,5
2019-10-22 23,20.5,72.1,21.52,18.93,22.0,1010,2.55,300,0.0,20,2,5
2019-10-23 00,20.25,72.53,21.53,18.79,22.0,1010,2.48,309,0.0,20,2,5
2019-10-23 01,19.65,75.25,20.42,17.78,21.0,1010,2.4,317,0.0,0,2,5
2019-10-23 02,19.98,71.33,19.6,17.33,20.0,1010,2.44,323,0.0,0,2,5
2019-10-23 03,20.15,69.35,19.42,16.57,20.0,1009,2.31,301,0.0,0,2,5
2019-10-23 04,19.45,73.7,19.24,16.75,19.0,1009,1.0,230,0.0,0,2,5
2019-10-23 05,19.5,73.1,19.55,17.4,19.0,1009,1.0,230,0.0,0,2,5
2019-10-23 06,18.7,78.7,18.51,17.4,19.0,1010,2.1,260,0.0,0,2,5
2019-10-23 07,18.73,80.1,19.89,18.0,21.0,1011,2.1,260,0.0,1,2,5
2019-10-23 08,21.35,70.55,21.1,19.6,21.0,1011,1.5,250,0.0,1,0,5
2019-10-23 09,24.6,57.28,22.67,21.0,24.0,1012,2.6,250,0.0,1,0,5
2019-10-23 10,27.2,49.05,26.48,25.0,28.33,1008,2.6,250,0.0,1,7,5
2019-10-23 11,,,28.39,27.0,29.79,1011,2.6,250,0.0,1,7,6
2019-10-23 12,,,29.05,27.8,31.0,1007,2.6,250,0.0,1,7,6
2019-10-23 13,,,29.79,29.6,31.9,1009,3.1,240,0.0,1,0,6
2019-10-23 14,32.7,32.3,31.56,31.0,32.19,1008,2.6,290,0.0,1,0,6
2019-10-23 15,32.9,30.15,31.17,28.33,32.0,1004,1.5,270,0.0,1,0,3
2019-10-23 16,32.17,29.0,30.49,27.4,32.0,1004,1.5,340,0.0,1,0,2
2019-10-23 17,,,29.52,27.4,29.2,1004,1.5,270,0.0,1,0,6
2019-10-23 18,26.2,46.9,28.58,26.4,29.2,1005,2.37,40,0.0,1,0,6
2019-10-23 19,24.12,56.4,26.67,24.62,27.0,1009,2.28,65,0.0,1,0,6
2019-10-23 20,22.35,67.1,25.07,21.34,25.0,1010,2.14,87,0.0,1,0,6
2019-10-23 21,22.02,72.22,25.08,21.06,25.0,1010,2.04,105,0.0,0,0,5
2019-10-23 22,21.48,75.47,24.11,19.66,24.0,1011,1.9,119,0.0,0,2,5
2019-10-23 23,,,23.35,19.56,23.0,1011,2.0,133,0.0,0,2,6
2019-10-24 00,,,23.47,20.2,23.0,1010,2.26,143,0.0,0,2,6
2019-10-24 01,,,22.03,18.6,22.0,1010,2.26,153,0.0,0,2,6
2019-10-24 02,,,22.15,18.6,22.0,1010,1.75,150,0.0,0,2,6
2019-10-24 03,,,21.55,17.54,22.0,1010,1.59,92,0.0,0,2,6
2019-10-24 04,,,21.76,17.46,21.0,1010,1.0,270,0.0,0,2,6
2019-10-24 05,,,21.39,18.2,20.0,1010,1.0,270,0.0,0,2,6
2019-10-24 06,,,19.68,18.2,20.0,1011,2.14,95,0.0,0,2,6
2019-10-24 07,18.77,87.17,20.8,19.2,20.79,1012,1.79,102,0.0,1,2,5
2019-10-24 08,21.93,73.4,23.57,19.2,23.0,1012,1.11,112,0.0,1,2,6
2019-10-24 09,24.42,64.38,25.55,19.2,25.0,1013,1.09,119,0.0,1,2,6
2019-10-24 10,27.3,56.5,29.84,26.58,28.33,1009,0.87,123,0.0,1,7,6
2019-10-24 11,29.55,45.3,30.46,27.8,30.0,1009,1.0,90,0.0,1,7,6
2019-10-24 12,30.9,39.73,31.38,29.36,31.0,1011,1.0,0,0.0,1,0,5
2019-10-24 13,31.5,36.88,32.67,30.86,31.63,1010,1.5,90,0.0,1,7,5
2019-10-24 14,32.33,33.55,31.27,29.8,31.52,1009,1.5,20,0.0,1,7,4
2019-10-24 15,32.38,33.17,30.24,28.83,32.0,1005,1.5,340,0.0,1,7,4
2019-10-24 16,31.8,34.18,31.18,28.78,31.0,1005,1.5,340,0.0,1,7,4
2019-10-24 17,30.03,39.43,30.64,28.23,29.4,1005,1.95,5,0.0,1,7,4
2019-10-24 18,26.7,50.97,29.39,26.8,29.4,1006,2.11,24,0.0,1,7,4
2019-10-24 19,23.85,64.28,27.12,25.0,27.0,1010,2.2,58,0.0,1,7,5
2019-10-24 20,23.0,69.62,26.41,22.6,25.0,1011,2.04,90,0.0,13,2,5
2019-10-24 21,22.6,71.78,25.89,22.6,24.0,1011,1.85,110,0.0,8,2,5
2019-10-24 22,21.97,76.22,24.96,21.0,24.0,1012,2.0,120,0.0,5,2,5
2019-10-24 23,22.1,72.95,24.15,20.93,23.0,1012,1.95,123,0.0,8,2,5
2019-10-25 00,23.05,65.83,23.23,20.26,22.0,1012,1.94,119,0.0,9,2,5
2019-10-25 01,22.03,71.92,23.48,19.45,22.0,1012,1.0,90,0.0,7,2,5
2019-10-25 02,20.68,79.72,23.48,19.6,22.0,1011,1.0,90,0.0,5,2,5
2019-10-25 03,20.77,75.97,22.66,19.07,21.0,1011,1.0,90,0.0,2,2,5
2019-10-25 04,21.5,65.97,21.54,19.08,21.0,1012,2.01,143,0.0,2,2,4
2019-10-25 05,21.2,68.43,20.49,20.0,20.54,1012,1.67,146,0.0,1,7,4
2019-10-25 06,19.57,78.95,21.16,19.89,20.09,1012,1.62,150,0.0,3,2,5
2019-10-25 07,20.32,76.5,22.13,20.0,21.6,1013,1.52,140,0.0,1,2,5
2019-10-25 08,22.48,67.78,23.42,20.6,22.0,1013,1.0,70,0.0,1,2,5
2019-10-25 09,24.75,55.98,24.32,20.6,25.0,1014,1.5,120,0.0,1,0,5
2019-10-25 10,26.8,50.88,27.39,25.94,27.2,1014,2.6,100,0.0,1,7,5
2019-10-25 11,28.22,45.9,28.46,28.0,29.0,1009,3.1,50,0.0,1,7,4
2019-10-25 12,29.1,41.3,30.97,28.33,30.0,1008,1.0,140,0.0,1,7,4
2019-10-25 13,30.1,36.3,31.3,28.33,30.62,1008,1.0,60,0.0,1,7,4
2019-10-25 14,30.62,32.7,30.71,28.33,31.0,1007,1.5,90,0.0,1,7,4
2019-10-25 15,30.93,31.6,30.01,27.63,30.0,1007,1.0,340,0.0,1,7,3
2019-10-25 16,30.57,32.38,30.5,27.86,30.0,1007,1.0,60,0.0,1,7,3
2019-10-25 17,29.33,34.23,30.06,26.0,29.44,1007,1.62,76,0.0,1,7,3
2019-10-25 18,25.0,48.3,28.77,26.0,29.2,1011,1.88,96,0.0,1,7,3
2019-10-25 19,22.73,58.3,27.4,24.23,26.0,1011,2.03,109,0.0,1,7,3
2019-10-25 20,21.78,65.47,25.07,21.82,24.0,1012,1.92,114,0.0,1,2,5
2019-10-25 21,21.08,69.75,25.13,22.0,24.0,1013,1.99,120,0.0,1,2,5
2019-10-25 22,20.82,72.77,24.55,20.2,24.0,1013,1.89,128,0.0,0,2,5
2019-10-25 23,20.45,75.92,23.66,20.2,23.0,1013,1.94,132,0.0,0,2,5
2019-10-26 00,20.07,78.05,23.03,20.2,22.0,1013,1.9,131,0.0,0,2,6
2019-10-26 01,19.68,81.0,22.59,18.7,22.0,1013,1.81,133,0.0,1,2,5
2019-10-26 02,19.45,83.6,22.46,18.7,22.0,1013,1.75,139,0.0,1,2,5
2019-10-26 03,19.18,84.43,21.54,18.7,21.0,1012,1.58,143,0.0,1,2,5
2019-10-26 04,19.12,85.08,21.13,18.4,20.0,1013,1.0,110,0.0,0,2,5
2019-10-26 05,18.9,86.57,20.2,19.19,20.0,1013,1.53,161,0.0,1,0,5
2019-10-26 06,18.75,88.4,21.23,18.4,20.0,1014,1.0,110,0.0,0,2,5
2019-10-26 07,19.25,85.0,21.09,19.0,20.56,1015,1.78,168,0.0,1,2,5
2019-10-26 08,21.62,77.03,23.27,19.8,23.0,1015,1.45,175,0.0,1,2,5
2019-10-26 09,24.58,64.28,24.65,19.8,25.0,1016,1.41,182,0.0,1,2,5
2019-10-26 10,27.07,54.47,29.39,26.78,28.4,1016,1.0,160,0.0,1,0,5
2019-10-26 11,28.9,47.7,30.53,28.0,30.0,1015,1.0,160,0.0,1,0,5
2019-10-26 12,29.7,43.88,30.5,28.4,29.0,1014,1.5,90,0.0,40,0,4
2019-10-26 13,30.32,40.1,31.34,28.8,30.15,1013,1.0,60,0.0,40,7,4
2019-10-26 14,30.6,39.52,31.79,28.8,30.19,1013,1.0,70,0.0,40,7,4
2019-10-26 15,30.23,40.6,30.75,27.85,30.0,1008,1.0,60,0.0,1,7,4
2019-10-26 16,29.88,41.95,30.75,27.6,30.0,1008,1.0,40,0.0,20,7,4
2019-10-26 17,28.5,47.28,30.75,27.6,29.22,1008,1.59,54,0.0,20,7,5
2019-10-26 18,25.5,58.43,29.97,26.0,29.54,1009,1.79,83,0.0,20,7,5
2019-10-26 19,23.3,68.22,28.55,25.52,27.93,1013,1.82,102,0.0,20,7,5
2019-10-26 20,22.38,74.45,26.52,22.2,25.0,1013,1.81,127,0.0,20,2,5
2019-10-26 21,21.27,81.05,25.35,21.47,24.0,1014,1.76,162,0.0,20,2,6
2019-10-26 22,21.07,84.7,24.94,20.17,24.0,1014,1.64,185,0.0,0,2,6
2019-10-26 23,20.73,85.97,24.12,20.18,23.0,1014,1.69,205,0.0,0,2,6
2019-10-27 00,20.5,88.33,23.45,20.37,22.0,1014,1.72,222,0.0,0,2,6
2019-10-27 01,20.25,90.53,22.32,19.28,21.0,1013,1.75,239,0.0,1,2,6
2019-10-27 02,20.0,91.22,22.32,19.41,21.0,1013,1.79,252,0.0,1,2,6
2019-10-27 03,19.7,91.27,21.78,18.55,21.0,1013,2.15,254,0.0,1,2,6
2019-10-27 04,19.45,91.22,22.08,18.6,21.0,1013,1.0,230,0.0,0,2,5
2019-10-27 05,20.57,83.52,20.61,19.92,20.22,1013,2.51,262,0.0,1,2,5
2019-10-27 06,20.8,78.83,21.29,19.0,20.21,1013,1.0,230,0.0,0,2,5
2019-10-27 07,20.62,76.67,21.35,18.8,21.12,1014,1.0,230,0.0,1,2,5
2019-10-27 08,21.85,72.28,21.28,18.8,21.69,1015,2.1,230,0.0,1,2,5
2019-10-27 09,23.6,64.83,21.92,18.8,24.0,1015,3.1,230,0.0,1,7,5
2019-10-27 10,25.45,58.62,26.56,24.0,28.89,1011,2.6,230,0.0,1,7,5
2019-10-27 11,28.0,51.08,26.72,26.0,29.52,1010,3.6,270,0.0,1,7,5
2019-10-27 12,30.2,42.9,28.69,28.0,30.1,1009,2.6,310,0.0,1,7,5
2019-10-27 13,31.12,37.75,29.57,29.0,31.61,1012,3.1,290,0.0,1,7,5
2019-10-27 14,32.25,31.38,29.4,31.0,31.82,1011,4.1,320,0.0,1,0,5
2019-10-27 15,32.2,30.25,30.05,29.0,31.0,1011,2.6,260,0.0,1,0,3
2019-10-27 16,31.53,32.62,29.93,28.33,30.0,1007,1.5,280,0.0,1,0,3
2019-10-27 17,29.92,35.62,29.08,26.4,29.0,1007,1.0,250,0.0,1,0,2
2019-10-27 18,26.45,45.2,27.81,26.0,28.89,1008,2.69,5,0.0,1,0,3
2019-10-27 19,22.95,60.7,26.05,24.83,26.0,1012,2.49,13,0.0,1,0,4
2019-10-27 20,21.65,69.0,25.94,22.0,25.0,1013,1.78,21,0.0,0,2,5
2019-10-27 21,21.2,72.73,27.03,22.0,25.0,1013,0.8,21,0.0,0,2,6
2019-10-27 22,20.7,75.88,25.66,20.6,24.0,1013,0.57,207,0.0,0,2,6
2019-10-27 23,20.48,77.97,23.64,19.68,23.0,1013,1.18,225,0.0,0,2,6
2019-10-28 00,19.92,84.17,22.56,19.95,22.0,1013,1.65,240,0.0,0,2,6
2019-10-28 01,19.62,86.45,21.25,19.29,21.0,1013,1.85,241,0.0,0,2,6
2019-10-28 02,19.73,83.17,19.8,19.0,19.4,1012,1.89,238,0.0,0,2,6
2019-10-28 03,19.82,80.35,19.65,18.04,19.4,1012,1.61,260,0.0,0,2,6
2019-10-28 04,19.32,82.35,19.9,18.04,19.0,1013,1.0,230,0.0,0,2,6
2019-10-28 05,19.25,81.9,20.12,18.73,19.04,1013,1.0,230,0.0,0,2,6
2019-10-28 06,20.07,76.9,20.68,18.72,20.0,1014,1.0,230,0.0,0,2,6
2019-10-28 07,18.57,84.85,19.83,18.8,20.46,1014,1.5,250,0.0,1,2,6
2019-10-28 08,20.43,77.85,20.84,18.8,21.12,1015,2.1,250,0.0,1,2,6
2019-10-28 09,23.58,63.82,22.5,18.8,24.0,1015,2.1,230,0.0,1,7,6
2019-10-28 10,26.6,51.92,26.36,24.0,27.78,1012,2.1,220,0.0,1,7,6
2019-10-28 11,28.47,45.42,28.01,26.0,28.79,1012,1.5,230,0.0,1,7,6
2019-10-28 12,30.27,40.9,29.56,27.78,30.0,1011,1.5,210,0.0,1,7,6
2019-10-28 13,30.68,40.4,28.87,29.0,30.51,1013,3.1,270,0.0,20,7,6
2019-10-28 14,30.73,38.45,29.24,29.0,30.59,1013,2.6,230,0.0,20,7,5
2019-10-28 15,30.15,41.48,29.26,27.5,30.0,1009,1.5,230,0.0,20,7,5
2019-10-28 16,29.35,41.83,29.92,27.5,30.0,1009,0.5,220,0.0,20,7,5
2019-10-28 17,27.27,51.1,27.52,26.4,30.0,1009,2.6,230,0.0,20,7,5
2019-10-28 18,24.43,62.25,28.56,26.0,30.0,1009,0.5,240,0.0,20,7,5
2019-10-28 19,22.9,69.05,28.21,25.06,30.0,1009,0.5,240,0.0,20,7,5
2019-10-28 20,,,26.47,22.8,25.0,1014,1.9,107,0.0,83,2,6
2019-10-28 21,,,26.31,22.8,25.0,1014,1.96,129,0.0,85,2,5
2019-10-28 22,21.55,82.2,26.16,21.0,25.0,1014,1.82,156,0.0,20,2,5
2019-10-28 23,,,24.25,20.62,23.0,1014,1.86,183,0.0,20,2,6
2019-10-29 00,,,23.42,20.81,22.0,1014,2.09,202,0.0,20,2,6
2019-10-29 01,,,22.77,20.0,22.0,1014,1.98,211,0.0,20,2,6
2019-10-29 02,,,22.65,20.0,22.0,1013,2.17,221,0.0,20,2,6
2019-10-29 03,,,22.4,19.03,22.0,1013,2.04,248,0.0,20,2,6
2019-10-29 04,,,22.14,19.34,21.0,1013,1.0,110,0.0,20,2,6
2019-10-29 05,,,22.28,19.4,21.0,1013,1.0,110,0.0,20,2,6
2019-10-29 06,,,22.07,19.4,21.0,1014,1.0,80,0.0,40,2,6
2019-10-29 07,,,22.79,19.8,22.0,1015,1.0,80,0.0,40,2,6
2019-10-29 08,,,22.8,19.8,22.0,1016,1.0,70,0.0,40,2,6
2019-10-29 09,24.0,64.78,23.79,19.8,23.0,1016,1.0,280,0.0,40,7,6
2019-10-29 10,25.2,58.62,26.77,24.0,26.5,1016,1.0,270,0.0,40,7,5
2019-10-29 11,26.0,58.48,27.48,24.0,27.68,1016,1.0,230,0.0,40,7,5
2019-10-29 12,27.35,54.55,29.06,25.4,28.37,1012,1.0,270,0.0,75,7,6
2019-10-29 13,28.35,52.9,29.6,27.0,29.68,1010,1.0,250,0.0,75,7,6
2019-10-29 14,28.83,53.02,29.65,27.0,29.72,1010,1.5,200,0.0,75,7,6
2019-10-29 15,28.12,57.45,29.81,26.92,29.0,1010,1.0,200,0.0,75,7,6
2019-10-29 16,27.07,63.12,29.98,26.94,28.0,1009,1.29,342,0.0,75,7,6
2019-10-29 17,25.9,69.15,29.74,26.0,27.78,1009,1.33,48,0.0,75,7,6
2019-10-29 18,23.98,77.8,29.1,25.92,26.59,1013,1.52,92,0.0,40,2,6
2019-10-29 19,23.23,81.1,28.95,24.5,27.22,1009,1.59,100,0.0,40,2,6
2019-10-29 20,22.77,83.9,27.36,23.2,25.0,1014,1.74,107,0.0,20,2,6
2019-10-29 21,22.48,86.45,27.51,23.2,25.0,1014,1.55,135,0.0,20,2,6
2019-10-29 22,22.5,86.5,25.12,20.0,24.0,1014,1.41,158,0.0,40,2,6
2019-10-29 23,22.2,88.75,24.89,20.0,24.0,1014,1.53,177,0.0,40,2,6
2019-10-30 00,22.15,89.95,25.0,20.0,24.0,1014,1.45,197,0.0,40,2,6
2019-10-30 01,21.85,90.95,25.66,21.13,24.0,1014,1.55,214,0.0,40,2,6
2019-10-30 02,21.77,90.65,24.87,20.87,23.0,1013,1.46,225,0.0,40,2,6
2019-10-30 03,21.7,91.08,24.83,20.96,23.0,1013,1.69,237,0.0,40,2,6
2019-10-30 04,21.68,91.9,23.85,21.04,22.0,1013,1.0,230,0.0,40,2,6
2019-10-30 05,21.73,89.3,23.92,21.2,22.0,1013,1.0,230,0.0,40,2,6
2019-10-30 06,21.42,88.62,23.89,21.0,22.0,1014,1.0,230,0.0,40,2,6
2019-10-30 07,21.38,86.65,23.59,20.6,22.0,1015,1.0,230,0.0,40,2,6
2019-10-30 08,22.73,72.72,22.82,20.6,22.0,1015,1.0,230,0.0,40,7,6
2019-10-30 09,23.5,70.53,24.55,20.6,24.0,1015,1.0,230,0.0,40,7,5
2019-10-30 10,25.15,63.62,26.59,25.0,27.22,1011,2.1,250,0.0,40,7,5
2019-10-30 11,27.18,55.42,27.89,25.0,28.38,1011,1.5,340,0.0,40,7,5
2019-10-30 12,29.45,49.1,29.96,27.0,30.0,1009,1.5,230,0.0,40,7,6
2019-10-30 13,30.4,46.58,30.74,28.6,31.03,1012,1.5,250,0.0,40,7,6
2019-10-30 14,30.8,45.58,31.04,28.6,31.2,1011,2.1,270,0.0,40,7,6
2019-10-30 15,30.62,45.92,30.06,27.22,31.0,1007,2.1,250,0.0,40,7,6
2019-10-30 16,30.2,45.62,31.08,27.22,30.0,1007,1.0,260,0.0,40,7,6
2019-10-30 17,27.73,53.88,30.6,27.14,29.0,1007,1.86,312,0.0,40,7,6
2019-10-30 18,24.5,68.45,30.21,25.6,28.6,1007,2.08,332,0.0,40,7,6
2019-10-30 19,22.5,77.97,28.88,25.18,26.0,1011,1.43,322,0.0,40,7,6
2019-10-30 20,21.9,81.28,28.89,22.8,27.22,1007,1.48,302,0.0,20,7,6
2019-10-30 21,21.23,85.25,27.21,22.8,25.0,1012,1.84,317,0.0,20,7,6
2019-10-30 22,20.67,89.88,26.08,20.0,26.67,1008,1.78,331,0.0,2,2,6
2019-10-30 23,20.38,92.1,23.66,20.0,23.0,1013,2.19,338,0.0,0,2,6
2019-10-31 00,20.3,94.0,22.89,19.78,22.0,1012,2.31,344,0.0,0,2,6
2019-10-31 01,19.9,95.2,21.36,18.6,21.0,1012,2.38,347,0.0,0,2,6
2019-10-31 02,19.52,96.0,21.54,18.6,21.0,1012,2.1,348,0.0,0,2,6
2019-10-31 03,19.17,93.9,21.99,18.6,21.0,1012,1.34,12,0.0,0,2,6
2019-10-31 04,19.17,90.6,21.63,18.0,21.0,1012,1.68,5,0.0,20,2,6
2019-10-31 05,18.58,91.48,21.54,18.0,21.0,1013,1.92,358,0.0,20,2,6
2019-10-31 06,18.3,92.2,20.88,18.0,21.0,1013,1.68,347,0.0,20,2,6
2019-10-31 07,18.22,93.45,21.93,18.0,22.0,1014,1.04,339,0.0,20,2,6
2019-10-31 08,19.82,88.03,23.33,19.0,24.0,1014,1.0,349,0.0,20,2,6
2019-10-31 09,23.25,73.35,24.07,19.4,25.0,1014,1.62,358,0.0,20,7,6
2019-10-31 10,26.18,55.83,28.12,25.0,27.44,1011,1.0,240,0.0,20,7,6
2019-10-31 11,28.5,44.48,28.7,27.0,28.76,1010,1.5,260,0.0,20,7,6
2019-10-31 12,29.45,41.3,28.21,27.0,30.0,1009,2.6,250,0.0,20,7,6
2019-10-31 13,30.88,39.2,30.58,30.0,31.52,1012,2.6,250,0.0,20,7,6
2019-10-31 14,31.62,37.25,31.28,29.2,31.9,1011,2.1,250,0.0,20,7,6
2019-10-31 15,31.48,41.15,30.91,29.11,32.0,1010,1.5,250,0.0,20,7,6
2019-10-31 16,30.27,43.45,30.76,27.78,30.0,1007,2.47,315,0.0,20,7,6
2019-10-31 17,27.07,54.88,30.04,26.6,29.0,1007,2.45,312,0.0,20,7,6
2019-10-31 18,,,28.67,26.6,28.2,1007,2.51,327,0.0,20,7,6
2019-10-31 19,,,27.4,25.0,27.0,1011,2.44,334,0.0,20,7,6
2019-10-31 20,20.88,84.72,25.62,21.2,24.0,1011,2.35,329,0.0,20,2,6
2019-10-31 21,20.5,89.0,25.65,21.2,24.0,1012,2.18,326,0.0,20,2,6
2019-10-31 22,20.2,90.35,24.79,19.8,24.0,1012,2.21,325,0.0,0,2,6
2019-10-31 23,19.95,91.05,22.85,19.8,22.0,1012,2.43,314,0.0,0,2,6
2019-11-01 00,19.85,87.42,22.72,19.8,22.0,1012,2.45,288,0.0,0,2,6
2019-11-01 01,19.7,85.8,22.54,19.0,21.0,1012,1.0,200,0.0,0,7,6
2019-11-01 02,19.17,88.55,22.42,18.85,21.0,1012,1.0,200,0.0,0,7,6
2019-11-01 03,18.88,90.92,22.28,18.43,21.0,1012,1.0,200,0.0,0,7,6
2019-11-01 04,18.93,90.83,21.69,18.0,21.0,1012,1.4,271,0.0,12,6,6
2019-11-01 05,18.72,91.12,22.24,18.0,21.0,1012,1.11,356,0.0,23,6,6
2019-11-01 06,18.52,91.65,20.71,18.0,20.78,1013,1.84,14,0.0,0,6,6
2019-11-01 07,19.3,89.53,20.53,18.0,20.86,1013,2.09,25,0.0,1,6,6
2019-11-01 08,19.98,87.6,22.72,18.0,22.0,1014,1.17,38,0.0,1,6,6
2019-11-01 09,,,26.2,18.0,27.22,1011,1.06,60,0.0,90,6,6
2019-11-01 10,,,29.28,26.0,27.8,1014,0.72,63,0.0,1,7,6
2019-11-01 11,,,30.5,27.8,29.45,1013,1.5,70,0.0,1,7,6
2019-11-01 12,,,31.63,27.8,30.0,1012,1.0,0,0.0,1,7,6
2019-11-01 13,32.6,36.5,33.43,30.81,31.62,1012,1.0,0,0.0,1,7,6
2019-11-01 14,32.5,36.67,33.44,30.95,32.0,1011,1.5,20,0.0,20,7,6
2019-11-01 15,32.62,35.6,32.73,27.78,31.0,1006,1.0,0,0.0,20,7,6
2019-11-01 16,31.8,35.92,32.23,26.6,31.0,1006,1.5,20,0.0,20,7,6
2019-11-01 17,28.52,47.88,31.54,26.6,29.0,1007,2.06,16,0.0,75,7,6
2019-11-01 18,26.02,57.5,30.46,26.6,28.6,1008,2.01,21,0.0,75,7,6
2019-11-01 19,25.95,60.83,29.47,25.96,27.78,1008,2.34,5,0.0,75,7,6
2019-11-01 20,24.47,70.65,27.36,24.18,26.0,1012,1.0,290,0.0,40,7,6
2019-11-01 21,25.75,57.0,26.55,23.81,25.4,1012,1.0,290,0.0,40,7,6
2019-11-01 22,23.35,68.7,26.36,22.65,25.0,1013,1.91,0,0.0,40,7,6
2019-11-01 23,24.5,62.27,25.2,22.13,24.0,1012,2.28,351,0.0,40,7,5
2019-11-02 00,23.6,65.95,25.72,22.22,24.0,1012,1.68,310,0.0,40,7,5
2019-11-02 01,22.62,70.42,23.87,20.33,23.0,1012,2.04,303,0.0,40,7,5
2019-11-02 02,21.8,75.38,23.39,20.37,22.0,1012,1.69,304,0.0,40,7,6
2019-11-02 03,21.02,79.88,23.27,19.87,22.0,1012,1.59,307,0.0,40,7,6
2019-11-02 04,20.6,82.2,22.6,19.61,21.0,1012,1.0,230,0.0,40,2,6
2019-11-02 05,20.6,81.77,22.24,20.0,21.34,1012,1.0,230,0.0,40,2,6
2019-11-02 06,20.35,83.62,22.06,20.0,21.25,1013,1.34,289,0.0,40,2,6
2019-11-02 07,20.23,86.3,22.32,20.0,21.87,1014,2.08,301,0.0,40,2,6
2019-11-02 08,21.77,80.85,23.51,20.2,22.0,1015,1.0,270,0.0,40,6,6
2019-11-02 09,24.67,70.08,24.8,20.2,23.0,1015,1.0,290,0.0,40,6,6
2019-11-02 10,26.2,62.3,27.61,24.0,27.78,1012,1.5,250,0.0,40,7,6
2019-11-02 11,26.85,60.65,28.46,26.0,27.66,1011,2.01,327,0.0,40,7,6
2019-11-02 12,28.88,52.92,29.85,27.0,28.29,1011,1.0,340,0.0,40,7,6
2019-11-02 13,29.52,51.28,30.26,27.0,29.93,1010,1.5,290,0.0,40,7,6
2019-11-02 14,30.5,47.25,29.35,27.78,29.95,1010,3.1,290,0.0,40,7,6
2019-11-02 15,30.15,43.47,28.06,24.06,29.0,1010,2.6,270,0.0,40,7,6
2019-11-02 16,28.7,46.52,26.93,24.77,27.78,1010,3.6,250,0.0,40,7,5
2019-11-02 17,27.52,54.5,26.3,25.0,27.78,1011,4.1,250,0.0,75,7,6
2019-11-02 18,25.85,62.55,25.98,23.0,26.23,1015,2.1,290,0.0,40,7,6
2019-11-02 19,24.3,63.7,25.53,23.0,25.01,1015,2.1,290,0.0,40,7,6
2019-11-02 20,23.38,68.78,24.92,22.77,23.21,1015,1.5,340,0.0,20,6,6
2019-11-02 21,23.98,65.3,24.73,22.23,23.0,1015,1.5,340,0.0,20,6,6
2019-11-02 22,23.12,69.47,25.07,21.41,23.0,1015,1.0,230,0.0,20,6,6
2019-11-02 23,21.95,76.58,24.31,21.24,22.2,1015,1.0,230,0.0,20,6,6
2019-11-03 00,21.57,77.8,23.76,21.0,22.2,1015,1.0,230,0.0,20,6,6
2019-11-03 01,20.88,80.85,22.89,20.6,21.09,1014,1.53,303,0.0,20,6,6
2019-11-03 02,21.6,78.78,21.68,20.0,20.87,1014,2.16,313,0.0,20,6,6
2019-11-03 03,20.82,83.35,21.04,19.3,20.6,1014,2.47,325,0.0,20,6,6
2019-11-03 04,20.73,84.35,19.43,19.0,19.81,1014,4.1,270,0.0,40,6,6
2019-11-03 05,21.18,81.45,19.63,19.0,20.27,1015,4.1,270,0.0,40,6,6
2019-11-03 06,21.27,79.45,21.58,19.4,20.22,1015,1.5,270,0.0,75,6,6
2019-11-03 07,20.73,85.05,21.95,20.0,20.72,1016,1.5,270,0.0,75,6,6
2019-11-03 08,20.95,85.58,22.91,20.2,21.0,1016,1.5,270,0.0,75,6,6
2019-11-03 09,22.38,77.73,23.32,20.2,23.0,1017,2.1,250,0.0,75,6,6
2019-11-03 10,23.85,70.75,24.06,22.0,25.6,1017,3.1,250,0.0,75,6,6
2019-11-03 11,25.02,67.2,25.82,23.0,27.22,1013,3.1,250,0.0,75,7,6
2019-11-03 12,,,26.31,24.0,27.22,1012,3.1,230,0.0,75,7,6
2019-11-03 13,,,26.54,24.0,28.03,1011,3.6,230,0.0,75,7,6
2019-11-03 14,,,27.47,26.0,28.7,1010,3.1,250,0.0,40,7,6
2019-11-03 15,,,26.88,26.87,27.48,1013,3.6,250,0.0,40,7,6
2019-11-03 16,,,28.35,26.6,27.78,1009,2.1,240,0.0,40,7,6
2019-11-03 17,,,28.83,26.0,27.45,1009,1.0,250,0.0,40,7,6
2019-11-03 18,,,27.92,24.0,27.78,1010,2.49,283,0.0,60,7,6
2019-11-03 19,,,26.36,24.0,25.53,1014,2.44,277,0.0,56,7,6
2019-11-03 20,,,26.36,23.2,24.0,1015,1.0,250,0.0,40,2,6
2019-11-03 21,23.43,74.72,25.5,22.99,23.47,1015,1.0,250,0.0,40,2,6
2019-11-03 22,22.7,78.67,25.44,20.8,23.0,1015,1.0,230,0.0,40,2,6
2019-11-03 23,21.73,83.6,24.66,20.8,22.81,1015,1.0,230,0.0,40,2,5
2019-11-04 00,21.4,84.95,24.63,20.8,22.58,1015,1.0,230,0.0,40,2,5
2019-11-04 01,22.7,72.5,24.21,19.6,22.0,1014,1.0,230,0.0,40,2,6
2019-11-04 02,22.52,71.15,23.29,19.6,21.22,1014,1.0,230,0.0,40,2,6
2019-11-04 03,21.58,76.55,22.99,19.6,21.0,1014,1.0,230,0.0,40,2,6
2019-11-04 04,21.2,77.65,22.05,19.2,20.0,1014,1.0,250,0.0,40,6,6
2019-11-04 05,20.93,78.88,21.51,19.0,20.35,1014,1.0,250,0.0,40,6,6
2019-11-04 06,20.32,82.65,21.35,19.0,20.13,1015,1.0,240,0.0,40,6,6
2019-11-04 07,20.1,84.55,21.65,19.0,21.6,1016,1.0,240,0.0,40,6,6
2019-11-04 08,21.05,81.17,21.98,19.0,21.6,1016,1.0,270,0.0,40,6,6
2019-11-04 09,23.32,69.67,23.32,19.4,23.0,1017,1.5,270,0.0,20,6,6
2019-11-04 10,25.73,57.95,26.22,24.0,27.22,1013,2.6,270,0.0,20,7,6
2019-11-04 11,27.35,52.05,27.08,26.0,27.73,1013,3.1,320,0.0,20,7,6
2019-11-04 12,28.6,49.2,27.54,27.0,28.03,1015,3.1,270,0.0,20,7,6
2019-11-04 13,30.1,39.17,28.56,28.0,30.09,1014,3.6,270,0.0,20,7,6
2019-11-04 14,,,28.6,28.0,30.38,1014,3.1,270,0.0,20,7,6
2019-11-04 15,,,28.48,27.57,29.2,1013,2.6,270,0.0,1,7,6
2019-11-04 16,29.35,36.85,28.24,26.67,29.0,1009,2.1,280,0.0,1,7,6
2019-11-04 17,28.1,39.48,28.17,26.0,27.55,1010,1.0,270,0.0,1,0,3
2019-11-04 18,26.1,44.95,27.55,24.0,27.4,1010,1.0,270,0.0,1,0,3
2019-11-04 19,24.27,51.7,26.52,24.0,25.27,1013,1.0,270,0.0,1,0,4
2019-11-04 20,22.52,59.8,24.54,20.8,23.0,1014,1.0,250,0.0,0,2,5
2019-11-04 21,22.98,57.17,23.83,20.8,22.7,1014,1.0,250,0.0,0,2,5
2019-11-04 22,23.8,52.7,22.47,20.4,22.0,1014,2.1,270,0.0,0,2,5
2019-11-04 23,23.83,52.28,22.44,20.4,22.0,1014,2.1,270,0.0,0,2,5
2019-11-05 00,23.2,55.4,21.71,20.4,21.38,1013,2.1,270,0.0,0,2,6
2019-11-05 01,22.62,57.65,21.49,19.8,20.2,1013,1.0,270,0.0,0,2,6
2019-11-05 02,21.95,60.67,21.49,19.8,20.21,1013,1.0,270,0.0,0,2,6
2019-11-05 03,21.25,63.5,25.05,18.31,29.0,1007,1.0,270,0.0,0,2,6
2019-11-05 04,20.7,65.35,17.43,18.0,18.49,1012,2.79,299,0.0,1,2,6
2019-11-05 05,20.18,66.62,19.01,18.0,19.38,1012,1.5,250,0.0,0,2,6
2019-11-05 06,19.92,68.38,19.4,18.0,19.27,1012,1.0,250,0.0,0,6,6
2019-11-05 07,19.65,69.95,19.37,17.0,20.4,1013,1.0,250,0.0,1,6,6
2019-11-05 08,20.93,65.6,18.96,19.0,20.4,1013,3.1,250,0.0,1,7,6
2019-11-05 09,23.4,56.38,21.19,20.2,23.0,1014,2.6,250,0.0,1,7,6
2019-11-05 10,26.08,49.3,23.49,24.0,26.11,1010,4.6,250,0.0,1,7,6
2019-11-05 11,27.85,46.25,25.55,26.0,28.03,1009,4.1,250,0.0,0,7,5
2019-11-05 12,29.0,43.35,26.37,26.11,29.0,1008,4.1,260,0.0,1,7,5
2019-11-05 13,30.05,36.98,27.0,28.0,30.38,1011,5.1,250,0.0,1,0,4
2019-11-05 14,30.65,32.42,26.34,28.8,30.81,1011,6.2,270,0.0,1,0,3
2019-11-05 15,30.42,33.15,27.05,26.67,31.0,1006,3.6,250,0.0,1,0,3
2019-11-05 16,29.75,33.98,28.68,26.2,28.37,1005,1.0,250,0.0,0,0,2
2019-11-05 17,28.3,38.55,25.2,26.0,27.34,1005,2.6,260,0.0,1,0,3
2019-11-05 18,25.3,47.83,27.03,25.0,28.0,1006,1.0,250,0.0,0,0,3
2019-11-05 19,22.05,60.9,24.43,23.79,27.22,1004,2.25,276,0.0,1,0,3
2019-11-05 20,20.6,69.62,23.18,20.6,23.0,1011,2.22,271,0.0,1,2,4
2019-11-05 21,20.5,69.85,22.44,20.6,22.16,1011,2.39,275,0.0,1,2,4
2019-11-05 22,20.93,63.85,21.67,18.6,22.0,1011,2.37,282,0.0,1,2,5
2019-11-05 23,19.6,71.75,21.66,18.6,22.0,1011,2.31,291,0.0,3,2,5
2019-11-06 00,18.65,77.75,21.84,18.6,22.0,1010,2.13,295,0.0,2,2,5
2019-11-06 01,18.5,76.25,21.28,17.6,21.0,1010,1.0,200,0.0,2,2,5
2019-11-06 02,18.1,77.7,21.02,17.6,21.0,1009,1.0,200,0.0,1,2,4
2019-11-06 03,17.52,82.75,19.77,16.45,20.0,1009,1.0,200,0.0,0,2,4
2019-11-06 04,17.23,84.75,19.13,16.2,19.0,1009,0.93,301,0.0,0,2,3
2019-11-06 05,16.92,84.75,19.29,16.2,19.24,1009,0.33,214,0.0,1,2,3
2019-11-06 06,16.6,84.9,18.33,16.2,19.82,1010,0.94,203,0.0,2,2,3
2019-11-06 07,16.82,83.95,19.45,17.6,19.47,1011,1.16,194,0.0,40,2,3
2019-11-06 08,18.8,79.85,21.29,17.6,21.0,1011,0.84,174,0.0,40,2,4
2019-11-06 09,22.38,66.55,24.49,17.6,26.11,1008,0.94,162,0.0,40,2,4
2019-11-06 10,26.23,45.0,25.79,26.11,27.0,1006,1.5,170,0.0,40,7,4
2019-11-06 11,28.45,38.95,26.0,26.8,28.0,1011,2.6,160,0.0,40,7,4
2019-11-06 12,30.08,34.47,27.6,26.11,29.4,1006,2.1,140,0.0,20,0,5
2019-11-06 13,30.9,31.03,27.26,28.75,30.0,1009,3.1,180,0.0,40,0,5
2019-11-06 14,31.4,28.32,29.77,29.31,32.2,1008,2.6,180,0.0,25,0,5
2019-11-06 15,31.48,25.68,27.46,26.16,32.2,1003,2.6,180,0.0,27,0,3
2019-11-06 16,31.07,26.67,29.09,25.0,30.0,1004,1.5,90,0.0,20,0,2
2019-11-06 17,28.05,35.75,27.86,24.61,28.8,1004,1.5,90,0.0,20,0,2
2019-11-06 18,23.25,52.02,27.18,25.0,27.8,1004,1.5,90,0.0,20,0,3
2019-11-06 19,24.27,45.27,24.82,23.0,24.52,1008,1.5,160,0.0,20,0,3
2019-11-06 20,23.78,47.35,24.09,21.43,24.0,1009,1.5,160,0.0,20,0,4
2019-11-06 21,22.9,51.0,23.29,20.98,23.0,1009,1.5,160,0.0,20,0,4
2019-11-06 22,21.65,55.53,21.73,20.0,22.0,1009,1.5,140,0.0,20,0,4
2019-11-06 23,20.93,59.38,21.74,20.13,22.0,1009,1.5,140,0.0,20,0,5
2019-11-07 00,20.5,61.65,21.78,20.26,22.0,1009,1.5,140,0.0,20,0,5
2019-11-07 01,20.35,61.4,21.87,19.44,22.0,1008,1.5,110,0.0,40,2,5
2019-11-07 02,20.73,58.8,21.06,19.21,21.0,1008,1.5,110,0.0,40,2,5
2019-11-07 03,19.77,61.88,21.02,18.98,21.0,1009,1.5,110,0.0,40,2,5
2019-11-07 04,19.68,64.18,20.1,18.64,20.0,1009,2.05,119,0.0,40,2,5
2019-11-07 05,19.23,68.62,20.54,19.2,20.0,1009,1.71,99,0.0,40,2,5
2019-11-07 06,20.38,66.3,20.34,19.2,20.0,1010,2.05,95,0.0,40,2,5
2019-11-07 07,19.55,71.7,21.46,19.8,21.2,1012,1.5,50,0.0,40,0,5
2019-11-07 08,20.2,68.82,21.39,19.8,21.2,1012,1.5,50,0.0,40,0,5
2019-11-07 09,21.77,63.02,22.01,19.8,22.0,1013,1.5,50,0.0,40,0,5
2019-11-07 10,23.18,56.07,21.31,20.0,22.8,1014,2.1,270,0.26,75,8,5
2019-11-07 11,22.98,60.05,22.23,21.0,22.8,1014,2.1,270,2.14,75,8,5
2019-11-07 12,22.3,67.85,22.38,21.0,22.8,1013,2.1,270,0.21,75,8,5
2019-11-07 13,21.52,77.22,22.67,21.0,23.79,1011,3.6,90,0.0,90,6,6
2019-11-07 14,21.7,76.32,24.03,21.0,26.67,1006,3.6,90,0.0,90,6,6
2019-11-07 15,22.2,67.98,22.58,21.0,23.46,1010,3.6,90,0.0,90,6,6
2019-11-07 16,23.62,58.0,24.57,22.8,23.4,1010,2.1,50,0.0,75,2,5
2019-11-07 17,23.07,63.05,23.63,20.8,23.4,1009,2.1,50,0.0,75,2,5
2019-11-07 18,22.45,63.32,23.72,20.8,25.0,1006,2.1,50,0.0,75,2,5
2019-11-07 19,21.73,69.88,22.0,21.0,22.15,1011,2.6,80,0.0,75,2,5
2019-11-07 20,21.12,70.33,21.12,20.02,21.0,1012,2.6,80,0.0,75,2,5
2019-11-07 21,20.25,73.07,20.83,19.77,21.0,1012,2.6,80,0.0,75,2,5
2019-11-07 22,19.2,80.05,18.85,18.0,19.03,1012,1.9,87,0.0,75,2,5
2019-11-07 23,17.78,89.93,19.69,19.0,19.5,1012,1.5,220,0.0,75,2,6
2019-11-08 00,18.62,89.12,20.07,19.0,19.5,1012,1.49,75,0.0,75,2,6
2019-11-08 01,19.5,84.38,19.56,17.0,19.07,1011,1.77,66,0.0,40,2,6
2019-11-08 02,18.4,89.88,18.41,17.0,18.92,1011,2.34,70,0.0,40,2,6
2019-11-08 03,18.62,89.6,18.66,17.0,18.0,1011,1.46,77,0.0,40,2,6
2019-11-08 04,18.48,87.45,18.72,17.11,18.0,1012,1.53,75,0.0,40,2,6
2019-11-08 05,18.5,84.32,19.27,17.65,18.29,1012,0.98,31,0.0,40,2,6
2019-11-08 06,17.07,89.6,19.08,18.0,18.6,1013,1.5,90,0.0,40,2,5
2019-11-08 07,16.32,93.3,19.14,17.0,19.03,1014,1.66,337,0.0,20,2,5
2019-11-08 08,18.15,86.97,19.92,17.0,19.16,1014,1.19,6,0.0,20,2,5
2019-11-08 09,22.12,66.6,20.75,17.0,21.0,1015,1.76,35,0.0,20,2,5
2019-11-08 10,25.25,54.17,24.59,23.0,27.2,1015,1.0,20,0.0,40,7,5
2019-11-08 11,27.3,50.97,27.17,26.0,27.2,1015,1.0,20,0.0,40,7,5
2019-11-08 12,28.55,38.65,27.8,26.56,27.2,1014,1.0,20,0.0,40,7,5
2019-11-08 13,29.93,33.9,27.7,28.0,28.98,1014,2.1,290,0.0,40,7,5
2019-11-08 14,30.18,32.42,27.62,28.0,30.0,1013,3.1,270,0.0,40,0,5
2019-11-08 15,30.0,32.98,26.12,25.56,28.2,1008,3.1,310,0.0,40,7,4
2019-11-08 16,29.32,33.62,27.88,25.56,27.17,1008,1.5,290,0.0,40,0,3
2019-11-08 17,27.45,39.85,26.94,25.2,26.6,1009,1.5,290,0.0,40,0,3
2019-11-08 18,23.5,55.7,26.68,25.0,26.67,1009,1.5,290,0.0,40,0,4
2019-11-08 19,21.3,66.03,25.09,24.0,26.11,1008,2.1,310,0.0,20,0,4
2019-11-08 20,21.35,64.88,24.96,20.2,23.0,1015,1.0,270,0.0,5,2,5
2019-11-08 21,20.88,68.95,24.24,20.12,22.0,1015,1.0,270,0.0,3,2,5
2019-11-08 22,21.1,66.62,22.95,18.8,22.0,1015,1.99,326,0.0,2,2,5
2019-11-08 23,19.8,74.07,21.97,18.8,21.0,1015,2.21,316,0.0,2,2,5
2019-11-09 00,19.98,72.03,20.92,18.8,20.0,1015,2.62,315,0.0,1,2,5
2019-11-09 01,20.9,65.8,20.04,17.6,19.0,1014,1.0,250,0.0,2,2,5
2019-11-09 02,20.12,69.47,19.96,17.6,19.0,1014,1.0,250,0.0,0,2,5
2019-11-09 03,20.18,69.18,19.78,17.28,19.0,1014,1.0,250,0.0,1,2,5
2019-11-09 04,19.48,74.45,18.61,17.0,18.0,1013,1.5,250,0.0,1,2,5
2019-11-09 05,19.05,77.88,18.67,18.0,18.64,1013,2.1,280,0.0,1,2,5
2019-11-09 06,18.3,81.7,17.51,16.0,18.49,1014,1.5,250,0.0,0,2,5
2019-11-09 07,17.58,86.3,16.93,16.0,19.0,1015,3.1,270,0.0,0,6,5
2019-11-09 08,19.35,79.53,18.02,18.0,19.0,1016,3.1,270,0.0,0,6,5
2019-11-09 09,21.4,69.72,19.1,18.0,20.0,1016,3.1,270,0.0,0,6,5
2019-11-09 10,24.47,56.92,23.58,23.0,27.0,1011,2.1,320,0.0,0,0,5
2019-11-09 11,27.05,46.58,25.19,25.0,27.0,1011,2.1,320,0.0,0,0,5
2019-11-09 12,28.6,39.05,26.6,26.79,27.01,1015,2.1,320,0.0,0,0,5
2019-11-09 13,30.02,34.25,27.01,28.0,29.6,1013,3.1,270,0.0,0,0,3
2019-11-09 14,31.0,29.77,27.65,28.2,29.6,1012,3.1,270,0.0,0,0,2
2019-11-09 15,31.07,27.08,25.98,25.56,29.6,1008,3.1,270,0.0,0,0,2
2019-11-09 16,29.97,27.93,27.43,25.2,28.0,1008,1.0,270,0.0,0,0,2
2019-11-09 17,27.93,31.65,26.54,25.48,26.4,1008,1.0,270,0.0,0,0,2
2019-11-09 18,25.2,37.3,25.78,25.0,26.4,1012,1.0,270,0.0,0,0,2
2019-11-09 19,23.67,41.95,23.11,23.53,26.67,1008,2.6,320,0.0,1,0,3
2019-11-09 20,23.3,41.53,22.9,19.4,23.0,1015,1.0,250,0.0,0,0,4
2019-11-09 21,22.82,42.5,22.23,19.4,22.0,1015,1.0,250,0.0,0,0,5
2019-11-09 22,22.15,44.4,20.5,17.6,22.0,1015,2.67,322,0.0,0,2,5
2019-11-09 23,21.58,46.4,19.71,17.6,21.0,1014,2.51,322,0.0,0,2,5
2019-11-10 00,20.43,48.38,19.14,17.6,20.0,1014,2.29,321,0.0,0,2,5
2019-11-10 01,20.58,46.9,18.71,17.13,20.0,1014,2.09,321,0.0,0,2,6
2019-11-10 02,19.5,48.72,17.9,16.76,19.0,1014,2.08,318,0.0,0,2,6
2019-11-10 03,19.62,46.3,17.06,15.61,18.0,1014,1.87,308,0.0,0,2,6
2019-11-10 04,18.8,49.88,17.36,15.64,18.0,1014,1.0,250,0.0,0,2,6
2019-11-10 05,17.93,53.35,17.0,16.6,17.0,1014,1.0,250,0.0,0,2,6
2019-11-10 06,17.65,53.1,17.03,16.6,17.04,1014,1.0,250,0.0,0,2,6
2019-11-10 07,17.35,54.38,17.2,15.6,18.0,1015,1.5,270,0.0,0,2,6
2019-11-10 08,18.65,51.42,17.23,15.6,18.0,1016,1.5,270,0.0,0,2,6
2019-11-10 09,21.05,46.67,18.05,15.6,19.0,1016,1.5,270,0.0,2,2,6
2019-11-10 10,23.25,43.33,23.28,23.04,25.6,1010,2.1,270,0.0,4,7,6
2019-11-10 11,25.8,38.2,24.35,25.2,25.91,1009,2.1,270,0.0,4,7,6
2019-11-10 12,27.68,33.05,24.49,25.2,26.29,1008,2.1,270,0.0,11,7,6
2019-11-10 13,28.5,31.48,26.83,27.0,28.72,1013,2.1,250,0.0,20,0,5
2019-11-10 14,28.88,29.12,26.83,27.0,28.82,1013,2.1,250,0.0,20,0,5
2019-11-10 15,28.85,29.97,24.64,25.29,27.2,1006,3.1,270,0.0,1,7,4
2019-11-10 16,28.2,30.62,25.81,23.4,26.11,1007,1.0,270,0.0,10,0,3
2019-11-10 17,26.3,34.02,25.65,23.4,26.11,1008,1.0,270,0.0,24,0,3
2019-11-10 18,23.55,41.33,25.76,23.4,26.67,1007,1.0,270,0.0,38,0,3
2019-11-10 19,21.72,47.62,23.32,19.2,26.67,1007,2.47,319,0.0,7,2,3
2019-11-10 20,21.07,49.98,20.14,19.2,20.8,1014,2.38,315,0.0,13,2,4
2019-11-10 21,20.7,50.83,20.53,19.11,21.0,1015,2.23,308,0.0,14,2,5
2019-11-10 22,19.9,52.4,20.01,17.4,21.0,1015,2.12,301,0.0,21,2,5
2019-11-10 23,19.27,52.85,18.45,17.4,19.6,1014,2.16,298,0.0,26,2,5
2019-11-11 00,18.57,54.27,18.39,17.37,19.6,1014,2.23,304,0.0,33,2,5
2019-11-11 01,19.77,48.58,15.86,16.0,17.31,1013,2.22,310,0.0,79,2,5
2019-11-11 02,19.85,43.5,16.47,15.99,18.0,1012,2.18,313,0.0,97,2,5
2019-11-11 03,18.9,45.25,16.49,15.16,18.0,1012,1.71,313,0.0,62,2,6
2019-11-11 04,17.57,47.83,15.96,14.6,18.0,1013,1.61,310,0.0,27,2,6
2019-11-11 05,16.3,52.98,15.64,14.6,17.0,1013,1.64,309,0.0,24,2,6
2019-11-11 06,15.8,55.58,15.67,14.6,17.0,1013,1.57,304,0.0,33,2,6
2019-11-11 07,16.43,51.33,15.38,15.4,17.2,1014,2.18,300,0.0,59,6,6
2019-11-11 08,18.65,45.65,16.9,15.4,19.0,1014,1.44,299,0.0,74,6,6
2019-11-11 09,21.18,41.03,18.22,15.4,20.0,1015,1.43,304,0.0,91,6,6
2019-11-11 10,23.77,34.15,20.85,21.47,25.4,1015,2.1,270,0.0,20,7,6
2019-11-11 11,25.85,29.78,22.68,24.0,25.4,1015,2.1,270,0.0,20,7,6
2019-11-11 12,27.02,26.0,23.3,24.54,25.43,1014,2.1,270,0.0,20,7,6
2019-11-11 13,27.6,27.97,24.21,26.0,27.32,1013,2.6,320,0.0,20,7,6
2019-11-11 14,28.32,27.55,25.98,26.0,28.2,1012,2.1,270,0.0,20,7,6
2019-11-11 15,28.25,29.57,25.37,24.41,28.2,1012,2.1,270,0.0,20,7,5
2019-11-11 16,27.42,31.45,26.74,23.2,27.0,1012,1.0,270,0.0,20,7,5
2019-11-11 17,25.68,34.48,25.88,22.83,26.6,1012,1.0,270,0.0,20,7,5
2019-11-11 18,22.53,43.1,24.45,22.52,25.0,1012,1.0,270,0.0,20,7,5
2019-11-11 19,20.15,52.27,20.37,20.42,22.0,1013,2.1,300,0.0,20,0,5
2019-11-11 20,19.05,58.08,19.75,17.66,21.0,1013,2.26,337,0.0,20,2,5
2019-11-11 21,17.62,65.22,19.21,17.47,20.0,1013,2.02,333,0.0,20,2,5
2019-11-11 22,17.15,66.95,18.33,15.59,20.0,1013,2.04,332,0.0,20,2,5
2019-11-11 23,17.6,59.55,17.34,15.0,19.0,1014,2.08,334,0.0,20,2,6
2019-11-12 00,16.88,60.4,16.79,15.29,18.0,1013,2.07,339,0.0,20,2,6
2019-11-12 01,16.08,63.1,14.81,14.36,16.0,1013,1.99,343,0.0,20,2,6
2019-11-12 02,16.25,59.75,15.03,14.16,16.0,1013,1.92,344,0.0,20,2,6
2019-11-12 03,15.35,64.3,14.67,12.9,16.0,1013,1.95,347,0.0,20,2,6
2019-11-12 04,15.93,59.6,14.29,12.86,16.0,1013,1.8,343,0.0,20,6,6
2019-11-12 05,15.38,61.2,14.34,13.6,16.0,1013,2.05,332,0.0,20,6,6
2019-11-12 06,15.0,63.52,13.76,13.6,15.0,1013,1.98,315,0.0,20,6,6
2019-11-12 07,14.1,70.95,14.7,14.0,16.4,1014,1.0,230,0.0,34,6,6
2019-11-12 08,15.85,67.6,15.0,15.21,16.4,1015,2.1,240,0.0,20,6,6
2019-11-12 09,19.47,57.52,15.89,15.8,18.0,1016,2.1,250,0.0,20,7,6
2019-11-12 10,22.67,46.48,20.76,21.0,25.0,1015,2.1,270,0.0,7,7,6
2019-11-12 11,24.93,39.2,22.27,23.0,25.0,1015,2.1,270,0.0,5,7,6
2019-11-12 12,26.62,32.62,23.2,23.8,25.11,1014,2.1,270,0.0,0,7,6
2019-11-12 13,28.05,29.0,23.79,26.0,27.57,1013,3.6,290,0.0,20,7,6
2019-11-12 14,28.4,29.05,24.68,26.8,28.14,1013,3.6,290,0.0,1,7,6
2019-11-12 15,28.35,30.77,24.07,24.46,27.0,1013,3.1,270,0.0,1,7,6
2019-11-12 16,27.38,33.35,26.18,23.6,26.0,1013,1.93,300,0.0,0,7,6
2019-11-12 17,25.2,38.78,24.42,22.05,25.0,1013,2.91,307,0.0,0,7,5
2019-11-12 18,20.73,52.9,23.39,21.84,24.8,1013,2.74,313,0.0,26,7,5
2019-11-12 19,19.28,58.4,20.29,20.25,23.0,1014,2.62,319,0.0,1,7,6
2019-11-12 20,18.02,64.03,20.04,16.91,21.0,1015,2.42,322,0.0,67,2,6
2019-11-12 21,17.5,65.3,19.56,16.88,20.0,1015,2.16,328,0.0,83,2,6
2019-11-12 22,16.45,69.58,18.26,15.38,20.0,1016,2.35,338,0.0,81,6,6
2019-11-12 23,16.62,67.0,17.65,15.2,19.0,1016,2.11,350,0.0,85,6,6
2019-11-13 00,16.2,68.65,17.22,15.41,18.0,1016,1.91,358,0.0,80,6,6
2019-11-13 01,16.3,67.42,16.25,14.93,17.0,1015,1.91,1,0.0,90,6,6
2019-11-13 02,16.7,65.72,16.26,14.69,17.0,1015,1.75,355,0.0,89,6,6
2019-11-13 03,16.7,66.22,16.06,13.95,17.0,1015,1.7,350,0.0,86,6,6
2019-11-13 04,16.65,69.1,16.34,14.14,17.0,1015,1.0,250,0.0,95,6,6
2019-11-13 05,17.05,71.7,15.86,14.4,16.0,1015,1.0,250,0.0,98,6,6
2019-11-13 06,16.15,78.33,15.87,14.4,16.0,1016,1.0,250,0.0,97,6,6
2019-11-13 07,15.07,85.7,15.17,15.0,16.67,1017,2.14,294,0.0,88,6,6
2019-11-13 08,16.3,83.08,16.67,15.6,17.08,1017,1.67,293,0.0,93,6,6
2019-11-13 09,19.73,71.03,18.16,15.6,19.0,1018,1.7,299,0.0,90,6,6
2019-11-13 10,22.18,62.12,23.04,22.0,24.8,1018,1.83,303,0.0,100,7,6
2019-11-13 11,24.45,53.83,24.65,24.0,25.63,1017,1.98,306,0.0,95,7,6
2019-11-13 12,26.38,46.38,25.18,24.0,25.9,1017,2.15,307,0.0,97,7,6
2019-11-13 13,27.18,40.58,26.94,26.8,28.46,1015,1.0,250,0.0,20,7,6
2019-11-13 14,28.43,37.18,27.74,27.48,28.65,1015,1.0,250,0.0,20,7,6
2019-11-13 15,28.27,34.12,26.82,24.76,28.2,1015,1.0,250,0.0,20,7,6
2019-11-13 16,26.88,39.1,27.95,24.55,27.0,1015,1.13,343,0.0,20,7,6
2019-11-13 17,24.8,50.4,25.87,22.8,26.0,1015,2.16,342,0.0,20,7,6
2019-11-13 18,21.5,64.22,24.56,22.8,25.0,1015,2.47,335,0.0,20,7,6
2019-11-13 19,19.8,72.85,21.85,21.52,23.09,1016,2.46,331,0.0,40,7,6
2019-11-13 20,19.23,76.17,22.32,18.93,22.0,1016,2.13,336,0.0,23,6,6
2019-11-13 21,19.48,70.38,22.24,18.69,22.0,1017,2.21,343,0.0,50,6,6
2019-11-13 22,18.57,72.23,20.66,17.43,21.0,1017,2.04,353,0.0,87,2,6
2019-11-13 23,18.62,72.07,19.81,16.97,20.0,1017,1.95,353,0.0,98,2,6
2019-11-14 00,17.7,77.3,19.97,17.29,20.0,1017,1.92,349,0.0,100,2,6
2019-11-14 01,17.62,78.7,19.06,16.83,19.0,1016,1.75,349,0.0,99,7,6
2019-11-14 02,17.45,80.85,19.05,16.7,19.0,1016,1.63,345,0.0,96,7,6
2019-11-14 03,17.05,82.2,18.06,15.79,18.0,1016,1.65,345,0.0,97,7,6
2019-11-14 04,17.0,82.53,18.17,15.66,18.0,1016,1.37,317,0.0,20,6,6
2019-11-14 05,17.02,81.38,18.74,16.4,18.11,1016,1.18,303,0.0,20,6,6
2019-11-14 06,16.77,81.1,17.98,16.4,17.82,1016,1.15,293,0.0,20,6,6
2019-11-14 07,16.52,83.28,18.7,17.4,18.64,1018,1.82,289,0.0,20,6,6
2019-11-14 08,17.93,80.08,19.98,17.62,19.0,1018,1.03,300,0.0,20,6,6
2019-11-14 09,20.97,71.93,20.14,17.64,19.0,1019,0.85,306,0.0,20,6,6
2019-11-14 10,22.23,65.85,22.14,21.2,22.8,1019,2.1,260,0.0,40,7,6
2019-11-14 11,24.52,53.58,24.76,22.8,25.03,1018,1.5,230,0.0,20,7,6
2019-11-14 12,26.6,46.85,25.94,23.6,25.76,1017,1.5,230,0.0,20,7,6
2019-11-14 13,25.5,51.08,28.62,25.6,27.67,1016,1.0,70,0.0,40,7,6
2019-11-14 14,25.43,51.4,28.7,25.6,27.92,1016,1.0,70,0.0,40,7,6
2019-11-14 15,25.33,51.9,27.12,24.41,25.6,1016,1.0,70,0.0,40,7,6
2019-11-14 16,25.25,53.9,27.54,24.2,25.63,1016,1.0,50,0.0,20,7,6
2019-11-14 17,23.82,64.7,26.08,22.2,25.0,1015,1.0,50,0.0,20,7,5
2019-11-14 18,20.68,77.05,25.48,22.2,25.0,1016,1.0,50,0.0,20,7,6
2019-11-14 19,19.4,81.7,22.08,21.04,22.59,1016,1.97,3,0.0,40,7,6
2019-11-14 20,18.7,86.25,22.24,19.2,21.3,1017,1.72,8,0.0,20,6,6
2019-11-14 21,18.38,89.8,21.6,19.2,21.49,1017,1.79,355,0.0,20,6,6
2019-11-14 22,18.12,91.78,20.0,18.73,20.06,1017,1.78,344,0.0,20,7,6
2019-11-14 23,18.15,92.75,19.48,17.4,19.0,1017,1.88,322,0.0,43,2,6
2019-11-15 00,17.83,93.88,19.15,17.4,19.0,1017,2.17,311,0.0,85,2,6
2019-11-15 01,18.3,84.05,18.04,16.56,18.0,1016,2.1,290,0.0,100,2,6
2019-11-15 02,19.2,74.38,18.04,16.68,18.0,1016,2.1,290,0.0,100,2,6
2019-11-15 03,18.75,74.57,18.09,16.79,18.0,1016,2.1,290,0.0,100,2,6
2019-11-15 04,18.02,75.55,17.58,16.8,18.0,1016,2.39,331,0.0,20,6,6
2019-11-15 05,17.88,77.65,17.82,17.87,18.37,1016,2.6,270,0.0,90,6,6
2019-11-15 06,18.1,78.12,17.77,16.8,17.91,1016,1.34,305,0.0,20,6,6
2019-11-15 07,18.2,78.97,18.16,17.0,18.8,1017,1.5,340,0.0,40,6,6
2019-11-15 08,19.15,76.0,19.22,17.8,19.0,1018,1.5,340,0.0,40,6,6
2019-11-15 09,20.95,69.5,19.72,17.7,20.0,1018,1.5,340,0.0,40,6,6
2019-11-15 10,23.0,62.62,23.08,21.0,25.6,1018,1.0,320,0.0,20,7,6
2019-11-15 11,24.98,56.98,25.78,23.78,25.6,1017,1.0,320,0.0,20,7,6
2019-11-15 12,26.7,53.0,26.5,24.33,25.6,1017,1.0,320,0.0,20,7,6
2019-11-15 13,27.8,50.42,28.46,27.0,28.13,1015,1.0,340,0.0,20,7,6
2019-11-15 14,28.97,39.6,28.62,27.0,28.62,1014,1.0,340,0.0,20,7,6
2019-11-15 15,28.97,37.83,27.77,24.96,28.0,1014,1.0,340,0.0,20,7,5
2019-11-15 16,28.25,38.73,27.54,24.89,26.0,1014,1.82,342,0.0,40,7,5
2019-11-15 17,25.8,48.1,26.68,23.67,26.0,1014,2.16,333,0.0,40,7,6
2019-11-15 18,22.33,62.7,25.6,23.67,25.6,1014,2.06,327,0.0,40,7,5
2019-11-15 19,20.4,73.97,23.32,22.32,23.0,1015,1.5,250,0.0,40,7,5
2019-11-15 20,19.67,79.92,22.8,19.78,22.0,1015,1.94,314,0.0,20,6,5
2019-11-15 21,19.07,85.47,22.11,19.72,21.0,1015,2.05,311,0.0,20,6,6
2019-11-15 22,18.98,85.62,20.26,18.4,20.0,1015,2.46,308,0.0,20,6,6
2019-11-15 23,19.23,82.25,20.11,18.4,20.0,1015,2.74,309,0.0,20,6,6
2019-11-16 00,20.12,74.05,19.26,18.4,19.61,1015,2.87,312,0.0,20,6,6
2019-11-16 01,20.15,69.98,18.84,17.8,19.0,1015,3.12,315,0.0,20,6,6
2019-11-16 02,19.65,69.33,18.68,17.8,19.0,1015,3.32,320,0.0,20,6,6
2019-11-16 03,19.52,68.73,18.28,17.57,19.0,1015,3.63,332,0.0,20,6,6
2019-11-16 04,19.42,69.1,18.27,17.17,18.0,1015,1.5,320,0.0,40,6,5
2019-11-16 05,19.2,71.07,18.54,17.6,18.48,1015,1.5,320,0.0,40,6,5
2019-11-16 06,18.77,74.6,18.51,17.6,18.38,1015,1.5,320,0.0,40,6,5
2019-11-16 07,18.83,74.05,19.18,17.6,18.83,1016,1.0,320,0.0,3,2,5
2019-11-16 08,19.0,74.72,19.81,17.6,19.35,1016,1.0,320,0.0,0,2,5
2019-11-16 09,21.48,65.72,21.08,17.6,21.0,1016,1.0,320,0.0,1,2,5
2019-11-16 10,24.62,54.05,23.56,23.0,26.4,1016,2.6,340,0.0,1,0,5
2019-11-16 11,27.15,45.85,25.46,25.0,26.68,1016,2.6,340,0.0,1,0,5
2019-11-16 12,29.05,39.6,26.72,26.4,27.11,1016,2.6,340,0.0,1,0,4
2019-11-16 13,30.18,34.83,24.74,27.97,28.8,1015,6.2,300,0.0,20,7,4
2019-11-16 14,30.62,32.08,27.36,28.0,29.2,1014,3.6,340,0.0,0,0,3
2019-11-16 15,30.43,32.33,26.6,25.7,29.2,1014,3.6,340,0.0,1,0,2
2019-11-16 16,28.68,37.05,27.5,24.2,26.26,1014,2.1,340,0.0,3,0,2
2019-11-16 17,26.18,42.52,26.91,24.2,26.4,1015,2.1,340,0.0,5,0,2
2019-11-16 18,24.5,45.23,26.27,24.0,25.98,1015,2.1,340,0.0,2,0,3
2019-11-16 19,23.5,47.12,22.43,23.0,24.17,1016,2.6,280,0.0,1,0,3
2019-11-16 20,22.95,49.92,21.16,21.27,22.0,1016,2.1,250,0.0,1,0,3
2019-11-16 21,22.25,53.8,20.52,20.0,21.15,1017,2.1,320,0.0,0,0,4
2019-11-16 22,21.4,58.02,18.52,18.96,19.6,1016,3.1,340,0.0,1,2,5
2019-11-16 23,20.6,61.98,18.56,19.0,19.6,1016,3.1,340,0.0,0,2,5
2019-11-17 00,20.07,63.9,17.84,18.0,19.6,1016,3.1,340,0.0,0,2,5
2019-11-17 01,19.8,63.08,17.13,18.0,19.0,1016,3.1,260,0.0,1,0,5
2019-11-17 02,19.65,61.23,16.71,17.0,18.48,1016,2.6,260,0.0,1,0,5
2019-11-17 03,19.18,62.27,15.43,15.0,17.22,1015,2.6,270,0.0,1,2,4
2019-11-17 04,18.75,64.18,15.26,15.0,17.24,1015,3.1,320,0.0,0,2,4
2019-11-17 05,18.35,67.6,15.56,15.0,18.01,1015,3.1,320,0.0,0,2,4
2019-11-17 06,18.05,71.45,15.49,15.0,17.9,1016,3.1,320,0.0,0,2,4
2019-11-17 07,17.73,74.75,15.64,15.0,18.4,1017,3.1,340,0.0,0,2,4
2019-11-17 08,18.35,72.72,16.73,17.0,18.46,1017,3.1,340,0.0,0,2,4
2019-11-17 09,20.27,64.45,18.06,17.4,19.0,1017,3.1,340,0.0,0,2,4
2019-11-17 10,23.38,52.1,20.9,21.0,26.2,1017,4.1,340,0.0,0,0,4
2019-11-17 11,25.62,44.67,23.55,24.0,26.36,1017,4.1,340,0.0,26,0,3
2019-11-17 12,27.53,39.1,24.72,25.2,26.46,1016,4.1,340,0.0,57,0,3
2019-11-17 13,29.0,33.7,27.27,27.0,28.25,1015,2.6,330,0.0,20,0,2
2019-11-17 14,29.52,30.6,28.58,27.6,28.96,1014,1.0,320,0.0,20,0,1
2019-11-17 15,29.62,28.57,27.89,25.81,28.8,1014,1.0,320,0.0,20,0,1
2019-11-17 16,29.07,28.5,27.03,24.8,28.0,1014,1.0,320,0.0,20,0,1
2019-11-17 17,27.32,29.07,25.99,24.8,27.0,1013,1.0,320,0.0,20,0,1
2019-11-17 18,24.82,34.67,25.19,24.6,25.8,1014,1.0,320,0.0,20,0,2
2019-11-17 19,23.32,40.23,22.9,21.2,23.59,1015,1.0,340,0.0,20,0,2
2019-11-17 20,23.07,41.97,22.01,20.1,22.0,1015,1.0,340,0.0,20,0,3
2019-11-17 21,22.42,45.17,21.25,19.7,21.2,1015,1.0,340,0.0,20,0,4
2019-11-17 22,21.83,47.78,20.63,18.47,21.0,1015,1.5,340,0.0,40,0,5
2019-11-17 23,21.35,53.1,19.93,18.35,20.0,1015,1.5,340,0.0,40,0,5
2019-11-18 00,20.42,59.65,17.02,18.0,18.97,1015,2.6,260,0.0,1,0,5
2019-11-18 01,19.77,65.15,16.11,17.0,18.04,1015,2.6,250,0.0,1,0,5
2019-11-18 02,19.12,69.8,15.95,17.0,17.61,1015,2.6,250,0.0,1,2,5
2019-11-18 03,18.73,73.3,14.73,15.62,16.1,1015,2.6,260,0.0,1,2,5
2019-11-18 04,18.2,77.05,16.07,15.6,16.4,1014,2.1,340,0.0,20,2,5
2019-11-18 05,17.83,80.4,15.62,15.0,16.61,1015,2.1,340,0.0,20,2,5
2019-11-18 06,17.85,80.88,15.57,15.0,16.56,1015,2.1,340,0.0,20,2,5
2019-11-18 07,17.75,79.88,16.41,16.0,17.8,1016,2.6,340,0.0,40,2,4
2019-11-18 08,18.32,77.2,16.2,16.0,17.8,1016,2.6,340,0.0,40,2,4
2019-11-18 09,19.85,69.53,17.29,16.2,18.0,1017,2.6,340,0.0,40,2,4
2019-11-18 10,21.5,62.75,19.96,20.8,23.2,1017,4.6,320,0.0,40,0,4
2019-11-18 11,23.2,57.0,21.67,23.0,24.12,1017,4.6,320,0.0,40,0,4
2019-11-18 12,24.73,51.5,22.35,23.0,24.4,1016,4.6,320,0.0,40,0,3
2019-11-18 13,26.05,44.08,22.05,24.96,25.28,1014,5.1,300,0.0,20,0,3
2019-11-18 14,26.8,39.18,21.94,25.0,26.59,1013,5.7,280,0.0,20,0,2
2019-11-18 15,26.93,35.83,21.83,23.87,25.0,1013,4.6,290,0.0,40,0,2
2019-11-18 16,26.18,35.75,24.65,23.4,25.0,1013,2.66,301,0.0,20,0,2
2019-11-18 17,24.65,38.35,22.7,22.4,23.49,1013,2.64,291,0.0,20,0,2
2019-11-18 18,21.43,49.2,22.07,22.0,23.4,1013,2.53,280,0.0,20,0,2
2019-11-18 19,19.38,57.88,20.22,20.73,21.43,1014,1.5,270,0.0,40,0,3
2019-11-18 20,17.75,68.05,19.49,17.6,20.0,1015,2.08,270,0.0,20,2,3
2019-11-18 21,17.55,70.42,18.93,17.6,19.11,1015,2.16,272,0.0,20,2,4
2019-11-18 22,17.95,67.58,19.05,15.8,19.0,1015,1.0,340,0.0,98,2,4
2019-11-18 23,17.73,67.0,18.19,15.8,18.0,1015,1.0,340,0.0,90,2,5
2019-11-19 00,17.6,65.78,18.13,15.8,18.0,1015,1.0,340,0.0,73,2,4
2019-11-19 01,17.4,67.65,15.93,15.12,17.0,1014,2.49,287,0.0,25,2,4
2019-11-19 02,17.8,66.22,15.77,14.75,17.0,1014,2.53,288,0.0,35,2,5
2019-11-19 03,18.68,61.53,14.29,13.97,15.4,1014,2.35,278,0.0,11,2,5
2019-11-19 04,18.3,63.27,14.33,13.6,15.0,1014,1.5,340,0.0,0,2,5
2019-11-19 05,17.08,70.43,14.31,14.88,15.61,1014,1.5,250,0.0,20,2,5
2019-11-19 06,16.05,77.38,14.28,14.89,15.51,1015,1.5,240,0.0,20,2,5
2019-11-19 07,16.07,77.1,14.52,15.0,16.18,1016,1.0,340,0.0,0,0,5
2019-11-19 08,16.93,75.47,14.58,15.0,16.42,1016,1.0,340,0.0,0,0,5
2019-11-19 09,19.52,65.47,16.16,15.2,18.0,1017,1.0,340,0.0,0,0,5
2019-11-19 10,21.83,57.08,20.82,21.0,23.8,1016,3.1,230,0.0,0,0,6
2019-11-19 11,23.6,51.1,22.54,23.0,24.72,1016,3.1,230,0.0,0,0,6
2019-11-19 12,25.1,46.67,23.34,23.6,25.0,1015,3.1,230,0.0,0,0,6
2019-11-19 13,26.07,42.2,24.6,25.0,26.8,1013,2.6,250,0.0,3,0,6
2019-11-19 14,26.9,38.4,24.69,25.0,26.8,1013,2.6,250,0.0,23,0,5
2019-11-19 15,27.23,35.7,24.63,24.02,26.8,1012,2.6,250,0.0,3,0,4
2019-11-19 16,26.7,35.85,26.33,22.6,26.0,1012,1.0,250,0.0,0,0,3
2019-11-19 17,24.25,42.15,25.03,22.6,24.37,1012,1.0,250,0.0,0,0,3
2019-11-19 18,19.55,61.75,24.53,22.6,24.9,1012,1.0,250,0.0,0,0,2
2019-11-19 19,18.0,71.12,20.78,21.11,23.44,1013,2.1,270,0.0,1,0,3
2019-11-19 20,17.23,76.45,20.0,17.4,21.0,1014,2.29,240,0.0,5,2,4
2019-11-19 21,16.75,79.92,19.27,17.4,20.0,1014,2.48,249,0.0,0,2,4
2019-11-19 22,16.27,83.3,17.9,15.4,19.0,1014,2.57,270,0.0,0,2,5
2019-11-19 23,15.7,85.9,17.79,15.34,19.0,1014,2.53,289,0.0,0,2,5
2019-11-20 00,15.1,87.65,17.48,15.38,18.89,1014,2.2,306,0.0,0,2,5
2019-11-20 01,14.85,89.0,16.17,14.42,17.0,1014,1.88,319,0.0,0,2,5
2019-11-20 02,15.62,85.53,16.08,14.08,17.0,1014,1.8,329,0.0,0,2,5
2019-11-20 03,14.5,89.02,15.85,13.22,17.0,1014,1.74,338,0.0,0,2,5
2019-11-20 04,13.82,92.18,14.22,12.89,16.0,1014,2.11,341,0.0,34,2,6
2019-11-20 05,13.68,93.45,13.82,13.38,15.0,1014,1.97,334,0.0,72,2,6
2019-11-20 06,13.38,94.32,14.05,13.29,15.0,1014,1.7,327,0.0,82,2,6
2019-11-20 07,13.45,92.47,14.26,14.47,15.6,1015,1.47,326,0.0,1,2,6
2019-11-20 08,15.3,82.58,14.79,14.8,16.0,1016,1.5,260,0.0,20,7,6
2019-11-20 09,19.4,63.65,17.76,13.8,18.0,1016,0.42,13,0.0,79,2,6
2019-11-20 10,22.08,54.0,22.35,21.0,25.4,1016,0.58,49,0.0,75,7,6
2019-11-20 11,24.45,44.42,24.44,23.0,25.57,1016,0.31,48,0.0,39,7,6
2019-11-20 12,26.23,35.92,25.5,24.6,25.61,1015,0.1,339,0.0,28,7,6
2019-11-20 13,27.62,29.42,24.98,25.56,27.36,1014,2.1,260,0.0,20,7,6
2019-11-20 14,27.73,27.85,26.28,25.56,28.2,1013,1.0,140,0.0,20,7,5
2019-11-20 15,27.65,28.65,23.53,23.74,26.0,1009,2.6,290,0.0,1,0,4
2019-11-20 16,26.35,32.9,26.83,23.74,26.0,1013,0.77,7,0.0,20,7,5
2019-11-20 17,23.0,44.9,24.39,22.43,25.0,1013,2.22,36,0.0,20,7,5
2019-11-20 18,19.52,58.1,22.11,21.6,23.8,1014,2.21,52,0.0,20,7,5
2019-11-20 19,17.85,67.65,19.75,20.32,21.67,1015,2.22,68,0.0,1,0,5
2019-11-20 20,17.0,74.78,19.03,17.4,20.0,1016,2.31,79,0.0,20,2,5
2019-11-20 21,16.73,78.92,19.06,17.4,20.0,1016,2.36,81,0.0,20,2,5
2019-11-20 22,16.0,83.75,17.62,15.6,19.0,1016,2.41,83,0.0,0,2,6
2019-11-20 23,15.7,80.42,16.72,15.6,18.0,1016,2.47,88,0.0,0,2,6
2019-11-21 00,15.32,82.33,16.78,15.6,18.0,1016,2.54,84,0.0,0,2,6
2019-11-21 01,14.77,84.55,16.56,15.0,18.0,1016,2.47,78,0.0,1,2,6
2019-11-21 02,14.55,86.92,15.96,14.76,17.0,1016,2.28,74,0.0,8,2,6
2019-11-21 03,14.75,81.57,14.78,13.46,16.0,1016,2.26,91,0.0,9,2,6
2019-11-21 04,13.8,84.4,14.5,13.2,16.0,1016,2.14,97,0.0,7,2,6
2019-11-21 05,13.28,87.55,14.65,14.5,16.0,1016,2.13,103,0.0,1,6,6
2019-11-21 06,13.2,88.53,14.12,14.43,15.31,1016,2.14,111,0.0,1,6,6
2019-11-21 07,13.05,88.12,14.93,14.4,15.53,1017,1.27,114,0.0,20,6,6
2019-11-21 08,14.73,84.6,15.74,14.4,16.0,1018,0.89,137,0.0,20,6,6
2019-11-21 09,19.3,70.22,16.26,14.4,16.88,1018,0.64,144,0.0,20,6,6
2019-11-21 10,22.62,45.75,20.32,18.0,24.6,1019,1.5,70,0.0,20,7,6
2019-11-21 11,25.38,36.0,22.82,20.0,24.78,1018,1.5,70,0.0,20,7,6
2019-11-21 12,26.38,34.0,24.17,23.8,24.97,1017,1.5,70,0.0,20,7,5
2019-11-21 13,27.65,30.78,25.05,25.4,27.06,1017,1.5,270,0.0,40,0,5
2019-11-21 14,27.85,29.9,26.46,25.4,28.4,1016,1.43,349,0.0,20,7,5
2019-11-21 15,27.12,31.9,25.25,23.92,28.4,1016,2.13,351,0.0,20,7,5
2019-11-21 16,26.25,34.1,26.53,22.4,26.0,1016,1.47,2,0.0,100,7,5
2019-11-21 17,24.42,40.75,25.0,22.35,25.0,1016,2.36,17,0.0,96,7,5
2019-11-21 18,20.73,54.98,23.71,22.13,23.73,1016,2.27,20,0.0,94,7,5
2019-11-21 19,19.25,62.08,20.34,20.43,22.04,1017,2.19,23,0.0,20,7,5
2019-11-21 20,18.08,71.5,20.68,17.61,21.0,1017,1.95,19,0.0,20,7,5
2019-11-21 21,17.42,76.5,20.7,17.2,21.0,1017,1.95,11,0.0,20,7,5
2019-11-21 22,17.1,76.65,19.25,15.76,20.0,1017,2.27,5,0.0,20,7,5
2019-11-21 23,16.93,75.83,18.37,15.08,19.0,1017,2.06,5,0.0,20,7,6
2019-11-22 00,16.38,75.5,18.49,15.32,19.0,1017,1.99,9,0.0,20,7,6
2019-11-22 01,15.93,75.55,16.43,14.44,18.0,1017,2.42,12,0.0,20,7,6
2019-11-22 02,15.15,80.0,16.16,14.62,17.0,1016,1.86,359,0.0,20,7,6
2019-11-22 03,14.78,81.8,17.04,13.2,17.0,1016,0.05,83,0.0,20,7,6
2019-11-22 04,14.05,85.2,15.17,12.67,17.0,1016,1.11,218,0.0,20,2,6
2019-11-22 05,13.57,88.28,14.51,13.4,16.0,1016,1.57,248,0.0,20,2,6
2019-11-22 06,13.28,89.47,14.42,13.4,16.0,1016,1.76,262,0.0,20,2,6
2019-11-22 07,13.43,91.05,16.95,14.8,17.0,1018,1.0,340,0.0,20,6,6
2019-11-22 08,15.1,89.22,18.05,14.8,19.0,1018,1.0,340,0.0,20,6,6
2019-11-22 09,20.02,66.05,19.1,14.8,20.0,1019,1.0,340,0.0,20,6,6
2019-11-22 10,23.78,44.73,22.46,23.0,24.8,1019,2.1,270,0.0,20,7,6
2019-11-22 11,25.7,37.35,24.43,23.89,25.85,1019,1.0,200,0.0,20,0,5
2019-11-22 12,27.07,35.35,25.65,24.8,26.13,1018,1.0,200,0.0,20,0,5
2019-11-22 13,27.57,34.1,26.68,25.56,27.4,1017,1.0,340,0.0,20,0,5
2019-11-22 14,28.05,32.67,27.66,26.63,27.74,1016,1.0,340,0.0,20,0,5
2019-11-22 15,27.82,33.1,26.38,23.33,27.4,1011,1.0,340,0.0,20,0,5
2019-11-22 16,27.4,33.75,26.5,23.61,26.0,1015,1.5,320,0.0,20,0,5
2019-11-22 17,24.98,41.4,25.28,21.72,25.4,1015,1.5,320,0.0,20,0,5
2019-11-22 18,21.18,55.05,24.51,21.31,25.4,1015,1.5,320,0.0,20,0,5
2019-11-22 19,20.6,56.68,23.45,18.6,23.89,1017,2.0,339,0.0,20,2,5
2019-11-22 20,20.0,58.2,22.08,18.06,23.0,1017,2.17,336,0.0,20,2,5
2019-11-22 21,19.65,59.95,21.43,18.38,22.0,1017,2.45,336,0.0,20,2,6
2019-11-22 22,19.55,59.12,20.84,17.2,22.0,1017,2.77,338,0.0,20,2,6
2019-11-22 23,19.5,56.82,19.69,17.2,21.0,1017,2.92,339,0.0,20,2,6
2019-11-23 00,19.0,59.27,19.62,17.2,21.0,1016,2.68,338,0.0,20,2,5
2019-11-23 01,19.7,53.65,19.52,16.2,21.0,1016,1.0,230,0.0,100,2,5
2019-11-23 02,19.08,54.03,16.94,15.81,17.2,1017,1.0,230,0.0,100,2,5
2019-11-23 03,18.27,56.83,17.48,15.11,18.0,1016,1.0,230,0.0,98,2,5
2019-11-23 04,17.32,61.75,16.53,15.02,17.0,1016,1.5,250,0.0,97,2,5
2019-11-23 05,17.73,61.15,16.22,15.4,16.98,1016,1.5,250,0.0,99,2,5
2019-11-23 06,18.07,64.12,16.22,15.4,16.94,1017,1.5,250,0.0,98,2,5
2019-11-23 07,17.8,66.88,16.02,16.0,17.48,1017,2.1,250,0.0,40,2,5
2019-11-23 08,18.2,67.55,16.57,16.6,17.45,1018,2.1,250,0.0,40,2,5
2019-11-23 09,19.32,64.33,17.18,16.6,18.0,1018,2.1,250,0.0,40,2,5
2019-11-23 10,20.68,58.5,18.73,19.0,20.8,1019,3.1,250,0.0,75,7,5
2019-11-23 11,22.12,53.73,20.48,20.8,23.02,1018,3.1,250,0.0,40,7,5
2019-11-23 12,24.07,48.02,22.75,22.4,24.0,1017,3.1,250,0.0,40,7,5
2019-11-23 13,25.98,42.2,24.42,25.0,26.4,1015,3.6,250,0.0,40,0,5
2019-11-23 14,26.32,41.25,25.24,25.61,26.4,1015,3.6,250,0.0,40,0,4
2019-11-23 15,27.25,39.47,24.54,23.65,26.4,1015,3.6,250,0.0,40,0,4
2019-11-23 16,27.7,37.4,25.38,23.0,24.8,1014,1.5,270,0.0,40,0,4
2019-11-23 17,26.0,42.9,25.53,23.0,25.0,1014,1.5,270,0.0,40,0,3
2019-11-23 18,23.85,49.0,25.4,23.68,24.8,1010,1.5,270,0.0,40,0,3
2019-11-23 19,22.48,53.58,21.78,22.05,23.0,1015,2.1,270,0.0,40,7,5
2019-11-23 20,21.95,55.5,19.99,19.87,22.0,1016,2.6,270,0.0,40,7,4
2019-11-23 21,22.07,54.85,19.51,19.88,20.45,1016,2.1,270,0.0,40,7,4
2019-11-23 22,21.8,55.83,19.35,18.44,19.0,1016,2.1,250,0.0,20,2,4
2019-11-23 23,21.62,56.2,20.0,18.38,20.0,1016,2.1,250,0.0,20,2,5
2019-11-24 00,20.85,58.78,19.32,18.37,19.0,1015,2.1,250,0.0,20,2,4
2019-11-24 01,20.08,61.85,19.4,17.17,19.0,1015,1.0,320,0.0,20,2,5
2019-11-24 02,19.55,64.17,18.68,17.02,18.0,1015,1.0,320,0.0,20,2,5
2019-11-24 03,19.07,66.43,17.57,15.78,17.8,1015,1.0,320,0.0,20,2,4
2019-11-24 04,18.65,68.25,17.61,15.89,17.0,1015,1.0,270,0.0,20,2,4
2019-11-24 05,18.52,68.83,17.83,16.51,17.0,1015,1.0,270,0.0,20,2,4
2019-11-24 06,18.15,70.65,17.18,16.0,16.77,1016,1.0,270,0.0,20,2,4
2019-11-24 07,17.83,72.05,16.32,15.0,18.0,1017,1.5,270,0.0,40,2,4
2019-11-24 08,19.02,66.97,16.01,16.59,17.4,1017,2.6,240,0.0,40,2,4
2019-11-24 09,21.48,56.38,19.08,16.6,20.0,1018,1.5,270,0.0,40,2,4
2019-11-24 10,23.85,48.32,21.8,21.46,24.2,1017,2.1,270,0.0,20,0,4
2019-11-24 11,25.2,44.75,23.27,23.0,24.31,1017,2.1,270,0.0,20,0,4
2019-11-24 12,26.95,40.6,24.03,24.0,24.63,1016,2.1,270,0.0,20,0,4
2019-11-24 13,28.2,35.1,26.47,26.0,26.42,1015,1.5,270,0.0,75,1,3
2019-11-24 14,28.1,29.48,26.46,26.0,26.4,1014,1.5,270,0.0,75,1,2
2019-11-24 15,27.5,30.38,25.58,23.78,27.2,1014,1.5,270,0.0,75,1,1
2019-11-24 16,26.52,33.0,26.76,23.6,26.0,1014,2.1,250,0.0,40,1,2
2019-11-24 17,25.2,37.0,24.88,22.78,23.8,1014,2.1,250,0.0,40,1,2
2019-11-24 18,22.85,46.65,24.02,21.67,23.8,1015,2.1,250,0.0,40,1,2
2019-11-24 19,23.43,48.05,21.58,21.57,22.22,1016,2.1,260,0.0,40,0,3
2019-11-24 20,22.83,52.6,21.56,19.5,21.0,1016,1.5,250,0.0,40,2,4
2019-11-24 21,22.28,55.43,20.79,19.24,20.4,1017,1.5,250,0.0,40,2,5
2019-11-24 22,21.57,57.6,19.75,17.75,19.0,1017,1.0,270,0.0,40,2,5
2019-11-24 23,20.62,61.17,19.52,17.03,19.0,1016,1.0,270,0.0,40,2,5
2019-11-25 00,20.23,62.53,18.83,16.95,18.6,1016,1.0,270,0.0,40,2,5
2019-11-25 01,20.0,62.85,18.25,15.66,18.0,1015,1.0,250,0.0,20,2,5
2019-11-25 02,19.45,63.52,17.58,15.63,17.6,1015,1.0,250,0.0,20,2,5
2019-11-25 03,18.5,62.85,17.16,14.49,17.6,1015,1.0,250,0.0,20,2,5
2019-11-25 04,16.93,68.15,16.26,14.58,17.0,1015,1.65,356,0.0,20,2,5
2019-11-25 05,15.98,74.25,15.74,14.8,16.0,1016,1.55,356,0.0,20,2,4
2019-11-25 06,15.83,73.05,15.72,14.8,16.0,1016,1.54,355,0.0,20,2,4
2019-11-25 07,15.85,72.0,15.69,15.0,16.6,1017,1.98,351,0.0,20,2,4
2019-11-25 08,17.57,64.68,16.66,15.0,17.0,1017,1.4,340,0.0,20,2,4
2019-11-25 09,20.55,52.5,18.92,15.0,20.0,1018,1.18,336,0.0,20,2,4
2019-11-25 10,22.93,42.67,23.01,22.09,24.4,1018,1.0,20,0.0,2,7,5
2019-11-25 11,24.62,38.12,24.37,24.0,24.58,1018,1.0,20,0.0,9,7,5
2019-11-25 12,25.82,35.7,25.09,24.4,25.0,1017,1.0,20,0.0,13,7,4
2019-11-25 13,27.27,32.08,27.51,26.28,27.2,1015,1.5,50,0.0,20,7,3
2019-11-25 14,27.27,33.38,27.51,26.26,27.2,1015,1.5,50,0.0,20,7,2
2019-11-25 15,27.5,33.72,26.78,23.9,27.2,1015,1.5,50,0.0,20,7,2
2019-11-25 16,26.48,36.08,27.17,23.0,26.0,1015,0.6,41,0.0,28,7,2
2019-11-25 17,25.15,41.8,25.63,22.81,25.0,1015,1.58,38,0.0,41,7,3
2019-11-25 18,21.47,56.75,25.49,23.46,24.5,1011,1.6,47,0.0,55,7,3
2019-11-25 19,20.85,59.77,22.74,22.12,24.44,1010,2.1,50,0.0,40,7,3
2019-11-25 20,20.18,61.97,22.42,19.4,22.0,1016,1.71,62,0.0,20,2,4
2019-11-25 21,19.8,62.85,21.63,18.92,21.0,1017,1.8,63,0.0,20,2,5
2019-11-25 22,20.25,57.88,21.32,18.0,21.0,1017,1.68,66,0.0,20,2,5
2019-11-25 23,20.35,55.33,20.85,17.64,21.0,1017,2.12,70,0.0,20,2,5
2019-11-26 00,19.98,55.78,20.45,17.68,20.0,1017,1.75,41,0.0,20,2,5
2019-11-26 01,20.25,53.65,19.75,16.46,20.0,1016,1.79,13,0.0,20,2,5
2019-11-26 02,20.33,52.75,18.8,16.35,19.0,1016,1.74,22,0.0,20,2,5
2019-11-26 03,19.77,55.85,18.69,16.1,19.0,1016,1.91,60,0.0,20,2,4
2019-11-26 04,19.75,57.17,18.74,15.73,19.0,1016,1.57,74,0.0,40,2,4
2019-11-26 05,18.25,67.2,19.28,16.78,18.0,1016,0.3,150,0.0,40,2,5
2019-11-26 06,17.68,71.48,19.44,16.79,18.13,1016,0.19,240,0.0,40,2,5
2019-11-26 07,17.5,73.1,21.01,17.61,20.0,1017,0.37,251,0.0,40,2,5
2019-11-26 08,19.08,69.98,21.43,17.86,21.0,1018,0.61,228,0.0,40,2,5
2019-11-26 09,21.33,56.43,22.39,18.0,22.0,1018,0.49,204,0.0,40,2,5
2019-11-26 10,24.15,40.88,24.59,21.8,26.4,1013,1.0,50,0.0,40,0,5
2019-11-26 11,25.48,38.38,26.2,23.89,27.0,1013,1.0,50,0.0,40,0,5
2019-11-26 12,27.17,36.73,26.29,23.89,27.0,1013,1.0,50,0.0,40,0,5
2019-11-26 13,28.35,36.02,26.33,25.71,28.0,1015,1.5,150,0.0,40,7,5
2019-11-26 14,28.2,37.23,26.94,25.39,28.0,1015,1.5,100,0.0,75,7,4
2019-11-26 15,27.55,38.95,24.78,24.16,25.18,1013,2.1,40,0.0,75,7,5
2019-11-26 16,27.07,41.3,27.12,23.2,26.0,1013,1.0,20,0.0,40,0,5
2019-11-26 17,25.57,45.9,27.08,23.79,25.23,1013,1.0,20,0.0,40,0,4
2019-11-26 18,24.62,48.07,26.16,23.2,25.2,1013,1.0,20,0.0,40,0,3
2019-11-26 19,22.83,50.67,22.33,20.56,23.11,1014,2.1,50,0.0,40,0,4
2019-11-26 20,21.18,52.65,20.53,19.95,21.0,1015,2.1,50,0.0,40,0,4
2019-11-26 21,20.35,54.28,20.51,19.89,21.0,1015,2.1,50,0.0,40,0,2
2019-11-26 22,19.8,56.08,18.93,18.58,20.0,1015,2.6,340,0.0,40,0,2
2019-11-26 23,19.55,57.05,18.87,18.52,20.0,1015,2.6,340,0.0,40,0,2
2019-11-27 00,19.23,57.9,18.5,17.51,20.0,1015,2.6,340,0.0,40,0,2
2019-11-27 01,18.85,59.1,18.81,17.14,20.0,1015,1.5,340,0.0,20,0,2
2019-11-27 02,18.75,60.0,18.09,16.61,19.0,1015,1.5,340,0.0,20,0,2
2019-11-27 03,18.48,62.25,17.17,15.85,18.4,1015,1.5,340,0.0,20,0,3
2019-11-27 04,18.0,66.38,17.65,15.6,18.0,1015,1.29,311,0.0,40,0,3
2019-11-27 05,16.77,73.78,17.01,15.6,17.14,1015,1.49,310,0.0,40,0,2
2019-11-27 06,15.95,79.25,16.31,16.21,17.16,1015,2.1,70,0.0,40,2,2
2019-11-27 07,16.02,80.6,18.16,16.6,17.8,1017,0.69,304,0.0,40,2,3
2019-11-27 08,17.43,76.6,19.45,16.6,19.0,1017,0.38,340,0.0,40,2,2
2019-11-27 09,20.55,61.65,20.59,16.6,21.0,1018,0.53,103,0.0,40,2,3
2019-11-27 10,23.27,51.65,22.92,21.31,23.33,1011,1.23,138,0.0,40,0,3
2019-11-27 11,24.88,48.8,25.55,23.33,25.4,1012,1.0,20,0.0,40,0,3
2019-11-27 12,26.3,45.7,26.45,24.77,25.4,1016,1.0,20,0.0,40,0,4
2019-11-27 13,27.73,42.05,27.99,26.0,26.98,1015,1.5,70,0.0,40,0,5
2019-11-27 14,26.88,44.33,28.04,26.0,27.22,1014,1.5,70,0.0,40,0,3
2019-11-27 15,26.82,45.88,24.21,23.44,26.0,1008,2.6,340,0.0,75,0,4
2019-11-27 16,22.35,78.22,23.56,20.68,23.89,1010,2.6,20,0.0,75,2,4
2019-11-27 17,21.9,75.43,22.84,20.72,23.89,1010,2.6,20,0.0,75,2,4
2019-11-27 18,21.0,78.25,21.64,20.0,21.8,1015,2.6,20,0.0,75,2,5
2019-11-27 19,20.75,77.47,21.37,20.0,20.53,1015,2.1,340,0.0,75,2,5
2019-11-27 20,20.48,82.05,21.08,19.44,20.2,1016,2.1,340,0.0,75,2,5
2019-11-27 21,20.6,72.62,21.13,19.64,20.2,1016,2.1,340,0.0,75,2,5
2019-11-27 22,18.73,69.75,18.62,18.55,19.05,1016,2.6,50,0.0,40,2,5
2019-11-27 23,18.73,67.8,18.57,18.56,19.0,1015,2.6,50,0.0,40,2,1
2019-11-28 00,18.73,68.2,18.57,18.43,19.0,1016,2.6,50,0.0,40,2,1
2019-11-28 01,19.15,62.95,17.94,17.5,19.0,1015,2.6,70,0.0,40,2,1
2019-11-28 02,19.6,59.15,18.5,17.26,20.0,1015,2.6,70,0.0,40,2,1
2019-11-28 03,19.02,62.97,18.52,17.48,20.0,1015,2.6,70,0.0,40,2,1
2019-11-28 04,18.45,67.38,18.64,16.93,20.0,1015,2.1,50,0.0,40,2,1
2019-11-28 05,17.57,73.28,17.84,16.4,19.0,1015,2.1,50,0.0,40,2,1
2019-11-28 06,17.4,73.7,17.35,17.06,18.0,1016,2.1,50,0.0,40,2,1
2019-11-28 07,18.0,70.03,16.44,16.4,17.2,1018,3.1,20,0.0,40,2,1
2019-11-28 08,16.95,81.67,16.43,16.4,17.2,1018,3.1,20,0.0,40,2,1
2019-11-28 09,16.25,92.58,16.32,16.4,17.2,1018,3.1,20,0.0,40,2,1
2019-11-28 10,17.7,84.18,18.85,17.6,20.6,1019,2.6,20,0.0,75,2,2
2019-11-28 11,18.9,79.65,21.44,20.0,23.33,1014,2.6,20,0.0,75,2,1
2019-11-28 12,20.05,75.43,21.68,20.0,23.33,1013,2.6,20,0.0,75,2,2
2019-11-28 13,20.22,75.57,20.79,21.0,23.33,1011,5.1,70,0.0,75,2,2
2019-11-28 14,19.95,75.7,20.77,20.8,23.33,1011,5.1,70,0.0,75,2,2
2019-11-28 15,20.1,73.7,18.98,17.6,21.2,1016,5.1,70,0.0,75,2,2
2019-11-28 16,19.88,73.25,18.99,16.2,20.3,1016,2.6,70,0.0,90,2,1
2019-11-28 17,19.15,74.65,20.66,18.6,22.78,1010,2.6,70,0.0,90,2,1
2019-11-28 18,18.3,77.9,20.74,18.6,22.78,1010,2.6,70,0.0,90,2,1
2019-11-28 19,16.85,87.62,19.34,17.6,20.0,1018,2.6,70,0.0,75,2,2
2019-11-28 20,16.77,83.77,18.89,17.6,20.0,1018,2.6,70,0.0,75,2,2
2019-11-28 21,17.1,81.67,18.71,17.58,20.0,1018,2.6,70,0.0,75,2,2
2019-11-28 22,16.75,83.58,17.65,16.4,17.56,1017,1.0,90,0.0,40,2,2
2019-11-28 23,15.17,92.2,17.47,16.4,17.33,1017,1.0,90,0.0,40,2,2
2019-11-29 00,15.2,92.75,17.67,16.4,17.81,1017,1.0,90,0.0,40,2,2
2019-11-29 01,15.33,92.4,16.52,16.0,16.47,1016,1.5,140,0.0,40,2,2
2019-11-29 02,15.1,90.85,15.84,15.0,16.2,1016,1.5,140,0.0,40,2,2
2019-11-29 03,14.7,90.95,15.19,14.19,16.2,1016,1.5,140,0.0,40,2,2
2019-11-29 04,14.5,90.6,14.78,14.0,14.82,1016,1.0,20,0.0,20,2,2
2019-11-29 05,14.28,90.53,14.81,14.0,15.17,1017,1.0,20,0.0,20,2,2
2019-11-29 06,14.17,91.75,14.85,14.0,15.45,1017,1.0,20,0.0,20,2,2
2019-11-29 07,13.9,92.03,15.26,14.0,15.7,1018,1.0,290,0.0,100,2,2
2019-11-29 08,14.42,90.85,15.86,14.0,16.09,1019,1.0,290,0.0,90,2,2
2019-11-29 09,16.7,79.28,16.98,14.0,18.0,1019,1.0,290,0.0,10,2,3
2019-11-29 10,18.98,69.07,19.27,18.0,22.22,1015,2.1,340,0.0,4,0,3
2019-11-29 11,20.95,61.27,20.95,20.6,21.8,1019,2.1,340,0.0,47,0,3
2019-11-29 12,22.25,57.15,21.62,20.44,22.22,1014,2.1,340,0.0,40,0,2
2019-11-29 13,23.4,54.43,22.0,22.0,23.8,1011,2.1,310,0.0,1,0,2
2019-11-29 14,24.05,51.52,21.73,22.22,23.8,1011,3.1,320,0.0,1,0,2
2019-11-29 15,24.8,49.53,22.9,21.17,24.6,1011,2.1,340,0.0,29,0,2
2019-11-29 16,24.02,54.77,23.66,20.4,23.0,1012,1.0,290,0.0,22,2,2
2019-11-29 17,22.05,62.45,22.4,20.4,21.42,1016,1.0,290,0.0,14,2,2
2019-11-29 18,20.25,70.9,22.29,19.99,21.4,1016,1.0,290,0.0,15,2,2
2019-11-29 19,19.5,74.7,21.11,17.0,20.0,1017,1.0,290,0.0,14,2,2
2019-11-29 20,18.15,80.33,19.51,16.58,19.0,1017,1.0,290,0.0,10,2,3
2019-11-29 21,17.2,86.0,19.69,16.98,19.0,1017,1.0,290,0.0,3,2,3
2019-11-29 22,17.88,82.1,18.13,15.4,18.0,1017,1.0,290,0.0,3,2,4
2019-11-29 23,17.8,82.3,18.08,15.4,18.0,1017,1.0,290,0.0,3,2,4
2019-11-30 00,17.3,85.17,17.47,15.4,17.0,1017,1.0,290,0.0,3,2,4
2019-11-30 01,16.67,88.35,16.73,14.6,17.0,1017,1.5,270,0.0,1,2,4
2019-11-30 02,16.62,88.9,15.97,14.6,16.0,1016,1.5,270,0.0,0,2,4
2019-11-30 03,16.4,90.1,15.59,13.66,16.0,1016,1.5,270,0.0,1,2,4
2019-11-30 04,16.1,91.5,15.14,13.56,15.0,1016,1.0,270,0.0,2,2,4
2019-11-30 05,15.75,92.83,15.36,14.0,15.0,1017,1.0,270,0.0,1,2,4
2019-11-30 06,15.45,93.85,15.02,14.0,15.0,1017,1.0,270,0.0,1,2,4
2019-11-30 07,15.15,94.9,13.96,13.0,14.57,1018,1.5,230,0.0,3,6,4
2019-11-30 08,15.47,95.12,14.56,14.0,14.8,1019,1.5,230,0.0,3,6,4
2019-11-30 09,18.1,83.03,15.21,14.2,15.23,1019,1.5,230,0.0,8,6,4
2019-11-30 10,20.43,70.62,17.81,15.0,22.22,1015,2.1,250,0.0,7,7,4
2019-11-30 11,21.88,62.95,19.42,17.0,21.67,1015,2.1,250,0.0,20,7,4
2019-11-30 12,22.7,58.4,19.95,19.0,20.74,1018,2.1,250,0.0,6,7,4
2019-11-30 13,22.98,56.52,19.81,20.0,22.6,1012,4.1,270,0.0,0,0,4
2019-11-30 14,23.08,56.52,20.08,20.0,23.03,1011,4.1,270,0.0,1,0,4
2019-11-30 15,23.02,55.77,19.95,20.31,22.6,1011,4.1,270,0.0,2,0,4
2019-11-30 16,22.32,55.5,19.07,19.4,21.0,1015,3.1,320,0.0,1,0,4
2019-11-30 17,20.75,60.38,17.78,19.0,19.6,1016,2.6,290,0.0,1,0,3
2019-11-30 18,18.88,67.88,17.86,18.0,19.6,1016,2.1,270,0.0,1,0,3
2019-11-30 19,17.95,72.05,18.31,14.6,18.18,1017,1.0,270,0.0,0,2,3
2019-11-30 20,16.4,80.62,16.29,14.6,16.4,1017,1.0,270,0.0,0,2,4
2019-11-30 21,15.82,83.3,16.26,14.6,16.22,1017,1.0,270,0.0,0,2,4
2019-11-30 22,15.25,87.4,15.64,13.0,16.0,1017,1.0,270,0.0,0,2,4
2019-11-30 23,15.78,84.98,14.93,13.0,15.0,1017,1.0,270,0.0,0,2,5
2019-12-01 00,15.97,79.97,14.97,13.0,15.0,1016,1.0,270,0.0,0,2,5
2019-12-01 01,15.43,79.43,13.73,11.7,15.0,1016,1.0,250,0.0,1,2,5
2019-12-01 02,14.3,83.3,12.39,11.7,13.55,1016,1.0,250,0.0,1,2,5
2019-12-01 03,13.48,87.45,12.19,11.7,13.0,1016,1.0,250,0.0,1,2,4
2019-12-01 04,13.6,84.22,12.14,10.8,13.0,1016,1.0,250,0.0,0,2,4
2019-12-01 05,13.25,84.0,11.69,10.8,13.13,1016,1.0,250,0.0,0,2,5
2019-12-01 06,12.82,86.02,11.7,10.8,13.01,1017,1.0,250,0.0,0,2,5
2019-12-01 07,12.82,85.15,12.15,11.0,14.4,1018,1.0,230,0.0,0,2,5
2019-12-01 08,14.07,79.53,12.68,11.0,14.4,1018,1.0,230,0.0,0,2,5
2019-12-01 09,16.75,67.75,13.83,11.0,15.0,1019,1.0,230,0.0,0,2,5
2019-12-01 10,19.23,57.33,16.67,17.0,21.67,1014,3.1,250,0.0,0,0,5
2019-12-01 11,21.25,48.65,18.2,19.81,20.8,1018,3.1,250,0.0,9,0,5
2019-12-01 12,22.52,43.6,18.81,20.0,21.0,1018,3.1,250,0.0,6,0,5
2019-12-01 13,23.05,43.6,19.37,21.6,22.28,1011,3.6,300,0.0,1,7,4
2019-12-01 14,23.2,41.7,19.41,21.6,22.46,1011,3.6,290,0.0,1,7,4
2019-12-01 15,23.08,41.92,20.69,19.87,23.2,1012,2.1,270,0.0,0,0,4
2019-12-01 16,22.23,44.02,21.6,18.4,22.22,1011,1.0,270,0.0,0,0,3
2019-12-01 17,20.52,49.95,19.84,18.4,20.0,1015,1.0,270,0.0,0,0,3
2019-12-01 18,18.77,56.83,19.56,18.4,20.0,1016,1.0,270,0.0,0,0,3
2019-12-01 19,17.05,66.07,18.35,14.0,21.67,1012,2.46,291,0.0,0,2,4
2019-12-01 20,16.25,70.15,15.31,14.0,17.0,1017,2.22,281,0.0,0,2,5
2019-12-01 21,16.08,66.68,14.83,14.0,16.0,1017,2.04,277,0.0,0,2,5
2019-12-01 22,14.35,75.95,13.7,13.0,15.0,1017,2.05,276,0.0,0,2,5
2019-12-01 23,13.2,81.72,13.53,13.0,15.0,1017,2.19,277,0.0,0,2,5
2019-12-02 00,12.23,88.47,12.74,13.0,14.0,1017,2.44,282,0.0,0,2,5
2019-12-02 01,11.72,91.95,12.42,11.4,13.0,1017,1.0,250,0.0,0,2,5
2019-12-02 02,11.93,89.43,12.29,11.4,13.0,1017,1.0,250,0.0,0,2,5
2019-12-02 03,12.88,80.3,12.01,11.18,13.0,1017,1.0,250,0.0,0,2,5
2019-12-02 04,11.85,85.32,10.73,9.6,12.0,1017,1.0,230,0.0,0,2,5
2019-12-02 05,11.18,87.48,10.78,9.6,12.0,1017,1.0,230,0.0,0,2,5
2019-12-02 06,10.85,88.88,10.19,9.6,11.62,1017,1.0,230,0.0,0,2,5
2019-12-02 07,12.08,81.75,10.22,11.0,13.4,1019,1.5,230,0.0,0,2,5
2019-12-02 08,13.0,77.85,11.2,11.0,13.4,1019,1.5,230,0.0,0,2,5
2019-12-02 09,15.65,67.47,12.04,11.0,14.0,1019,1.5,230,0.0,0,2,5
2019-12-02 10,18.3,55.42,15.99,17.0,21.11,1015,3.1,250,0.0,0,0,5
2019-12-02 11,20.62,45.65,17.68,19.0,21.11,1015,3.1,250,0.0,0,0,5
2019-12-02 12,22.07,40.22,17.66,19.0,20.8,1014,3.1,250,0.0,0,0,5
2019-12-02 13,22.65,38.0,17.72,21.0,22.06,1011,5.1,300,0.0,1,0,5
2019-12-02 14,23.4,36.22,19.07,21.11,22.8,1012,4.1,250,0.0,0,0,4
2019-12-02 15,23.2,33.4,18.59,20.09,22.8,1012,4.1,250,0.0,0,0,4
2019-12-02 16,22.35,36.27,20.46,19.4,21.11,1011,1.0,290,0.0,0,7,3
2019-12-02 17,20.53,43.8,19.52,19.38,20.13,1016,1.0,290,0.0,0,7,3
2019-12-02 18,18.5,51.78,18.68,18.0,19.65,1017,1.0,290,0.0,0,7,3
2019-12-02 19,16.27,62.45,15.67,17.16,18.0,1017,2.6,270,0.0,1,0,4
2019-12-02 20,16.5,59.78,14.27,13.6,16.0,1017,2.29,295,0.0,0,2,5
2019-12-02 21,14.88,69.42,14.31,13.6,16.0,1018,2.28,296,0.0,0,2,5
2019-12-02 22,14.1,74.7,12.8,11.4,15.0,1018,2.21,296,0.0,0,2,5
2019-12-02 23,13.72,76.22,12.01,11.4,14.0,1017,2.16,291,0.0,0,2,5
2019-12-03 00,12.38,84.82,11.28,11.4,13.0,1017,2.28,287,0.0,0,2,5
2019-12-03 01,11.6,90.77,10.89,10.7,13.0,1017,2.38,284,0.0,1,2,5
2019-12-03 02,11.22,92.85,10.66,10.7,13.0,1017,2.57,284,0.0,1,2,5
2019-12-03 03,12.3,84.58,8.85,9.8,11.0,1017,2.74,277,0.0,1,2,5
2019-12-03 04,11.8,84.65,8.45,9.78,11.0,1016,2.68,278,0.0,0,2,5
2019-12-03 05,12.45,79.5,8.07,10.0,10.8,1017,2.64,276,0.0,0,2,5
2019-12-03 06,12.62,73.4,8.05,10.0,10.8,1017,2.61,274,0.0,0,2,5
2019-12-03 07,12.25,71.45,8.33,10.0,12.6,1018,2.6,250,0.0,0,2,5
2019-12-03 08,11.98,74.27,9.6,11.27,12.6,1018,2.6,250,0.0,0,2,5
2019-12-03 09,14.97,59.45,11.14,10.4,15.0,1018,2.6,250,0.0,0,2,5
2019-12-03 10,18.32,48.05,14.18,17.0,19.2,1019,3.6,270,0.0,1,7,5
2019-12-03 11,21.05,36.22,16.57,19.0,21.4,1018,3.6,250,0.0,0,7,5
2019-12-03 12,22.77,30.12,17.83,20.34,21.4,1013,3.6,250,0.0,0,7,5
2019-12-03 13,23.62,28.85,18.84,22.0,24.3,1016,4.6,250,0.0,0,0,4
2019-12-03 14,24.38,26.77,19.32,22.0,24.3,1015,4.6,250,0.0,0,0,4
2019-12-03 15,24.35,26.88,18.45,20.54,24.3,1012,4.6,250,0.0,0,0,3
2019-12-03 16,23.58,28.12,20.54,20.19,22.0,1011,1.0,250,0.0,20,0,3
2019-12-03 17,21.62,32.55,19.76,19.0,21.67,1012,1.0,250,0.0,20,0,3
2019-12-03 18,16.8,50.27,19.17,19.0,21.11,1012,1.0,250,0.0,20,0,3
2019-12-03 19,14.47,63.45,16.83,16.81,21.11,1010,1.5,260,0.0,1,0,4
2019-12-03 20,13.45,70.72,16.1,13.2,18.0,1017,1.0,250,0.0,74,2,5
2019-12-03 21,12.97,75.43,15.5,13.2,17.0,1017,1.0,250,0.0,59,2,5
2019-12-03 22,12.28,80.97,13.22,11.2,16.0,1017,2.19,299,0.0,39,2,5
2019-12-03 23,11.75,85.62,12.96,11.2,16.0,1017,2.15,295,0.0,43,2,5
2019-12-04 00,11.43,88.85,12.54,11.2,15.0,1017,2.0,289,0.0,88,2,5
2019-12-04 01,10.98,92.32,11.25,10.0,14.0,1018,1.97,287,0.0,98,2,6
2019-12-04 02,10.95,93.05,11.06,10.0,14.0,1018,2.0,279,0.0,96,2,6
2019-12-04 03,11.35,86.9,10.23,9.37,13.0,1018,1.86,269,0.0,97,2,6
2019-12-04 04,10.42,88.92,9.82,8.4,13.0,1018,2.1,250,0.0,87,2,5
2019-12-04 05,9.7,91.35,9.17,8.4,12.0,1019,2.1,250,0.0,92,2,5
2019-12-04 06,9.12,92.53,9.23,8.4,12.0,1019,2.1,250,0.0,89,2,5
2019-12-04 07,8.95,89.78,9.33,9.72,12.0,1020,1.56,280,0.0,20,2,5
2019-12-04 08,10.58,81.28,9.87,9.78,13.0,1020,1.43,297,0.0,20,2,5
2019-12-04 09,15.5,62.77,12.42,9.8,16.0,1020,0.98,310,0.0,20,2,5
2019-12-04 10,18.05,50.32,15.71,18.0,19.0,1021,2.1,270,0.0,20,7,5
2019-12-04 11,20.55,42.83,18.81,19.82,20.47,1015,1.5,320,0.0,40,0,5
2019-12-04 12,21.77,36.75,19.39,20.0,21.0,1014,1.5,320,0.0,40,0,5
2019-12-04 13,23.2,32.52,21.49,21.8,23.46,1018,1.0,50,0.0,40,0,5
2019-12-04 14,24.15,29.35,22.17,22.78,23.78,1018,1.0,50,0.0,40,0,5
2019-12-04 15,24.2,27.35,21.3,19.95,23.4,1017,1.0,50,0.0,40,0,4
2019-12-04 16,23.52,28.55,20.93,19.59,22.0,1013,1.24,325,0.0,20,0,3
2019-12-04 17,21.15,36.3,19.69,18.2,21.67,1014,2.02,335,0.0,20,0,4
2019-12-04 18,17.4,53.6,18.28,18.0,21.2,1014,1.91,353,0.0,20,0,5
2019-12-04 19,14.9,66.08,17.29,12.6,21.11,1015,1.73,12,0.0,20,2,5
2019-12-04 20,13.57,75.67,14.87,12.6,16.06,1020,1.43,30,0.0,20,2,6
2019-12-04 21,12.75,81.62,14.83,12.6,16.0,1020,1.34,42,0.0,20,2,6
2019-12-04 22,11.88,88.53,13.2,10.8,15.0,1020,1.2,52,0.0,20,2,6
2019-12-04 23,11.68,90.97,13.19,10.8,15.0,1020,1.0,58,0.0,20,2,6
2019-12-05 00,11.27,94.25,12.98,10.8,14.0,1020,0.53,48,0.0,20,2,6
2019-12-05 01,10.97,96.47,12.8,9.8,14.0,1020,0.27,358,0.0,20,2,6
2019-12-05 02,10.65,97.67,11.82,9.8,13.0,1020,0.4,321,0.0,20,2,6
2019-12-05 03,10.15,98.18,10.99,9.8,12.0,1020,0.21,333,0.0,20,2,6
2019-12-05 04,10.05,98.25,10.52,8.4,12.0,1020,0.24,308,0.0,20,7,6
2019-12-05 05,10.25,98.38,9.56,8.4,11.24,1021,0.65,359,0.0,20,7,6
2019-12-05 06,9.7,97.7,9.54,8.4,11.24,1021,0.71,13,0.0,20,7,6
2019-12-05 07,9.33,98.15,9.97,9.77,11.42,1022,0.2,349,0.0,20,6,6
2019-12-05 08,10.6,98.1,10.59,9.8,13.0,1023,0.58,227,0.0,20,6,6
2019-12-05 09,15.07,79.45,12.02,9.8,15.0,1023,0.71,219,0.0,20,6,6
2019-12-05 10,18.93,58.8,18.41,18.0,20.8,1023,1.0,230,0.0,20,7,6
2019-12-05 11,20.65,51.4,19.68,19.4,20.83,1023,1.0,230,0.0,20,7,6
2019-12-05 12,21.8,45.35,20.12,20.0,21.0,1022,1.0,230,0.0,20,7,6
2019-12-05 13,22.4,42.55,21.52,22.0,22.6,1021,2.1,320,0.0,20,7,6
2019-12-05 14,23.23,35.18,21.72,22.0,23.1,1020,2.1,320,0.0,20,7,6
2019-12-05 15,23.25,30.73,20.69,19.48,22.6,1020,2.1,320,0.0,20,7,6
2019-12-05 16,22.55,32.0,21.08,18.8,22.0,1015,1.31,360,0.0,20,7,5
2019-12-05 17,19.8,43.88,18.89,18.07,20.0,1016,2.71,3,0.0,20,7,5
2019-12-05 18,16.7,58.8,19.22,18.44,20.56,1016,2.5,2,0.0,20,7,5
2019-12-05 19,16.3,62.92,18.21,13.6,20.56,1016,2.49,357,0.0,20,2,5
2019-12-05 20,15.37,68.67,14.35,13.6,17.0,1021,2.6,353,0.0,20,2,6
2019-12-05 21,14.2,76.83,13.88,13.6,16.0,1021,2.5,350,0.0,20,2,6
2019-12-05 22,13.68,81.95,12.47,11.4,15.0,1021,2.51,345,0.0,20,2,6
2019-12-05 23,12.82,89.62,12.44,11.4,15.0,1021,2.33,340,0.0,20,2,6
2019-12-06 00,12.57,93.95,12.91,11.4,15.0,1021,1.95,337,0.0,20,2,6
2019-12-06 01,13.22,92.72,11.5,10.2,14.0,1020,1.91,332,0.0,20,2,6
2019-12-06 02,13.5,91.35,11.44,10.2,14.0,1020,1.86,330,0.0,20,2,6
2019-12-06 03,12.7,93.7,11.45,10.2,14.0,1020,1.76,336,0.0,20,2,6
2019-12-06 04,12.18,96.88,10.79,9.8,13.0,1020,1.77,333,0.0,20,6,6
2019-12-06 05,11.67,98.15,9.63,11.0,11.31,1020,1.72,328,0.0,20,6,6
2019-12-06 06,11.6,99.12,9.72,9.8,11.26,1021,1.62,327,0.0,20,6,6
2019-12-06 07,11.6,99.2,10.49,10.2,14.0,1021,1.67,327,0.0,100,6,6
2019-12-06 08,11.82,99.2,11.01,10.2,14.0,1022,1.62,329,0.0,100,6,6
2019-12-06 09,14.97,96.43,12.45,10.2,14.0,1022,1.29,331,0.0,97,6,6
2019-12-06 10,18.73,69.7,17.31,16.93,21.8,1022,2.1,340,0.0,98,7,6
2019-12-06 11,21.52,56.5,19.55,19.44,21.8,1018,2.1,340,0.0,93,7,6
2019-12-06 12,23.45,49.1,20.57,19.44,22.0,1017,2.1,340,0.0,95,7,5
2019-12-06 13,24.0,46.05,21.11,22.0,22.8,1020,2.1,310,0.0,20,7,5
2019-12-06 14,23.95,47.83,21.16,22.37,23.0,1019,3.1,320,0.0,40,7,5
2019-12-06 15,23.25,49.9,19.05,19.94,22.8,1019,3.6,320,0.0,40,7,5
2019-12-06 16,22.1,52.67,21.45,19.44,21.0,1014,1.0,250,0.0,40,2,5
2019-12-06 17,20.93,55.9,21.05,19.23,20.56,1015,1.0,250,0.0,40,2,5
2019-12-06 18,18.4,67.58,20.42,18.53,20.0,1015,1.0,250,0.0,40,2,5
2019-12-06 19,17.52,73.25,18.38,16.0,18.25,1019,1.0,270,0.0,40,2,5
2019-12-06 20,17.98,72.95,16.84,14.87,17.0,1020,1.0,270,0.0,40,2,5
2019-12-06 21,17.72,74.5,16.83,14.96,17.0,1020,1.0,270,0.0,40,2,5
2019-12-06 22,16.83,79.25,14.46,13.33,16.0,1020,2.08,318,0.0,20,2,5
2019-12-06 23,16.0,82.05,13.22,13.18,14.0,1020,1.88,330,0.0,20,2,5
2019-12-07 00,15.43,84.03,13.25,13.29,14.0,1020,1.91,335,0.0,20,2,5
2019-12-07 01,14.22,89.47,12.54,12.2,14.0,1019,1.89,342,0.0,20,2,5
2019-12-07 02,13.73,92.92,12.53,12.1,14.0,1019,1.77,345,0.0,20,2,5
2019-12-07 03,13.2,95.12,11.46,10.74,13.0,1019,1.78,347,0.0,20,2,5
2019-12-07 04,12.38,97.17,10.73,10.4,13.0,1019,2.09,345,0.0,20,6,5
2019-12-07 05,12.17,98.75,10.1,10.4,12.0,1019,2.09,341,0.0,20,6,5
2019-12-07 06,12.02,99.25,9.54,10.4,11.0,1020,1.92,334,0.0,20,6,5
2019-12-07 07,11.8,99.2,10.34,11.0,11.8,1021,1.16,325,0.0,80,6,5
2019-12-07 08,12.5,99.2,11.01,11.2,12.0,1021,1.03,314,0.0,54,6,6
2019-12-07 09,15.48,93.47,12.77,11.2,14.0,1021,0.76,322,0.0,0,6,6
2019-12-07 10,18.68,70.75,18.35,15.0,20.4,1016,0.83,351,0.0,1,6,6
2019-12-07 11,21.2,60.88,18.82,18.0,21.31,1015,2.1,290,0.0,1,7,6
2019-12-07 12,22.67,53.58,20.67,20.4,21.43,1020,1.32,37,0.0,1,7,6
2019-12-07 13,24.05,46.7,21.1,23.0,23.07,1018,3.1,340,0.0,1,7,6
2019-12-07 14,24.45,39.6,24.25,23.0,24.2,1017,1.0,70,0.0,3,7,5
2019-12-07 15,24.43,37.7,23.2,20.89,24.2,1017,1.0,70,0.0,1,7,4
2019-12-07 16,24.1,38.47,22.46,19.6,22.0,1013,0.84,32,0.0,0,7,4
2019-12-07 17,21.65,49.7,21.99,19.6,21.9,1013,1.06,17,0.0,0,7,4
2019-12-07 18,16.92,73.95,21.69,19.6,21.6,1013,0.96,355,0.0,0,7,4
2019-12-07 19,15.25,84.22,18.73,18.0,21.11,1012,1.17,323,0.0,1,7,5
2019-12-07 20,14.85,87.05,16.8,14.6,17.43,1019,1.48,303,0.0,0,2,5
2019-12-07 21,14.6,89.43,15.84,14.6,16.98,1019,1.8,303,0.0,0,2,6
2019-12-07 22,14.38,89.12,14.53,12.8,16.0,1019,2.02,318,0.0,0,2,6
2019-12-07 23,13.65,93.0,13.49,12.8,15.0,1019,2.31,340,0.0,0,2,6
2019-12-08 00,12.9,96.03,13.36,12.8,15.0,1019,2.36,352,0.0,0,2,6
2019-12-08 01,12.5,97.58,11.88,11.4,14.0,1019,2.33,355,0.0,0,2,6
2019-12-08 02,12.2,97.88,11.78,11.21,14.0,1019,2.28,350,0.0,0,2,6
2019-12-08 03,11.9,98.17,10.79,10.04,13.0,1018,2.23,2,0.0,0,2,6
2019-12-08 04,11.83,98.92,10.33,9.77,13.0,1019,2.2,349,0.0,0,2,6
2019-12-08 05,11.62,99.2,10.65,10.02,13.0,1019,1.78,322,0.0,3,2,6
2019-12-08 06,11.22,99.2,10.24,9.95,12.0,1019,1.51,303,0.0,1,2,6
2019-12-08 07,11.25,99.2,10.91,10.72,12.0,1021,1.0,90,0.0,0,6,6
2019-12-08 08,11.98,99.2,11.49,10.8,13.0,1021,1.0,90,0.0,0,6,6
2019-12-08 09,14.85,99.18,12.4,10.8,14.0,1021,1.0,90,0.0,0,6,6
2019-12-08 10,19.07,75.45,18.91,17.0,22.2,1017,0.69,320,0.0,0,7,6
2019-12-08 11,21.83,57.6,20.35,19.0,22.2,1017,0.79,318,0.0,0,7,6
2019-12-08 12,22.85,50.72,21.2,20.0,22.2,1015,0.96,323,0.0,0,7,6
2019-12-08 13,24.05,41.53,21.71,22.0,23.2,1018,2.1,340,0.0,0,7,6
2019-12-08 14,24.73,35.97,22.38,23.0,23.53,1017,2.1,340,0.0,0,7,5
2019-12-08 15,24.45,33.7,21.6,20.66,23.2,1017,2.1,340,0.0,0,7,4
2019-12-08 16,23.82,34.35,21.31,19.4,22.0,1013,1.26,324,0.0,0,0,3
2019-12-08 17,21.4,40.67,19.58,18.62,21.0,1013,2.63,325,0.0,0,0,3
2019-12-08 18,17.42,60.32,18.74,18.3,20.56,1013,2.55,323,0.0,0,0,3
2019-12-08 19,15.68,73.15,17.22,13.8,20.56,1013,2.53,320,0.0,0,2,5
2019-12-08 20,15.07,77.67,14.71,13.63,17.0,1019,2.51,320,0.0,0,2,5
2019-12-08 21,14.1,82.33,14.04,13.55,16.0,1019,2.57,323,0.0,0,2,5
2019-12-08 22,13.7,85.4,13.31,11.6,16.0,1019,2.36,325,0.0,0,2,6
2019-12-08 23,13.32,87.88,12.66,11.6,15.0,1019,2.1,328,0.0,0,2,6
2019-12-09 00,12.9,89.2,12.05,11.6,14.0,1019,2.1,338,0.0,0,2,6
2019-12-09 01,12.25,92.12,11.24,10.2,14.0,1018,2.03,351,0.0,0,2,6
2019-12-09 02,11.78,93.28,10.54,10.2,13.0,1018,1.95,0,0.0,0,2,5
2019-12-09 03,11.03,95.35,8.99,8.89,12.0,1018,2.62,21,0.0,2,2,5
2019-12-09 04,10.78,96.83,9.29,8.29,12.0,1018,1.67,22,0.0,35,2,5
2019-12-09 05,10.55,97.3,10.49,9.0,12.0,1018,0.42,266,0.0,66,2,5
2019-12-09 06,10.22,98.53,9.43,9.0,11.03,1019,1.14,245,0.0,33,2,5
2019-12-09 07,10.18,99.2,9.5,10.2,11.0,1020,1.56,256,0.0,20,6,5
2019-12-09 08,11.12,99.2,9.93,10.2,12.0,1020,1.73,267,0.0,20,6,6
2019-12-09 09,14.28,95.93,12.36,10.2,15.0,1021,1.2,278,0.0,20,6,6
2019-12-09 10,19.15,63.4,18.33,18.0,21.2,1016,2.1,250,0.0,20,7,6
2019-12-09 11,21.55,48.15,19.78,19.44,21.2,1016,2.1,250,0.0,20,7,6
2019-12-09 12,22.68,41.42,20.64,20.8,21.45,1019,2.1,250,0.0,20,7,5
2019-12-09 13,23.7,32.9,22.09,22.0,23.4,1018,1.0,270,0.0,9,7,5
2019-12-09 14,23.72,33.1,22.18,22.0,23.63,1017,1.0,270,0.0,0,7,4
2019-12-09 15,23.75,32.35,21.25,20.01,23.4,1016,1.0,270,0.0,0,7,4
2019-12-09 16,23.33,31.68,20.58,18.0,22.0,1012,1.0,340,0.0,20,7,4
2019-12-09 17,21.15,38.58,19.73,18.0,21.0,1011,1.0,340,0.0,20,7,4
2019-12-09 18,17.52,49.83,19.43,18.0,20.47,1012,1.0,340,0.0,20,7,5
2019-12-09 19,15.25,61.02,17.39,17.96,20.56,1011,1.79,332,0.0,1,7,5
2019-12-09 20,14.05,71.25,15.48,13.4,17.0,1017,2.21,322,0.0,0,2,5
2019-12-09 21,13.25,79.35,14.58,13.4,16.73,1017,2.32,319,0.0,0,2,5
2019-12-09 22,12.75,82.78,12.34,11.2,15.0,1018,2.1,319,0.0,0,2,6
2019-12-09 23,12.52,84.88,11.84,11.2,15.4,1018,2.0,326,0.0,0,2,6
2019-12-10 00,12.4,85.6,11.37,11.2,14.0,1017,2.19,338,0.0,0,2,6
2019-12-10 01,11.98,86.95,10.81,10.6,13.0,1017,2.0,346,0.0,0,2,6
2019-12-10 02,10.85,93.05,10.56,10.0,13.0,1017,1.81,345,0.0,0,2,6
2019-12-10 03,10.72,94.28,9.76,9.27,12.0,1017,1.72,356,0.0,0,2,6
2019-12-10 04,10.9,94.33,9.49,9.03,12.0,1017,2.04,356,0.0,0,2,6
2019-12-10 05,10.7,94.43,8.89,9.1,11.0,1016,2.1,340,0.0,0,2,6
2019-12-10 06,10.15,95.85,9.37,9.02,11.0,1016,1.48,303,0.0,8,2,6
2019-12-10 07,9.8,97.75,9.65,9.2,11.0,1017,1.0,230,0.0,80,6,6
2019-12-10 08,10.55,98.7,10.16,9.2,12.0,1017,1.0,230,0.0,78,6,6
2019-12-10 09,14.47,85.2,11.38,9.2,13.0,1017,1.0,230,0.0,0,6,6
2019-12-10 10,17.95,64.03,15.72,14.0,21.0,1014,2.6,230,0.0,1,7,6
2019-12-10 11,20.35,51.07,17.79,18.89,21.0,1014,2.6,230,0.0,1,7,6
2019-12-10 12,21.75,44.5,18.73,18.89,22.0,1013,2.1,250,0.0,1,7,6
2019-12-10 13,22.8,39.95,20.66,21.0,22.0,1015,1.5,230,0.0,1,7,6
2019-12-10 14,23.23,36.17,20.43,21.67,22.62,1014,2.6,230,0.0,1,7,5
2019-12-10 15,23.05,37.02,21.22,19.57,23.0,1013,1.0,250,0.0,0,7,5
2019-12-10 16,22.12,38.8,21.39,18.0,23.0,1009,0.55,326,0.0,0,7,5
2019-12-10 17,19.1,51.75,19.62,18.8,21.24,1009,1.51,312,0.0,0,7,5
2019-12-10 18,15.68,66.25,18.41,18.0,20.2,1009,1.56,326,0.0,0,7,5
2019-12-10 19,14.45,74.05,17.14,17.0,20.56,1007,1.36,353,0.0,1,7,5
2019-12-10 20,13.4,82.22,15.62,13.0,17.0,1014,1.45,2,0.0,0,2,6
2019-12-10 21,12.85,87.82,14.19,13.0,15.0,1014,1.53,26,0.0,0,2,6
2019-12-10 22,12.45,91.4,12.84,11.2,15.0,1014,1.7,38,0.0,0,2,6
2019-12-10 23,12.12,91.77,12.57,10.58,15.0,1014,1.62,32,0.0,3,2,6
2019-12-11 00,11.45,94.23,12.1,11.2,14.0,1014,1.66,34,0.0,0,2,6
2019-12-11 01,11.03,96.67,10.54,10.26,12.0,1014,1.52,29,0.0,24,2,6
2019-12-11 02,10.68,97.97,10.8,10.4,12.0,1014,1.22,49,0.0,58,2,6
2019-12-11 03,10.52,98.58,10.39,10.4,12.0,1014,1.71,134,0.0,23,2,6
2019-12-11 04,10.2,99.08,9.73,9.0,12.0,1014,1.94,151,0.0,2,2,6
2019-12-11 05,9.85,99.22,9.7,9.0,12.0,1014,1.82,152,0.0,12,2,6
2019-12-11 06,9.85,99.2,9.73,9.0,12.0,1014,1.98,138,0.0,15,2,6
2019-12-11 07,9.8,99.2,9.77,9.8,12.0,1016,1.44,132,0.0,9,6,6
2019-12-11 08,10.62,99.2,10.08,9.8,13.0,1016,1.53,131,0.0,31,6,6
2019-12-11 09,13.7,95.4,12.46,9.8,16.0,1016,1.19,132,0.0,40,6,6
2019-12-11 10,17.88,61.88,17.16,18.0,19.44,1011,2.1,100,0.0,20,7,6
2019-12-11 11,19.83,50.75,19.47,18.89,20.4,1011,1.25,134,0.0,87,7,6
2019-12-11 12,21.18,44.55,20.09,18.89,21.0,1010,1.2,118,0.0,94,7,6
2019-12-11 13,22.0,41.62,22.32,21.93,22.6,1014,1.0,50,0.0,40,7,5
2019-12-11 14,22.38,40.73,22.37,22.0,22.6,1013,1.0,50,0.0,40,7,5
2019-12-11 15,21.7,43.53,18.18,19.28,21.4,1006,2.6,110,0.0,40,7,5
2019-12-11 16,20.67,47.88,20.59,17.6,21.0,1008,1.0,50,0.0,40,2,5
2019-12-11 17,19.38,56.48,20.33,18.23,20.0,1008,1.0,50,0.0,40,2,5
2019-12-11 18,18.52,60.52,20.03,18.8,20.38,1008,1.0,50,0.0,40,2,6
2019-12-11 19,16.52,72.42,18.37,17.94,20.0,1007,1.02,72,0.0,75,7,6
2019-12-11 20,15.33,81.1,17.48,15.6,18.0,1013,1.56,77,0.0,40,2,6
2019-12-11 21,15.57,82.58,16.76,15.6,17.0,1013,1.51,92,0.0,40,2,6
2019-12-11 22,15.75,80.7,16.85,14.8,17.0,1013,1.0,20,0.0,40,2,6
2019-12-11 23,15.32,82.62,16.71,14.62,17.0,1013,1.0,20,0.0,40,2,6
2019-12-12 00,15.3,82.85,16.83,14.8,17.0,1013,1.0,20,0.0,40,2,6
2019-12-12 01,15.48,80.92,15.9,13.99,16.0,1013,1.0,270,0.0,40,2,6
2019-12-12 02,15.8,79.05,15.87,13.85,16.0,1013,1.0,270,0.0,40,2,6
2019-12-12 03,16.05,74.62,15.63,13.25,16.0,1013,1.0,270,0.0,40,2,6
2019-12-12 04,15.27,76.88,15.51,13.3,16.0,1013,1.0,340,0.0,40,2,6
2019-12-12 05,15.5,75.1,14.88,13.28,15.0,1013,1.0,340,0.0,40,2,6
2019-12-12 06,15.28,74.67,14.9,13.37,15.0,1013,1.0,340,0.0,40,2,6
2019-12-12 07,15.28,73.25,15.2,13.7,16.0,1014,1.0,250,0.0,40,2,6
2019-12-12 08,15.48,72.88,15.15,13.8,16.0,1015,1.0,250,0.0,40,2,6
2019-12-12 09,16.15,70.5,15.9,13.8,17.0,1015,1.0,250,0.0,40,2,6
2019-12-12 10,16.98,66.88,16.44,16.0,19.8,1011,3.1,70,0.0,40,7,6
2019-12-12 11,18.33,60.38,18.19,17.87,20.0,1010,3.1,70,0.0,40,7,6
2019-12-12 12,20.18,52.02,18.06,18.03,20.0,1008,3.1,70,0.0,40,7,6
2019-12-12 13,20.68,52.33,18.49,18.89,20.6,1008,3.6,110,0.0,75,7,5
2019-12-12 14,20.65,53.45,19.07,19.0,21.0,1012,3.6,110,0.0,75,7,5
2019-12-12 15,20.45,54.98,18.55,18.09,21.0,1007,3.6,110,0.0,75,7,5
2019-12-12 16,20.27,52.6,17.52,17.8,19.44,1006,3.6,90,0.0,75,5,5
2019-12-12 17,19.55,56.02,17.0,17.0,19.44,1007,3.6,90,0.0,75,5,5
2019-12-12 18,18.8,62.77,15.43,15.0,20.0,1007,3.6,90,0.0,75,5,5
2019-12-12 19,17.2,76.95,16.39,15.56,17.47,1011,2.6,70,0.85,90,5,5
2019-12-12 20,17.6,71.93,16.07,15.56,16.15,1011,2.6,70,1.11,90,5,5
2019-12-12 21,16.07,85.2,15.45,15.0,16.0,1012,2.6,70,0.46,90,5,5
2019-12-12 22,14.98,94.62,15.62,14.0,15.18,1013,1.0,50,0.0,75,2,5
2019-12-12 23,14.35,91.95,15.63,14.0,15.38,1013,1.0,50,0.0,75,2,5
2019-12-13 00,14.62,87.1,15.67,14.0,15.39,1012,1.0,50,0.0,75,2,5
2019-12-13 01,15.23,82.42,13.69,12.8,15.17,1012,3.1,70,1.82,90,5,4
2019-12-13 02,15.62,84.53,14.16,15.0,15.37,1011,3.1,100,0.3,90,5,4
2019-12-13 03,15.07,95.03,14.73,14.73,15.12,1011,2.1,90,0.0,90,5,5
2019-12-13 04,14.38,96.12,14.77,13.8,15.23,1010,2.1,70,0.0,90,2,5
2019-12-13 05,14.5,96.03,14.75,13.8,15.3,1010,2.1,70,0.0,90,2,4
2019-12-13 06,14.5,97.43,14.14,13.8,15.42,1011,2.1,70,0.0,90,2,4
2019-12-13 07,14.6,97.0,14.49,14.0,15.44,1012,2.1,90,1.96,90,4,3
2019-12-13 08,14.93,93.18,14.41,14.0,15.22,1013,2.1,90,0.75,90,4,2
2019-12-13 09,15.43,91.0,14.9,14.0,15.0,1013,2.1,90,0.5,90,4,2
2019-12-13 10,16.0,89.43,15.92,15.0,17.6,1014,2.1,90,0.4,90,4,3
2019-12-13 10,16.0,89.43,15.92,15.0,17.6,1014,2.1,90,0.4,90,2,3
2019-12-13 11,17.38,84.6,17.6,15.8,17.64,1014,2.1,90,0.4,90,4,3
2019-12-13 11,17.38,84.6,17.6,15.8,17.64,1014,2.1,90,0.4,90,2,3
2019-12-13 12,18.23,81.15,18.39,15.8,18.13,1014,2.1,90,0.4,90,4,3
2019-12-13 12,18.23,81.15,18.39,15.8,18.13,1014,2.1,90,0.4,90,2,3
2019-12-13 13,17.67,86.38,20.68,18.15,21.67,1007,1.5,110,0.0,75,2,3
2019-12-13 14,18.05,85.3,20.43,17.6,21.11,1007,1.5,110,0.0,75,2,4
2019-12-13 15,18.67,81.12,18.12,14.6,18.4,1012,1.5,110,0.0,75,2,4
2019-12-13 16,17.52,88.1,16.22,13.6,17.0,1013,2.1,270,0.0,75,6,4
2019-12-13 17,16.68,87.0,15.44,13.6,16.18,1013,2.1,270,0.0,75,6,4
2019-12-13 18,16.12,87.7,15.41,13.6,16.0,1014,2.1,270,0.0,75,6,5
2019-12-13 19,15.93,87.3,14.28,14.29,16.0,1015,3.1,250,0.0,75,2,5
2019-12-13 20,15.6,85.02,12.81,13.07,15.0,1017,3.1,250,0.0,75,2,5
2019-12-13 21,15.5,84.15,12.59,13.16,15.0,1017,3.1,250,0.0,75,2,4
2019-12-13 22,15.15,83.4,12.86,12.11,14.0,1018,2.1,270,0.0,75,2,4
2019-12-13 23,14.07,82.67,12.76,11.87,14.0,1018,2.1,270,0.0,75,2,4
2019-12-14 00,13.05,88.17,12.26,11.76,14.0,1018,2.1,270,0.0,75,2,3
2019-12-14 01,11.95,93.8,11.91,11.61,12.44,1018,1.0,270,0.0,75,2,4
2019-12-14 02,11.22,97.28,12.0,11.71,12.83,1018,1.0,270,0.0,75,2,3
2019-12-14 03,11.43,98.22,11.69,11.88,12.06,1018,0.85,260,0.0,75,2,3
2019-12-14 04,12.3,96.3,11.91,11.96,12.04,1019,1.02,311,0.0,75,2,3
2019-12-14 05,13.1,90.07,11.67,11.65,12.0,1019,1.24,345,0.0,75,2,3
2019-12-14 06,13.38,87.42,11.65,11.58,12.0,1019,1.27,358,0.0,75,2,3
2019-12-14 07,13.25,89.1,12.1,11.62,13.0,1021,1.38,353,0.0,75,2,4
2019-12-14 08,13.15,87.5,11.79,10.93,13.0,1022,1.58,356,0.0,75,2,3
2019-12-14 09,14.35,82.35,12.11,9.2,14.0,1022,1.49,8,0.0,75,2,2
2019-12-14 10,15.72,75.95,14.99,13.81,17.4,1022,1.5,90,0.0,40,2,2
2019-12-14 11,16.27,74.17,16.06,15.63,17.4,1022,1.5,90,0.0,40,2,2
2019-12-14 12,17.25,70.4,16.64,15.84,17.4,1022,1.5,90,0.0,40,2,2
2019-12-14 13,18.43,64.28,17.3,17.0,18.4,1020,1.0,140,0.0,40,0,6
2019-12-14 14,19.9,56.8,17.87,17.54,18.4,1020,1.0,140,0.0,40,0,2
2019-12-14 15,18.18,64.47,17.53,16.51,18.4,1019,1.0,140,0.0,40,0,3
2019-12-14 16,18.1,65.25,17.82,16.4,18.0,1019,1.0,20,0.0,40,2,3
2019-12-14 17,17.0,71.9,17.02,16.0,17.87,1018,1.0,20,0.0,40,2,3
2019-12-14 18,14.7,83.75,16.84,16.0,17.98,1018,1.0,20,0.0,40,2,3
2019-12-14 19,13.58,90.22,16.07,14.0,16.0,1019,1.0,290,0.0,40,2,4
2019-12-14 20,14.0,91.62,14.58,12.23,15.0,1020,1.0,290,0.0,40,2,5
2019-12-14 21,15.12,84.62,14.58,12.47,15.0,1020,1.0,290,0.0,40,2,5
2019-12-14 22,14.77,85.45,13.32,11.81,14.0,1020,1.0,270,0.0,40,2,5
2019-12-14 23,14.6,85.62,13.2,11.42,14.0,1020,1.0,270,0.0,40,2,5
2019-12-15 00,14.05,88.15,12.64,11.66,13.2,1020,1.0,270,0.0,40,2,4
2019-12-15 01,13.32,91.75,12.46,11.15,13.0,1019,1.0,270,0.0,40,2,4
2019-12-15 02,12.78,93.53,11.72,10.81,12.8,1019,1.0,270,0.0,40,2,4
2019-12-15 03,12.43,94.6,11.68,10.65,12.8,1019,1.0,270,0.0,40,2,4
2019-12-15 04,12.22,94.95,10.48,10.52,11.2,1019,1.0,250,0.0,40,6,3
2019-12-15 05,12.7,93.83,10.58,10.73,11.38,1019,1.0,250,0.0,40,6,3
2019-12-15 06,12.05,94.95,10.6,10.75,11.39,1019,1.0,250,0.0,40,6,3
2019-12-15 07,11.7,95.92,9.93,10.0,11.6,1020,1.5,270,0.0,40,6,4
2019-12-15 08,12.48,95.58,10.38,10.0,12.6,1021,1.5,270,0.0,40,6,4
2019-12-15 09,13.8,89.7,10.87,11.0,12.6,1021,1.5,270,0.0,40,6,5
2019-12-15 10,15.27,80.65,13.14,11.0,18.89,1017,2.6,250,0.0,20,0,5
2019-12-15 11,17.5,68.67,14.75,15.0,17.8,1021,2.6,250,0.0,20,0,5
2019-12-15 12,19.18,59.72,15.29,16.0,17.8,1020,2.6,250,0.0,20,0,5
2019-12-15 13,19.72,56.6,16.55,17.0,19.44,1015,3.1,250,0.0,40,0,3
2019-12-15 14,19.8,54.82,17.12,18.0,19.44,1014,3.1,250,0.0,40,0,3
2019-12-15 15,19.62,53.47,16.79,17.11,20.0,1014,3.1,250,0.0,40,0,3
2019-12-15 16,18.5,59.08,16.71,15.8,17.42,1018,1.5,270,0.0,20,2,3
2019-12-15 17,17.42,63.88,16.39,15.8,18.23,1015,1.5,270,0.0,20,2,3
2019-12-15 18,15.68,72.6,15.92,15.0,17.78,1014,1.5,270,0.0,20,2,3
2019-12-15 19,15.2,76.92,14.6,13.0,18.33,1014,2.1,250,0.0,4,2,4
2019-12-15 20,14.95,81.1,13.2,13.0,14.24,1020,2.1,250,0.0,4,2,4
2019-12-15 21,14.32,86.05,12.09,12.0,13.83,1020,2.1,250,0.0,3,2,4
2019-12-15 22,13.73,90.05,11.9,12.0,12.99,1020,1.5,250,0.0,1,2,5
2019-12-15 23,13.3,91.05,11.28,11.0,13.04,1020,1.5,250,0.0,4,2,5
2019-12-16 00,12.8,92.7,11.18,11.0,12.76,1020,1.5,250,0.0,2,2,5
2019-12-16 01,12.48,93.55,11.02,11.0,12.0,1019,1.0,270,0.0,2,2,5
2019-12-16 02,12.07,93.85,10.97,11.0,11.79,1019,1.0,270,0.0,1,2,5
2019-12-16 03,11.82,93.9,10.8,11.0,11.4,1019,1.0,270,0.0,4,2,4
2019-12-16 04,11.5,94.73,10.02,11.0,11.47,1019,2.1,270,0.0,20,2,4
2019-12-16 05,11.5,94.45,10.07,11.0,11.61,1019,2.1,270,0.0,20,2,4
2019-12-16 06,11.45,94.73,10.06,11.0,11.53,1019,2.1,270,0.0,20,2,4
2019-12-16 07,11.45,95.58,9.13,10.4,11.56,1020,3.1,250,0.0,20,6,4
2019-12-16 08,11.47,95.72,9.0,10.4,11.12,1020,3.1,250,0.0,20,6,4
2019-12-16 09,11.53,95.4,9.26,10.4,12.0,1021,3.1,250,0.0,20,6,5
2019-12-16 10,11.65,94.12,10.07,11.0,11.84,1022,2.1,270,0.0,20,6,4
2019-12-16 11,11.98,91.08,10.41,11.0,13.13,1022,2.1,270,0.0,20,6,4
2019-12-16 12,12.22,88.72,10.51,11.0,13.47,1021,2.1,270,0.0,20,6,4
2019-12-16 13,12.43,85.93,11.35,12.0,14.92,1019,2.6,290,0.0,90,2,3
2019-12-16 14,12.45,83.8,12.42,12.0,17.78,1015,2.6,290,0.0,90,2,4
2019-12-16 15,12.45,82.6,10.87,12.0,13.23,1019,2.6,290,0.0,90,2,4
2019-12-16 16,12.38,82.3,11.48,11.8,13.53,1019,1.5,290,0.0,40,2,4
2019-12-16 17,12.45,82.1,12.2,11.0,17.22,1016,1.5,290,0.0,40,2,4
2019-12-16 18,12.45,81.8,11.16,11.0,14.13,1020,1.5,290,0.0,40,2,4
2019-12-16 19,12.5,81.82,11.95,11.0,16.67,1015,1.5,250,0.0,20,2,3
2019-12-16 20,12.47,81.8,10.44,11.0,12.72,1021,1.5,250,0.0,20,2,4
2019-12-16 21,12.38,81.88,10.27,11.0,12.11,1021,1.5,250,0.0,20,2,4
2019-12-16 22,12.45,81.88,9.79,11.0,11.63,1021,2.1,250,0.0,20,2,4
2019-12-16 23,12.4,82.97,9.79,11.0,11.7,1021,2.1,250,0.0,20,2,4
2019-12-17 00,12.02,83.97,9.8,11.0,11.72,1021,2.1,250,0.0,20,2,4
2019-12-17 01,11.7,84.7,9.79,10.8,11.5,1021,2.1,340,0.0,20,2,3
2019-12-17 02,11.6,85.52,9.88,10.8,11.84,1021,2.1,340,0.0,20,2,3
2019-12-17 03,11.62,84.88,9.51,10.47,11.0,1021,2.1,340,0.0,20,2,3
2019-12-17 04,11.67,84.05,10.02,10.25,11.2,1021,1.0,250,0.0,40,2,3
2019-12-17 05,11.65,82.38,10.16,10.69,11.2,1021,1.0,250,0.0,40,2,3
2019-12-17 06,11.52,83.03,10.21,10.84,11.22,1021,1.0,250,0.0,40,2,3
2019-12-17 07,11.2,83.5,8.26,10.6,11.6,1022,3.6,270,0.0,40,2,3
2019-12-17 08,11.3,83.65,7.86,10.6,11.14,1022,3.6,290,0.0,40,2,3
2019-12-17 09,11.33,82.8,8.18,10.6,11.6,1023,3.6,270,0.0,40,2,3
2019-12-17 10,11.45,81.53,8.95,10.0,11.73,1023,2.1,290,0.0,40,2,3
2019-12-17 11,12.02,79.05,9.82,11.0,13.0,1023,2.1,290,0.0,40,2,4
2019-12-17 12,12.17,78.72,9.89,11.0,13.22,1022,2.1,290,0.0,40,2,4
2019-12-17 13,12.35,78.33,10.83,12.0,14.67,1021,2.6,250,0.0,40,2,4
2019-12-17 14,12.78,77.85,11.07,12.0,15.67,1020,2.6,250,0.0,40,2,4
2019-12-17 15,12.93,76.32,10.49,12.0,13.58,1020,2.6,250,0.0,40,2,4
2019-12-17 16,12.6,77.97,10.86,11.0,13.55,1020,1.5,270,0.0,20,2,5
2019-12-17 17,12.17,79.93,10.83,11.0,13.45,1020,1.5,270,0.0,20,2,5
2019-12-17 18,12.12,79.5,10.72,11.0,13.03,1020,1.5,270,0.0,20,2,4
2019-12-17 19,11.88,80.85,9.65,9.8,12.33,1020,2.02,306,0.0,20,2,4
2019-12-17 20,10.5,88.12,9.32,9.8,11.45,1021,2.07,299,0.0,20,2,5
2019-12-17 21,9.27,95.05,9.25,9.8,11.22,1021,2.11,295,0.0,20,2,5
2019-12-17 22,8.77,97.3,8.93,8.6,10.6,1021,1.0,230,0.0,20,2,5
2019-12-17 23,8.85,98.42,8.29,8.6,10.62,1021,1.0,230,0.0,20,2,5
2019-12-18 00,10.5,97.85,8.28,8.6,10.52,1020,1.0,230,0.0,20,2,5
2019-12-18 01,11.1,91.0,7.99,8.2,10.05,1019,1.0,250,0.0,20,2,5
2019-12-18 02,11.17,88.53,8.02,8.2,10.18,1019,1.0,250,0.0,20,2,5
2019-12-18 03,10.98,86.12,8.07,8.2,10.2,1019,1.0,250,0.0,20,2,5
2019-12-18 04,10.7,87.05,7.55,9.0,10.23,1019,2.1,250,0.0,40,2,5
2019-12-18 05,10.47,87.12,8.16,9.6,10.26,1019,2.1,250,0.0,40,2,5
2019-12-18 06,10.6,86.03,8.19,9.6,10.3,1020,2.1,250,0.0,40,2,5
2019-12-18 07,10.52,85.2,8.27,10.0,10.4,1021,2.1,250,0.0,40,2,5
2019-12-18 08,10.45,84.07,8.19,9.69,10.4,1021,2.1,250,0.0,40,2,5
2019-12-18 09,10.9,80.72,8.17,9.69,10.4,1022,2.1,250,0.0,40,2,5
2019-12-18 10,12.47,72.68,10.35,11.0,14.2,1022,1.0,270,0.0,40,7,5
2019-12-18 11,13.88,66.75,11.31,11.6,14.2,1022,1.0,270,0.0,40,7,5
2019-12-18 12,15.47,59.38,12.01,11.6,14.2,1021,1.0,270,0.0,40,7,5
2019-12-18 13,16.57,54.8,13.23,13.8,17.0,1020,2.1,250,0.0,20,7,5
2019-12-18 14,17.0,51.33,13.43,13.8,17.0,1016,2.1,250,0.0,20,7,5
2019-12-18 15,17.05,53.05,14.03,13.8,18.0,1015,2.1,250,0.0,20,7,5
2019-12-18 16,16.3,55.55,13.35,12.8,18.0,1015,2.1,250,0.0,20,7,5
2019-12-18 17,14.93,63.98,13.48,12.8,14.6,1019,1.0,290,0.0,20,2,5
2019-12-18 18,13.5,71.9,12.93,12.8,14.6,1019,1.0,290,0.0,20,2,5
2019-12-18 19,11.7,81.08,12.39,10.4,15.56,1015,1.13,324,0.0,20,2,5
2019-12-18 20,10.12,91.9,10.77,10.4,13.05,1020,0.92,256,0.0,20,2,5
2019-12-18 21,10.75,89.85,10.47,10.4,13.24,1020,1.26,232,0.0,20,2,6
2019-12-18 22,10.93,87.67,8.48,8.4,11.25,1020,1.62,237,0.0,0,2,6
2019-12-18 23,10.48,89.88,7.31,8.4,9.3,1020,1.87,259,0.0,0,2,6
2019-12-19 00,9.28,91.75,7.0,8.4,9.06,1020,2.22,284,0.0,1,2,6
2019-12-19 01,8.57,95.72,6.64,7.93,9.0,1019,2.34,303,0.0,0,6,5
2019-12-19 02,8.7,96.17,6.63,8.0,9.0,1019,2.33,316,0.0,21,6,5
2019-12-19 03,8.97,93.68,5.99,7.55,8.0,1019,2.03,333,0.0,37,6,5
2019-12-19 04,7.85,95.5,5.81,6.6,8.0,1019,1.61,346,0.0,71,6,5
2019-12-19 05,7.42,97.55,5.66,6.6,8.23,1019,2.08,349,0.0,77,6,5
2019-12-19 06,7.03,98.45,6.48,6.6,8.26,1019,0.87,270,0.0,97,6,5
2019-12-19 07,6.8,99.12,6.87,7.2,8.8,1020,1.0,180,0.0,100,6,5
2019-12-19 08,7.82,99.25,6.9,7.2,9.29,1020,1.0,180,0.0,99,6,5
2019-12-19 09,9.68,99.28,6.96,7.2,9.62,1021,1.0,180,0.0,95,6,5
2019-12-19 10,10.77,97.25,9.93,7.78,14.44,1018,1.0,250,0.0,93,6,5
2019-12-19 11,12.68,84.22,11.59,10.0,15.56,1017,1.0,250,0.0,98,6,6
2019-12-19 12,13.82,78.05,12.62,12.0,15.56,1016,1.0,250,0.0,97,6,6
2019-12-19 13,14.45,74.93,13.32,13.8,15.39,1018,2.1,70,0.0,97,6,6
2019-12-19 14,13.93,77.35,13.71,13.8,16.04,1013,2.1,70,0.0,98,6,6
2019-12-19 15,13.22,80.73,13.03,13.8,14.6,1018,2.1,70,0.0,96,6,6
2019-12-19 16,12.9,82.55,13.33,12.2,15.0,1013,1.0,90,0.0,20,6,6
2019-12-19 17,12.38,85.15,12.79,12.0,15.0,1013,1.0,90,0.0,20,6,6
2019-12-19 18,10.62,93.15,12.23,12.0,13.77,1017,1.0,90,0.0,20,6,6
2019-12-19 19,10.07,97.38,10.75,11.96,13.15,1017,2.15,351,0.0,20,6,6
2019-12-19 20,9.93,98.2,9.91,11.0,12.17,1017,1.99,348,0.0,20,6,6
2019-12-19 21,9.55,98.83,9.9,10.77,11.8,1017,1.73,342,0.0,20,6,6
2019-12-19 22,9.3,99.3,9.3,9.4,11.28,1017,1.69,335,0.0,20,6,6
2019-12-19 23,9.25,99.3,8.91,9.37,11.0,1017,1.93,333,0.0,20,6,6
2019-12-20 00,9.18,99.3,8.43,9.3,10.0,1017,1.63,334,0.0,20,6,6
2019-12-20 01,9.15,99.3,8.65,8.57,10.0,1016,1.0,250,0.0,20,6,6
2019-12-20 02,9.47,99.3,8.48,8.09,10.0,1016,1.0,250,0.0,20,6,6
2019-12-20 03,9.95,99.3,8.51,8.15,10.0,1016,1.0,250,0.0,20,6,6
2019-12-20 04,10.15,99.3,8.1,7.92,10.0,1016,1.0,270,0.0,40,6,6
2019-12-20 05,10.17,99.3,8.2,8.15,10.0,1016,1.0,270,0.0,40,6,6
2019-12-20 06,10.0,99.3,8.17,8.16,10.0,1016,1.0,270,0.0,40,6,6
2019-12-20 07,9.48,99.3,8.37,8.4,10.2,1018,1.5,250,0.0,40,6,6
2019-12-20 08,9.75,99.3,8.0,8.4,10.2,1018,1.5,250,0.0,40,6,6
2019-12-20 09,10.35,99.3,8.05,8.4,10.2,1018,1.5,250,0.0,40,6,6
2019-12-20 10,11.82,91.53,11.46,10.0,15.0,1014,1.0,230,0.0,40,6,6
2019-12-20 11,13.47,80.75,13.0,12.0,15.56,1013,1.0,230,0.0,40,6,6
2019-12-20 12,13.78,80.5,13.35,12.0,15.56,1013,1.0,230,0.0,40,6,6
2019-12-20 13,15.53,71.67,13.57,14.0,17.75,1015,3.1,250,0.0,40,7,6
2019-12-20 14,16.88,64.2,13.62,14.0,18.14,1010,3.1,250,0.0,40,7,6
2019-12-20 15,17.88,58.4,13.15,14.0,16.11,1009,3.1,250,0.0,40,6,6
2019-12-20 16,16.88,65.97,13.39,14.0,15.56,1010,2.6,250,0.0,20,6,6
2019-12-20 17,15.25,76.47,12.24,12.0,15.56,1010,2.6,250,0.0,20,6,6
2019-12-20 18,13.97,82.62,11.54,11.0,15.0,1011,2.6,250,0.0,20,6,6
2019-12-20 19,12.7,89.2,11.52,10.0,15.0,1011,1.0,250,0.0,20,6,6
2019-12-20 20,11.68,94.62,11.54,10.0,15.0,1011,1.0,250,0.0,20,6,6
2019-12-20 21,11.3,98.25,11.66,10.0,15.0,1012,1.0,250,0.0,20,6,6
2019-12-20 22,11.48,99.22,11.09,10.0,14.44,1011,1.0,250,0.0,20,6,6
2019-12-20 23,11.0,99.3,11.19,10.0,15.0,1011,1.0,250,0.0,20,6,6
2019-12-21 00,11.73,99.3,9.92,10.0,12.41,1016,1.0,250,0.0,20,6,6
2019-12-21 01,12.03,98.62,9.07,9.6,11.87,1016,1.5,250,0.0,20,6,6
2019-12-21 02,12.05,96.1,8.94,9.6,10.45,1017,1.5,250,0.0,20,6,6
2019-12-21 03,12.1,95.5,8.98,9.6,10.67,1016,1.5,250,0.0,20,6,6
2019-12-21 04,12.05,96.77,9.82,10.0,11.21,1016,1.0,250,0.0,20,6,6
2019-12-21 05,12.0,97.97,10.79,10.8,12.34,1016,1.0,250,0.0,20,6,6
2019-12-21 06,12.1,98.6,10.67,10.8,11.97,1017,1.0,250,0.0,20,6,6
2019-12-21 07,12.12,98.78,10.84,10.8,12.22,1018,1.5,250,0.0,90,6,6
2019-12-21 08,12.22,98.58,10.67,10.8,11.8,1018,1.5,250,0.0,90,6,6
2019-12-21 09,12.8,96.8,10.51,10.53,11.8,1019,1.5,250,0.0,90,6,6
2019-12-21 10,14.45,87.58,11.18,11.0,15.56,1015,2.6,250,0.0,40,6,6
2019-12-21 11,15.73,81.15,12.61,12.8,16.11,1014,2.6,250,0.0,40,6,6
2019-12-21 12,15.93,77.68,13.09,12.8,16.11,1013,2.6,250,0.0,40,6,6
2019-12-21 13,16.98,71.67,14.67,15.4,17.4,1012,2.6,270,0.0,40,6,6
2019-12-21 14,17.75,64.93,14.68,15.4,17.4,1012,2.6,270,0.0,40,6,6
2019-12-21 15,17.58,64.42,14.61,14.67,16.67,1010,2.6,290,0.0,40,6,5
2019-12-21 16,17.62,64.2,15.43,14.6,16.11,1011,1.5,270,0.0,40,2,5
2019-12-21 17,16.0,74.9,14.76,14.6,15.4,1015,1.5,270,0.0,40,2,5
2019-12-21 18,14.72,81.23,14.23,14.0,15.4,1012,1.5,270,0.0,40,2,6
2019-12-21 19,13.95,84.55,13.44,11.4,15.56,1012,1.0,250,0.0,20,2,6
2019-12-21 20,13.43,84.15,11.48,11.4,12.0,1017,1.0,250,0.0,20,2,6
2019-12-21 21,12.93,87.78,11.41,11.3,12.0,1018,1.0,250,0.0,20,2,6
2019-12-21 22,11.98,92.88,10.24,9.6,12.0,1018,1.0,290,0.0,20,6,6
2019-12-21 23,11.25,94.38,9.94,9.6,11.0,1018,1.0,290,0.0,20,6,5
2019-12-22 00,10.7,95.9,9.38,9.6,10.65,1018,1.0,290,0.0,20,6,5
2019-12-22 01,10.38,97.6,8.68,8.8,10.37,1018,1.5,250,0.0,20,6,5
2019-12-22 02,10.3,98.48,7.97,8.8,10.14,1018,1.5,250,0.0,20,6,5
2019-12-22 03,10.47,98.97,7.86,8.8,9.64,1018,1.5,250,0.0,20,6,5
2019-12-22 04,10.18,99.3,8.65,9.0,10.2,1018,1.0,250,0.0,90,6,5
2019-12-22 05,10.03,99.3,8.59,9.0,10.2,1019,1.0,250,0.0,90,6,5
2019-12-22 06,10.0,99.3,8.57,9.0,10.2,1019,1.0,250,0.0,90,6,5
2019-12-22 07,9.97,99.3,7.71,9.15,10.6,1020,3.1,230,0.0,20,6,4
2019-12-22 08,10.22,99.3,7.79,9.2,10.6,1020,3.1,230,0.0,20,6,4
2019-12-22 09,10.77,99.3,7.79,9.2,10.6,1021,3.1,230,0.0,20,6,5
2019-12-22 10,11.57,93.4,9.92,10.0,12.11,1021,1.5,270,0.0,20,2,5
2019-12-22 11,12.88,83.65,11.75,11.0,15.56,1017,1.5,270,0.0,20,2,5
2019-12-22 12,14.03,77.92,12.43,12.0,16.11,1015,1.5,270,0.0,20,2,5
2019-12-22 13,14.4,76.42,11.7,13.0,16.73,1018,4.1,250,0.0,40,2,5
2019-12-22 14,13.22,82.38,12.2,13.0,17.33,1013,4.1,250,0.0,40,2,5
2019-12-22 15,13.0,83.23,11.46,13.0,16.11,1013,4.1,250,0.0,40,2,5
2019-12-22 16,13.0,83.7,12.48,12.0,15.56,1012,1.5,270,0.0,40,2,5
2019-12-22 17,12.7,84.78,12.31,12.0,15.0,1012,1.5,270,0.0,40,2,5
2019-12-22 18,12.27,87.85,11.76,11.0,14.44,1012,1.5,270,0.0,40,2,5
2019-12-22 19,12.05,90.38,11.12,11.0,15.0,1010,3.1,270,0.0,20,2,5
2019-12-22 20,11.82,91.38,9.46,11.0,11.83,1017,3.1,290,0.0,1,6,5
2019-12-22 21,11.2,91.85,9.12,11.0,11.79,1017,3.1,310,0.0,1,6,5
2019-12-22 22,10.65,93.3,8.26,10.0,10.87,1018,2.6,250,0.0,20,2,5
2019-12-22 23,10.55,92.85,8.27,10.0,10.9,1017,2.6,250,0.0,20,2,5
2019-12-23 00,10.6,91.6,8.21,10.0,10.69,1017,2.6,250,0.0,20,2,5
2019-12-23 01,10.48,90.4,8.21,9.0,10.4,1017,1.5,270,0.0,20,2,5
2019-12-23 02,10.12,90.95,8.07,9.0,9.94,1017,1.5,270,0.0,20,2,5
2019-12-23 03,9.85,91.8,7.92,9.0,9.6,1017,1.5,270,0.0,20,2,5
2019-12-23 04,9.78,91.38,7.35,9.0,9.48,1017,2.1,250,0.0,7,2,5
2019-12-23 05,9.55,92.1,7.26,8.8,9.5,1018,2.1,250,0.0,29,2,5
2019-12-23 06,9.35,92.62,6.69,8.0,9.45,1017,2.1,250,0.0,42,2,5
2019-12-23 07,9.07,93.48,6.58,8.0,9.37,1018,2.1,270,0.0,58,6,5
2019-12-23 08,8.88,93.6,6.58,8.0,9.34,1019,2.1,270,0.0,71,6,5
2019-12-23 09,9.28,91.97,6.55,8.0,9.39,1019,2.1,270,0.0,90,6,5
2019-12-23 10,9.4,91.02,8.8,9.0,11.6,1020,1.0,230,0.0,73,6,5
2019-12-23 11,9.95,87.08,10.23,9.0,15.56,1015,1.0,230,0.0,2,6,5
2019-12-23 12,10.8,82.62,11.37,10.2,15.56,1014,1.0,230,0.0,0,6,5
2019-12-23 13,12.65,74.15,10.92,11.0,15.66,1017,2.6,280,0.0,40,6,5
2019-12-23 14,13.62,70.38,11.92,12.0,16.14,1011,3.1,280,0.0,40,6,5
2019-12-23 15,14.43,67.85,10.75,12.0,14.07,1016,2.6,260,0.0,40,6,5
2019-12-23 16,13.95,70.67,11.07,11.0,13.94,1016,1.0,270,0.0,20,6,5
2019-12-23 17,12.48,78.5,11.42,10.0,15.56,1012,1.0,270,0.0,20,6,5
2019-12-23 18,10.95,86.72,11.18,10.0,15.0,1012,1.0,270,0.0,20,6,5
2019-12-23 19,9.9,91.42,9.05,8.6,15.0,1013,2.31,336,0.0,20,6,5
2019-12-23 20,9.35,94.22,7.59,8.6,11.93,1018,2.29,344,0.0,20,6,6
2019-12-23 21,8.57,96.45,7.65,8.6,11.21,1018,2.11,360,0.0,20,6,5
2019-12-23 22,7.83,98.78,6.27,6.6,9.72,1018,1.88,19,0.0,3,6,5
2019-12-23 23,7.3,99.3,6.22,6.6,9.48,1019,1.81,37,0.0,0,6,5
2019-12-24 00,7.98,99.3,5.9,6.6,9.37,1019,2.14,42,0.0,0,6,5
2019-12-24 01,9.12,99.3,6.5,8.0,9.75,1018,2.1,120,0.0,20,6,5
2019-12-24 02,9.4,98.97,6.27,7.87,8.7,1018,2.0,48,0.0,20,6,5
2019-12-24 03,9.5,96.65,6.27,7.31,8.28,1018,1.65,75,0.0,20,6,5
2019-12-24 04,9.4,93.55,6.65,7.29,9.4,1019,1.5,50,0.0,100,6,6
2019-12-24 05,9.22,92.65,7.37,7.9,9.4,1019,1.5,50,0.0,100,6,6
2019-12-24 06,8.93,92.67,7.37,7.85,9.4,1019,1.5,50,0.0,100,6,6
2019-12-24 07,8.82,92.57,6.8,8.0,9.2,1020,1.5,70,0.0,20,6,5
2019-12-24 08,8.62,91.95,7.16,7.52,9.2,1021,1.5,70,0.0,20,6,5
2019-12-24 09,8.93,90.1,7.05,7.14,9.2,1021,1.5,70,0.0,20,6,5
2019-12-24 10,9.7,86.68,8.15,8.21,12.2,1022,1.0,200,0.0,20,6,5
2019-12-24 11,10.92,80.08,10.39,10.37,11.2,1022,0.39,56,0.0,20,6,6
2019-12-24 12,13.1,69.83,10.69,11.2,12.2,1021,1.0,200,0.0,20,6,6
2019-12-24 13,14.5,65.55,13.77,13.0,16.0,1015,1.0,340,0.0,20,6,6
2019-12-24 14,15.3,62.93,14.85,14.25,16.0,1014,1.0,340,0.0,20,6,6
2019-12-24 15,15.7,61.22,14.33,12.18,16.0,1014,1.0,340,0.0,20,6,6
2019-12-24 16,15.35,64.62,12.89,12.34,15.56,1014,1.5,340,0.0,20,6,6
2019-12-24 17,13.68,72.03,11.89,11.55,14.6,1018,1.5,340,0.0,20,6,6
2019-12-24 18,11.93,79.65,11.15,11.0,14.6,1014,1.5,340,0.0,20,6,6
2019-12-24 19,10.38,88.4,9.45,10.64,11.0,1018,2.1,290,0.0,20,2,6
2019-12-24 20,9.72,94.62,6.82,7.68,9.0,1019,2.1,270,0.0,20,2,6
2019-12-24 21,9.47,95.25,7.84,8.02,10.0,1019,2.1,270,0.0,20,6,6
2019-12-24 22,9.18,97.72,7.79,7.36,10.0,1020,1.0,250,0.0,0,6,6
2019-12-24 23,8.73,98.5,7.1,7.28,9.0,1020,1.0,250,0.0,0,6,6
2019-12-25 00,8.38,99.28,6.19,7.0,8.0,1019,1.0,250,0.0,0,6,6
2019-12-25 01,8.7,99.3,5.31,6.84,8.0,1019,2.6,280,0.0,90,6,6
2019-12-25 02,8.93,99.3,5.2,6.57,8.0,1018,2.6,320,0.0,90,6,6
2019-12-25 03,8.58,99.3,4.67,6.25,8.0,1018,3.1,280,0.0,90,6,5
2019-12-25 04,8.05,99.3,4.77,6.3,7.4,1018,2.1,290,0.0,97,6,5
2019-12-25 05,7.85,99.3,4.88,6.64,7.4,1018,2.1,290,0.0,100,6,4
2019-12-25 06,7.62,98.53,4.86,6.59,7.4,1019,2.1,290,0.0,100,6,4
2019-12-25 07,7.7,97.35,4.22,6.34,8.0,1019,3.1,250,0.0,1,6,4
2019-12-25 08,7.82,96.72,4.09,6.0,8.0,1020,3.1,250,0.0,1,6,4
2019-12-25 09,8.03,95.9,4.75,6.8,8.0,1020,2.6,250,0.0,1,6,5
2019-12-25 10,8.32,93.03,5.65,8.0,9.05,1021,2.6,290,0.0,40,6,5
2019-12-25 11,9.05,87.43,5.9,8.0,10.53,1021,2.6,250,0.0,20,6,5
2019-12-25 12,9.92,80.85,6.71,8.0,11.81,1020,2.6,250,0.0,20,6,5
2019-12-25 13,11.7,71.7,9.37,10.0,14.06,1018,3.6,300,0.0,40,6,5
2019-12-25 14,12.5,68.58,9.75,10.0,14.85,1017,3.6,280,0.0,40,6,5
2019-12-25 15,13.1,66.3,8.03,10.86,11.46,1017,3.6,270,0.0,40,6,5
2019-12-25 16,12.65,68.8,9.39,9.2,11.63,1017,1.5,250,0.0,0,2,5
2019-12-25 17,11.0,77.88,8.7,9.2,10.86,1017,1.5,250,0.0,0,2,5
2019-12-25 18,9.35,86.45,8.2,9.0,10.76,1017,1.5,250,0.0,0,2,5
2019-12-25 19,8.77,88.82,6.26,9.0,9.97,1017,4.1,310,0.0,40,2,5
2019-12-25 20,8.32,90.85,6.09,8.0,8.78,1018,2.1,290,0.0,40,2,5
2019-12-25 21,8.05,92.75,6.35,8.0,8.77,1018,2.1,280,0.0,40,6,5
2019-12-25 22,8.7,90.97,6.17,8.0,8.51,1019,2.1,340,0.0,40,2,5
2019-12-25 23,8.6,90.4,6.16,8.0,8.5,1019,2.1,340,0.0,40,2,5
2019-12-26 00,8.52,91.05,5.5,7.0,8.41,1018,2.1,340,0.0,40,2,5
2019-12-26 01,8.22,91.4,5.68,7.0,8.06,1018,1.5,270,0.0,40,2,5
2019-12-26 02,8.17,91.8,5.58,7.0,7.8,1018,1.5,270,0.0,40,2,5
2019-12-26 03,8.15,91.28,5.36,6.67,7.8,1018,1.5,270,0.0,40,2,5
2019-12-26 04,7.85,91.5,5.11,6.74,7.6,1017,1.5,290,0.0,40,2,5
2019-12-26 05,7.6,91.7,5.2,7.0,7.6,1017,1.5,290,0.0,40,2,5
2019-12-26 06,7.53,90.55,4.16,6.95,7.2,1017,3.1,290,0.0,40,6,5
2019-12-26 07,7.4,89.97,4.71,6.6,7.4,1019,2.1,250,0.0,40,6,5
2019-12-26 08,7.35,89.8,4.83,6.6,7.46,1019,2.1,250,0.0,40,6,5
2019-12-26 09,7.62,88.7,4.97,6.6,8.11,1019,2.1,250,0.0,40,6,5
2019-12-26 10,7.95,85.9,6.38,7.0,11.0,1020,1.5,340,0.0,40,6,5
2019-12-26 11,8.93,80.58,7.03,8.0,11.0,1019,1.5,340,0.0,40,6,5
2019-12-26 12,10.05,75.1,7.64,8.0,11.0,1018,1.0,270,0.0,40,7,5
2019-12-26 13,11.72,66.93,8.72,9.0,12.19,1017,1.0,270,0.0,40,7,5
2019-12-26 14,12.62,63.75,10.5,11.0,14.44,1012,2.1,270,0.0,20,6,5
2019-12-26 15,13.32,62.33,9.3,10.78,13.0,1017,2.1,270,0.0,20,6,5
2019-12-26 16,12.85,65.0,8.89,10.2,11.44,1017,2.1,250,0.0,20,2,5
2019-12-26 17,11.47,70.55,8.4,10.0,11.76,1017,2.1,250,0.0,20,2,5
2019-12-26 18,10.1,78.2,8.3,10.0,11.31,1017,2.1,250,0.0,20,2,5
2019-12-26 19,9.45,83.62,7.34,9.0,10.62,1017,2.1,10,0.0,20,2,6
2019-12-26 20,8.88,86.03,6.23,7.93,9.0,1018,2.6,350,0.0,20,6,6
2019-12-26 21,8.7,86.47,6.31,7.68,8.54,1018,1.5,360,0.0,20,6,6
2019-12-26 22,8.05,86.5,5.19,7.0,7.74,1019,1.89,288,0.0,20,6,6
2019-12-26 23,6.83,91.0,5.13,7.0,7.81,1019,2.06,285,0.0,20,6,6
2019-12-27 00,6.88,92.83,5.53,7.0,7.79,1018,1.5,80,0.0,20,6,6
2019-12-27 01,7.22,90.3,4.35,5.4,7.49,1019,2.27,297,0.0,20,6,6
2019-12-27 02,6.75,90.9,3.83,5.4,7.42,1019,2.07,307,0.0,20,6,6
2019-12-27 03,6.85,90.55,3.87,5.4,6.5,1018,1.61,301,0.0,20,6,6
2019-12-27 04,7.45,86.0,5.16,6.16,7.2,1018,1.0,320,0.0,40,6,5
2019-12-27 05,7.35,85.25,5.18,6.17,7.2,1018,1.0,320,0.0,40,6,5
2019-12-27 06,7.32,83.62,5.16,6.16,7.2,1018,1.0,320,0.0,40,6,5
2019-12-27 07,7.2,84.05,4.74,6.5,7.4,1020,1.5,270,0.0,40,6,5
2019-12-27 08,7.35,83.45,4.78,6.65,7.4,1020,1.5,270,0.0,40,6,5
2019-12-27 09,7.75,81.1,4.88,6.76,7.73,1021,1.5,270,0.0,40,6,5
2019-12-27 10,8.3,77.6,6.42,8.0,11.2,1021,1.5,340,0.0,20,7,6
2019-12-27 11,9.82,70.82,7.28,8.2,11.24,1021,1.5,340,0.0,20,7,6
2019-12-27 12,11.1,65.68,7.96,8.2,11.75,1020,1.5,340,0.0,20,7,6
2019-12-27 13,11.93,63.7,10.06,11.0,14.44,1014,2.1,270,0.0,20,7,6
2019-12-27 14,12.8,61.38,10.63,11.2,14.44,1013,2.1,270,0.0,20,7,6
2019-12-27 15,13.8,58.25,9.53,10.6,13.6,1018,2.1,270,0.0,20,7,6
2019-12-27 16,13.35,60.67,9.91,10.2,12.4,1018,1.5,270,0.0,20,6,6
2019-12-27 17,11.95,68.5,8.87,9.9,12.4,1018,1.5,270,0.0,20,6,6
2019-12-27 18,10.5,76.17,8.76,9.73,12.4,1018,1.5,270,0.0,20,6,6
2019-12-27 19,9.6,81.75,7.06,7.4,10.0,1019,1.91,333,0.0,1,2,6
2019-12-27 20,9.25,83.72,5.54,5.91,9.0,1019,2.19,330,0.0,3,2,6
2019-12-27 21,8.3,87.97,4.97,6.42,8.0,1019,2.33,325,0.0,3,2,6
2019-12-27 22,6.67,94.03,4.3,5.4,8.0,1019,2.58,324,0.0,5,6,6
2019-12-27 23,6.2,97.4,4.31,5.4,8.0,1019,2.46,327,0.0,5,6,6
2019-12-28 00,5.85,98.5,3.86,5.4,7.0,1019,2.29,330,0.0,2,6,6
2019-12-28 01,4.88,99.22,3.3,4.2,7.0,1018,2.29,327,0.0,10,6,6
2019-12-28 02,4.5,99.3,2.61,4.2,6.0,1018,2.17,319,0.0,96,6,6
2019-12-28 03,4.4,99.3,2.2,4.18,5.0,1018,1.73,306,0.0,100,6,6
2019-12-28 04,4.58,99.28,2.3,4.34,5.0,1018,1.96,304,0.0,90,6,6
2019-12-28 05,6.35,99.2,2.0,3.6,5.0,1018,1.92,308,0.0,100,6,6
2019-12-28 06,6.72,99.2,0.89,3.0,5.06,1019,1.98,308,0.0,100,6,6
2019-12-28 07,6.83,99.2,2.79,4.0,6.4,1020,1.5,270,0.0,100,6,5
2019-12-28 08,6.97,99.18,3.21,4.6,6.4,1021,1.5,270,0.0,100,6,5
2019-12-28 09,6.97,97.78,3.56,4.18,6.4,1021,1.5,270,0.0,100,6,5
2019-12-28 10,6.82,96.8,4.81,5.75,7.4,1022,1.0,230,0.0,100,6,5
2019-12-28 11,7.07,93.9,5.65,6.81,7.4,1022,1.0,230,0.0,99,6,5
2019-12-28 12,9.0,79.65,6.26,7.0,8.0,1021,1.0,230,0.0,36,6,5
2019-12-28 13,10.62,70.75,8.87,8.0,13.33,1015,1.5,230,0.0,6,7,6
2019-12-28 14,11.53,67.12,9.71,9.6,13.89,1015,1.5,230,0.0,0,7,6
2019-12-28 15,11.38,69.3,8.57,9.6,13.0,1019,1.5,230,0.0,0,7,6
2019-12-28 16,10.85,73.03,8.51,9.6,11.2,1019,1.5,340,0.0,0,6,6
2019-12-28 17,10.03,76.62,8.28,9.2,11.2,1019,1.5,340,0.0,0,6,6
2019-12-28 18,9.12,81.05,7.21,8.0,11.2,1019,1.5,340,0.0,1,6,6
2019-12-28 19,7.55,89.47,5.2,6.6,8.0,1020,2.27,68,0.0,20,6,6
2019-12-28 20,6.15,96.3,4.35,6.35,7.0,1021,2.28,72,0.0,20,6,6
2019-12-28 21,5.88,98.45,4.37,6.37,7.0,1021,2.29,76,0.0,20,6,6
2019-12-28 22,6.22,99.2,3.0,4.6,6.34,1021,2.32,78,0.0,20,6,6
2019-12-28 23,6.65,98.6,2.96,4.6,6.16,1021,2.27,78,0.0,20,6,6
2019-12-29 00,6.53,99.15,3.01,4.6,6.36,1020,2.3,80,0.0,20,6,6
2019-12-29 01,6.72,99.3,3.36,4.0,6.67,1020,1.65,93,0.0,20,6,6
2019-12-29 02,6.68,99.3,3.94,4.0,6.89,1020,0.94,124,0.0,20,6,6
2019-12-29 03,6.57,99.3,4.49,4.0,7.0,1020,0.38,320,0.0,20,6,6
2019-12-29 04,6.5,99.3,4.81,4.87,7.0,1020,1.0,340,0.0,40,6,6
2019-12-29 05,6.45,98.82,4.27,4.99,6.6,1020,1.0,340,0.0,40,6,6
2019-12-29 06,6.42,95.05,4.29,5.12,6.6,1021,1.0,340,0.0,40,6,5
2019-12-29 07,6.55,91.85,4.19,5.09,6.0,1021,0.67,315,0.0,90,6,5
2019-12-29 08,6.5,90.42,3.98,4.84,7.0,1022,1.5,230,0.0,20,6,6
2019-12-29 09,6.8,88.6,3.92,4.44,7.0,1022,1.5,230,0.0,20,6,6
2019-12-29 10,8.03,81.6,5.81,6.18,9.8,1023,1.0,200,0.0,100,7,6
2019-12-29 11,10.7,68.97,7.07,7.15,10.0,1023,1.0,200,0.0,100,7,6
2019-12-29 12,11.5,66.38,7.86,7.8,11.0,1021,1.0,200,0.0,100,7,6
2019-12-29 13,12.85,62.15,10.12,11.34,13.33,1014,2.1,320,0.0,40,6,6
2019-12-29 14,14.1,58.25,10.0,11.64,13.33,1013,2.6,300,0.0,40,7,6
2019-12-29 15,14.85,53.62,10.94,9.96,15.5,1013,1.5,360,0.0,1,7,6
2019-12-29 16,14.88,53.53,10.84,10.24,13.33,1014,1.5,360,0.0,20,6,6
2019-12-29 17,12.9,63.17,9.79,10.38,12.5,1018,1.5,360,0.0,20,6,5
2019-12-29 18,9.95,81.7,9.53,9.68,12.78,1014,1.5,360,0.0,20,6,5
2019-12-29 19,9.0,91.47,8.05,8.69,10.33,1019,2.04,317,0.0,20,2,6
2019-12-29 20,8.62,93.62,6.19,5.77,9.0,1019,1.96,320,0.0,20,6,6
2019-12-29 21,7.93,96.07,6.08,5.9,9.0,1019,2.04,330,0.0,20,6,6
2019-12-29 22,8.3,96.6,4.3,5.06,8.0,1019,2.3,342,0.0,0,6,6
2019-12-29 23,8.1,94.8,4.11,4.88,8.0,1019,2.45,349,0.0,0,6,6
2019-12-30 00,6.38,97.82,3.65,5.03,7.0,1019,2.36,345,0.0,20,6,6
2019-12-30 01,5.15,99.25,2.87,4.23,6.0,1018,2.0,328,0.0,100,6,6
2019-12-30 02,4.88,99.3,2.95,3.92,6.0,1018,1.81,313,0.0,100,6,6
2019-12-30 03,5.03,99.3,2.94,3.59,6.0,1018,1.63,305,0.0,100,6,6
2019-12-30 04,5.35,99.3,2.73,3.85,5.0,1018,1.0,250,0.0,90,6,6
2019-12-30 05,5.38,99.2,2.84,4.22,5.0,1018,1.0,250,0.0,90,6,6
2019-12-30 06,6.12,99.2,3.0,4.6,5.0,1019,1.0,250,0.0,90,6,6
2019-12-30 07,5.75,99.2,3.48,4.6,5.4,1019,0.51,328,0.0,90,6,5
2019-12-30 08,5.4,99.2,3.56,4.02,5.4,1019,0.2,147,0.0,90,6,5
2019-12-30 09,5.7,99.25,3.16,3.76,5.4,1020,0.68,137,0.0,90,6,6
2019-12-30 10,5.95,99.3,4.65,5.19,7.8,1021,1.0,140,0.0,90,6,5
2019-12-30 11,6.57,99.3,5.39,5.6,7.8,1021,1.0,140,0.0,90,6,6
2019-12-30 12,7.32,99.3,5.64,5.6,7.8,1021,1.0,140,0.0,90,6,6
2019-12-30 13,7.97,99.3,5.94,7.0,9.91,1020,3.1,50,0.0,90,6,6
2019-12-30 14,9.3,98.97,6.85,7.0,12.22,1015,3.1,50,0.0,90,6,6
2019-12-30 15,9.73,89.45,6.08,7.0,9.4,1019,3.1,50,0.0,90,6,6
2019-12-30 16,9.02,90.42,7.1,6.8,9.0,1019,1.0,70,0.0,90,6,6
2019-12-30 17,8.42,93.65,6.25,6.8,8.32,1019,1.0,70,0.0,90,6,6
2019-12-30 18,7.85,97.12,6.0,6.8,8.21,1019,1.0,70,0.0,90,6,6
2019-12-30 19,7.62,98.72,4.68,6.0,7.4,1019,1.5,90,0.0,90,6,6
2019-12-30 20,7.25,99.3,4.35,5.36,7.4,1020,1.5,90,0.0,90,6,6
2019-12-30 21,6.83,99.3,4.42,5.64,7.4,1020,1.5,90,0.0,90,6,6
2019-12-30 22,6.7,99.3,3.7,4.85,6.6,1020,1.5,110,0.0,40,6,6
2019-12-30 23,6.65,98.12,3.7,4.8,6.6,1020,1.5,110,0.0,40,6,6
2019-12-31 00,6.67,94.0,3.61,4.74,6.6,1020,1.5,110,0.0,40,6,6
2019-12-31 01,6.32,93.0,3.23,4.51,6.2,1020,1.5,90,0.0,40,6,5
2019-12-31 02,6.3,91.9,2.92,4.21,6.2,1020,1.5,90,0.0,40,6,5
2019-12-31 03,6.15,91.0,2.85,3.66,6.2,1020,1.5,90,0.0,40,6,5
2019-12-31 04,6.1,89.75,2.08,3.57,5.8,1020,2.1,90,0.0,40,2,5
2019-12-31 05,6.0,88.7,2.48,4.26,5.8,1021,2.1,90,0.0,40,2,5
2019-12-31 06,5.82,88.48,2.61,4.49,5.8,1022,2.1,90,0.0,40,2,5
2019-12-31 07,5.93,88.22,2.98,4.77,6.2,1022,2.1,100,0.0,20,6,5
2019-12-31 08,6.08,86.62,2.58,4.88,6.2,1022,2.6,90,0.0,75,6,5
2019-12-31 09,6.57,83.92,3.08,4.84,7.0,1022,2.6,70,0.0,75,6,5
2019-12-31 10,7.6,78.83,4.0,6.0,10.0,1023,2.6,50,0.0,20,7,5
2019-12-31 11,9.15,72.38,5.97,6.67,10.0,1023,2.6,50,0.0,20,7,5
2019-12-31 12,10.88,66.38,7.7,8.51,12.22,1018,2.6,50,0.0,20,7,5
2019-12-31 13,12.43,60.55,9.57,11.77,13.0,1021,2.6,100,0.0,20,7,5
2019-12-31 14,13.25,56.32,10.08,12.71,13.91,1013,2.6,100,0.0,20,7,6
2019-12-31 15,14.28,51.23,9.39,11.93,13.0,1013,3.1,110,0.0,20,7,6
2019-12-31 16,14.33,52.62,11.69,11.4,14.0,1015,1.58,102,0.0,40,7,5
2019-12-31 17,13.97,56.02,10.66,10.87,14.0,1015,2.05,109,0.0,40,7,5
2019-12-31 18,10.5,76.6,9.87,10.6,13.0,1014,1.77,106,0.0,20,7,5
2019-12-31 19,8.3,89.78,8.74,7.8,11.67,1019,1.34,99,0.0,14,2,5
2019-12-31 20,7.75,95.35,8.47,7.16,12.22,1015,1.05,94,0.0,3,2,6
2019-12-31 21,7.08,98.05,7.53,7.52,9.04,1020,0.71,89,0.0,0,2,6
2019-12-31 22,6.7,99.28,6.07,5.4,8.0,1020,0.56,96,0.0,20,2,6
2019-12-31 23,6.67,99.3,5.99,5.4,8.0,1020,0.43,52,0.0,20,2,6
2020-01-01 00,6.28,99.3,5.31,5.4,7.0,1020,0.52,31,0.0,20,2,6
2020-01-01 01,6.62,99.3,4.63,4.86,7.0,1019,1.5,90,0.0,20,6,6
2020-01-01 02,6.28,99.0,4.3,3.19,7.0,1020,0.95,19,0.0,20,6,6
2020-01-01 03,5.45,98.45,2.15,2.28,5.0,1020,1.52,8,0.0,20,6,6
2020-01-01 04,4.32,99.2,1.4,2.12,5.0,1020,1.87,22,0.0,20,6,6
2020-01-01 05,4.0,99.3,1.87,2.43,6.0,1021,1.48,39,0.0,20,6,6
2020-01-01 06,3.9,99.3,2.1,2.0,6.0,1020,1.6,50,0.0,20,6,6
2020-01-01 07,3.95,99.3,2.51,1.97,6.0,1021,1.0,70,0.0,20,6,6
2020-01-01 08,4.78,99.3,2.64,2.1,7.0,1023,1.0,70,0.0,20,6,6
2020-01-01 09,7.98,94.92,4.43,3.72,9.0,1023,1.0,70,0.0,20,6,6
2020-01-01 10,12.2,62.17,12.37,11.98,15.8,1019,1.0,50,0.0,78,7,6
2020-01-01 11,15.4,49.17,13.72,12.78,15.8,1019,1.0,50,0.0,82,7,6
2020-01-01 12,17.18,47.42,15.75,13.33,17.78,1018,1.0,50,0.0,88,7,6
2020-01-01 13,18.3,45.78,14.48,17.78,18.2,1021,3.6,70,0.0,20,7,5
2020-01-01 14,18.93,44.83,15.45,17.78,20.2,1021,3.6,50,0.0,86,7,5
2020-01-01 15,19.12,45.9,14.62,13.89,20.2,1017,3.6,50,0.0,88,7,5
2020-01-01 16,19.05,46.6,16.45,14.44,18.0,1016,1.5,50,0.0,20,7,5
2020-01-01 17,17.88,48.72,15.38,14.37,17.78,1017,1.5,50,0.0,20,7,5
2020-01-01 18,13.65,67.45,14.66,14.0,17.78,1017,1.5,50,0.0,20,7,5
2020-01-01 19,10.6,85.4,11.88,12.22,15.0,1015,2.42,47,0.0,20,7,5
2020-01-01 20,9.57,94.65,9.08,9.64,12.0,1022,2.57,51,0.0,20,2,6
2020-01-01 21,9.25,97.8,9.2,10.0,12.0,1022,2.68,54,0.0,20,2,6
2020-01-01 22,9.12,99.03,7.68,8.4,11.0,1022,2.87,55,0.0,20,6,6
2020-01-01 23,8.8,99.3,7.42,8.23,11.0,1022,2.64,55,0.0,20,6,6
2020-01-02 00,8.9,98.88,7.75,7.34,11.0,1022,2.28,55,0.0,20,6,6
2020-01-02 01,8.0,98.5,6.79,6.87,10.0,1021,2.5,56,0.0,20,6,6
2020-01-02 02,7.5,99.28,6.17,6.64,9.0,1022,2.41,57,0.0,20,6,6
2020-01-02 03,7.2,99.3,5.35,6.59,8.0,1021,2.64,38,0.0,20,6,6
2020-01-02 04,7.05,99.3,4.8,5.8,8.0,1021,2.43,24,0.0,20,6,6
2020-01-02 05,6.75,99.3,4.79,5.8,8.0,1021,2.49,21,0.0,20,6,6
2020-01-02 06,7.1,99.3,4.8,5.8,8.0,1021,2.52,30,0.0,20,6,6
2020-01-02 07,6.5,99.28,5.17,6.6,8.13,1022,2.38,40,0.0,20,6,6
2020-01-02 08,7.1,99.28,5.68,6.6,9.0,1023,2.0,54,0.0,20,6,6
2020-01-02 09,10.52,97.72,9.63,6.6,14.44,1019,1.49,71,0.0,20,6,6
2020-01-02 10,14.35,70.8,16.12,14.44,19.6,1019,1.5,70,0.0,20,7,6
2020-01-02 11,17.7,59.52,17.23,16.8,19.6,1023,1.5,70,0.0,20,7,6
2020-01-02 12,20.38,47.85,18.01,18.56,19.6,1022,1.5,70,0.0,20,7,6
2020-01-02 13,21.35,40.05,18.59,21.0,21.48,1020,2.6,60,0.0,20,7,5
2020-01-02 14,22.17,38.07,20.08,20.56,22.0,1019,2.1,50,0.0,20,7,3
2020-01-02 15,22.3,38.77,19.63,19.28,22.0,1019,2.1,50,0.0,20,7,4
2020-01-02 16,21.48,41.78,20.37,18.6,21.0,1019,1.0,50,0.0,20,7,3
2020-01-02 17,20.28,47.62,19.1,17.71,19.8,1019,1.0,50,0.0,20,7,3
2020-01-02 18,16.1,68.47,18.22,16.67,19.8,1016,1.0,50,0.0,20,7,4
2020-01-02 19,13.3,84.45,14.75,16.0,16.67,1013,2.19,41,0.0,20,7,5
2020-01-02 20,12.95,89.97,13.16,13.2,15.0,1021,2.39,47,0.0,40,2,5
2020-01-02 21,13.38,89.4,12.67,13.2,14.1,1020,2.67,55,0.0,40,2,6
2020-01-02 22,12.9,91.82,12.32,12.0,14.0,1020,2.47,66,0.0,40,2,6
2020-01-02 23,13.38,90.5,11.68,12.0,13.58,1020,2.35,83,0.0,40,2,6
2020-01-03 00,12.12,94.58,10.79,11.96,13.43,1020,2.71,97,0.0,40,2,6
2020-01-03 01,11.3,97.58,11.17,11.11,13.0,1020,2.57,102,0.0,40,2,6
2020-01-03 02,11.93,95.08,11.06,10.56,13.0,1020,2.11,99,0.0,40,2,6
2020-01-03 03,10.93,96.42,10.13,9.64,12.0,1019,2.29,107,0.0,40,2,6
2020-01-03 04,10.35,98.73,8.89,9.32,11.0,1018,2.05,97,0.0,20,6,6
2020-01-03 05,10.1,99.3,8.83,9.14,11.0,1019,1.72,60,0.0,20,6,6
2020-01-03 06,10.43,99.3,8.81,9.02,10.0,1018,1.2,40,0.0,20,6,6
2020-01-03 07,9.18,99.3,9.17,8.8,10.0,1020,0.33,340,0.0,7,6,6
2020-01-03 08,9.62,99.3,9.52,8.8,11.0,1021,0.53,288,0.0,3,6,6
2020-01-03 09,12.5,96.5,11.71,8.8,14.0,1020,0.28,68,0.0,1,6,6
2020-01-03 10,18.1,62.2,16.64,15.57,20.4,1016,1.5,90,0.0,3,0,6
2020-01-03 11,19.98,48.95,18.12,17.8,20.4,1020,1.5,90,0.0,1,0,6
2020-01-03 12,20.98,46.47,19.25,18.95,20.56,1019,1.5,90,0.0,1,0,3
2020-01-03 13,21.9,43.58,20.29,20.56,22.2,1017,2.1,70,0.0,8,0,2
2020-01-03 14,22.45,39.77,20.94,21.0,22.2,1017,2.1,70,0.0,23,0,1
2020-01-03 15,22.38,39.2,19.93,18.88,22.2,1016,2.1,70,0.0,32,0,1
2020-01-03 16,22.17,40.82,20.37,17.78,21.0,1012,1.0,70,0.0,23,0,1
2020-01-03 17,20.55,47.7,19.97,18.2,20.95,1013,1.0,70,0.0,12,0,2
2020-01-03 18,15.85,71.38,19.55,18.0,21.01,1012,1.0,70,0.0,13,0,2
2020-01-03 19,13.6,85.33,17.19,17.0,19.12,1011,0.75,277,0.0,20,0,3
2020-01-03 20,13.05,90.18,16.33,13.4,17.78,1014,0.44,275,0.0,13,2,4
2020-01-03 21,12.68,92.27,16.64,13.0,17.78,1013,0.24,180,0.0,12,2,5
2020-01-03 22,12.22,94.75,13.63,11.6,14.0,1019,0.61,147,0.0,9,2,5
2020-01-03 23,12.4,94.5,12.9,11.16,14.2,1019,0.95,168,0.0,7,2,5
2020-01-04 00,11.48,97.47,12.59,11.22,13.0,1018,0.74,204,0.0,11,2,6
2020-01-04 01,11.12,99.1,11.29,10.0,12.0,1018,0.38,260,0.0,7,2,6
2020-01-04 02,10.68,99.3,10.8,9.69,12.0,1018,0.48,16,0.0,14,2,6
2020-01-04 03,10.4,99.3,9.99,9.04,11.0,1018,0.88,309,0.0,21,2,6
2020-01-04 04,10.07,99.3,9.64,9.0,11.0,1017,0.95,307,0.0,23,2,6
2020-01-04 05,10.18,99.3,9.19,9.0,10.8,1018,1.03,302,0.0,23,2,6
2020-01-04 06,10.35,99.3,9.02,9.0,10.31,1017,0.89,278,0.0,40,2,6
2020-01-04 07,10.5,99.3,9.07,8.8,10.18,1018,1.0,230,0.0,100,6,6
2020-01-04 08,10.35,99.3,9.37,8.8,11.0,1019,1.0,230,0.0,100,6,6
2020-01-04 09,12.47,99.3,10.52,8.8,13.0,1019,1.0,230,0.0,14,6,5
2020-01-04 10,16.2,79.7,15.63,15.0,18.0,1014,2.1,260,0.0,1,6,6
2020-01-04 11,19.35,60.42,16.18,16.0,19.2,1015,2.1,230,0.0,7,7,6
2020-01-04 12,20.65,51.35,16.25,17.57,18.0,1013,3.1,260,0.0,20,7,6
2020-01-04 13,21.02,49.7,17.16,17.78,19.96,1011,3.1,270,0.0,20,7,5
2020-01-04 14,21.12,48.05,17.62,19.8,20.14,1016,3.6,270,0.0,20,7,5
2020-01-04 15,21.0,47.05,16.26,17.98,19.8,1010,3.1,290,0.0,20,7,5
2020-01-04 16,20.6,45.85,17.7,17.2,19.0,1011,2.1,250,0.0,23,7,5
2020-01-04 17,19.2,48.72,16.98,16.55,18.33,1012,2.1,250,0.0,15,7,4
2020-01-04 18,16.73,58.15,16.45,16.03,18.33,1012,2.1,250,0.0,7,7,4
2020-01-04 19,15.47,64.5,15.03,12.6,16.0,1017,1.0,250,0.0,1,2,5
2020-01-04 20,15.45,63.27,13.1,11.7,15.0,1018,1.0,250,0.0,6,2,5
2020-01-04 21,14.73,63.98,12.95,12.06,14.0,1018,1.0,250,0.0,16,2,5
2020-01-04 22,14.3,65.2,12.06,10.0,14.0,1018,1.0,320,0.0,20,2,6
2020-01-04 23,14.05,66.67,10.85,10.0,13.0,1019,1.0,320,0.0,20,2,6
2020-01-05 00,12.57,74.85,11.44,10.0,13.0,1018,1.0,320,0.0,20,2,5
2020-01-05 01,11.43,81.65,10.64,8.8,13.0,1018,1.95,356,0.0,20,2,5
2020-01-05 02,11.45,83.8,9.2,8.8,12.0,1018,1.83,351,0.0,20,2,5
2020-01-05 03,11.2,83.18,8.43,8.79,11.0,1017,2.14,6,0.0,20,2,6
2020-01-05 04,9.32,93.92,8.25,8.05,10.0,1017,1.0,250,0.0,20,2,6
2020-01-05 05,8.57,96.72,7.88,8.4,9.4,1018,1.0,250,0.0,20,2,6
2020-01-05 06,9.07,97.67,7.43,8.81,9.06,1017,1.91,260,0.0,20,6,5
2020-01-05 07,9.57,94.45,7.91,7.6,9.8,1019,1.0,250,0.0,20,6,5
2020-01-05 08,9.45,96.1,8.4,9.0,10.0,1019,1.0,250,0.0,20,6,5
2020-01-05 09,12.62,83.07,9.68,7.6,12.0,1019,1.0,250,0.0,20,6,5
2020-01-05 10,15.78,66.53,13.23,14.0,17.0,1014,3.1,250,0.0,20,2,6
2020-01-05 11,18.23,53.3,13.58,15.4,17.22,1014,4.1,270,0.0,20,7,6
2020-01-05 12,20.03,40.0,14.69,17.0,18.4,1014,4.1,230,0.0,2,0,5
2020-01-05 13,21.43,34.07,16.37,19.0,20.6,1016,4.1,270,0.0,40,0,5
2020-01-05 14,21.6,33.78,16.34,18.33,20.6,1011,4.1,270,0.0,40,0,4
2020-01-05 15,20.45,37.27,14.34,17.9,19.0,1011,4.6,280,0.0,75,0,4
2020-01-05 16,19.55,40.85,17.17,16.8,18.33,1012,1.5,290,0.0,40,0,4
2020-01-05 17,18.55,45.0,16.4,16.6,18.0,1017,1.5,290,0.0,40,0,4
2020-01-05 18,17.32,53.8,16.47,16.6,18.33,1013,1.5,290,0.0,40,0,5
2020-01-05 19,16.5,61.38,16.79,14.8,17.0,1019,1.0,250,0.0,40,2,5
2020-01-05 20,16.03,61.25,15.46,14.31,16.0,1019,1.0,250,0.0,40,2,5
2020-01-05 21,15.7,59.28,14.63,13.5,15.0,1019,1.0,250,0.0,40,2,5
2020-01-05 22,14.9,62.33,12.86,12.57,15.0,1019,2.42,299,0.0,40,2,5
2020-01-05 23,14.65,64.1,12.2,11.86,14.2,1019,2.23,303,0.0,40,2,5
2020-01-06 00,14.88,59.27,11.49,11.52,13.0,1019,2.11,312,0.0,40,2,5
2020-01-06 01,13.2,69.42,10.64,10.71,12.0,1019,1.5,250,0.0,40,2,6
2020-01-06 02,12.6,74.65,10.72,10.19,12.6,1020,1.5,250,0.0,40,2,5
2020-01-06 03,12.15,79.45,10.23,9.47,12.0,1019,1.5,250,0.0,40,2,5
2020-01-06 04,11.68,81.88,9.11,8.86,11.6,1018,1.74,294,0.0,40,2,5
2020-01-06 05,11.43,87.53,10.3,9.68,12.0,1019,1.13,257,0.0,40,2,5
2020-01-06 06,12.57,81.8,10.34,9.86,12.0,1018,1.45,254,0.0,40,2,5
2020-01-06 07,12.03,86.58,11.34,10.37,12.4,1019,1.0,200,0.0,40,6,5
2020-01-06 08,12.57,84.8,11.73,10.9,13.0,1020,1.0,200,0.0,40,6,5
2020-01-06 09,14.18,76.4,13.1,11.32,15.0,1019,1.0,200,0.0,40,6,5
2020-01-06 10,16.35,62.7,15.05,12.89,18.33,1016,1.0,250,0.0,40,7,5
2020-01-06 11,17.6,56.83,15.41,13.8,18.33,1016,1.0,250,0.0,40,7,6
2020-01-06 12,17.72,57.02,16.04,13.8,18.33,1015,1.0,250,0.0,40,7,6
2020-01-06 13,18.05,53.2,16.78,16.5,19.0,1013,1.5,320,0.0,40,7,6
2020-01-06 14,18.12,47.3,17.11,17.0,19.6,1014,1.5,320,0.0,40,7,5
2020-01-06 15,17.35,51.5,15.92,14.6,18.33,1015,1.5,30,0.0,75,7,5
2020-01-06 16,16.73,57.38,15.69,14.0,18.33,1015,1.5,30,0.0,75,7,5
2020-01-06 17,15.92,62.82,15.1,14.0,17.0,1019,1.5,50,0.0,40,2,5
2020-01-06 18,15.2,69.42,14.67,14.0,15.44,1019,1.5,40,0.0,75,2,5
2020-01-06 19,15.0,73.12,14.17,13.8,15.0,1019,1.5,40,0.0,75,2,5
2020-01-06 20,14.55,79.97,14.1,13.08,14.6,1020,1.0,70,0.0,40,2,5
2020-01-06 21,14.2,83.3,13.87,12.95,14.6,1019,1.0,70,0.0,40,2,5
2020-01-06 22,13.93,84.93,13.57,12.3,14.0,1019,1.0,50,0.0,40,2,4
2020-01-06 23,14.07,84.38,13.41,12.15,14.0,1019,1.0,50,0.0,40,2,4
2020-01-07 00,13.95,84.88,13.69,12.76,14.0,1018,1.0,50,0.0,40,2,4
2020-01-07 01,14.0,84.45,13.16,12.4,14.0,1018,1.57,106,0.0,40,2,4
2020-01-07 02,13.95,83.47,12.85,12.4,14.0,1019,1.66,93,0.0,40,2,4
2020-01-07 03,13.45,88.58,12.75,12.28,14.0,1018,2.09,91,0.0,40,2,4
2020-01-07 04,13.7,86.25,13.45,12.46,14.0,1017,1.0,340,0.0,40,2,4
2020-01-07 05,13.47,88.4,12.86,12.65,13.0,1018,1.0,340,0.0,40,2,5
2020-01-07 06,13.07,92.45,12.81,12.52,13.0,1017,1.0,340,0.0,40,2,5
2020-01-07 07,13.03,93.0,12.86,12.4,13.0,1018,1.0,70,0.0,40,2,5
2020-01-07 08,13.28,90.67,13.09,12.4,14.0,1018,1.0,70,0.0,40,2,5
2020-01-07 09,14.8,79.85,13.96,12.4,15.0,1018,1.0,70,0.0,40,2,5
2020-01-07 10,16.3,72.75,16.02,14.85,17.8,1014,2.1,90,0.0,40,0,5
2020-01-07 11,17.95,63.35,16.64,17.0,17.82,1018,2.1,90,0.0,40,0,5
2020-01-07 12,17.45,65.45,16.97,17.0,18.89,1013,2.1,90,0.0,40,0,5
2020-01-07 13,16.07,78.67,18.02,16.2,18.89,1011,1.5,90,0.0,75,2,5
2020-01-07 14,16.12,85.18,18.41,17.56,18.2,1015,1.5,90,0.0,75,2,5
2020-01-07 15,17.52,76.33,17.94,16.2,18.0,1015,1.5,90,0.0,75,2,5
2020-01-07 16,17.57,73.95,16.78,15.6,18.0,1014,2.1,50,0.0,40,2,5
2020-01-07 17,16.9,76.85,16.21,15.6,17.4,1014,2.1,50,0.0,40,2,5
2020-01-07 18,16.17,79.03,15.65,15.6,17.4,1014,2.1,50,0.0,40,2,5
2020-01-07 19,15.55,81.05,14.8,14.6,16.21,1015,2.1,70,0.0,40,2,5
2020-01-07 20,14.8,84.35,14.15,14.05,15.0,1016,2.1,70,0.0,40,2,5
2020-01-07 21,14.78,84.7,14.34,14.27,15.0,1015,2.1,70,0.0,40,2,5
2020-01-07 22,15.02,80.78,12.94,13.0,14.2,1015,2.1,110,0.0,75,2,5
2020-01-07 23,14.93,83.78,13.47,13.0,14.4,1016,2.1,110,0.0,75,2,4
2020-01-08 00,14.9,86.3,12.92,13.0,14.2,1015,2.1,110,0.0,75,2,4
2020-01-08 01,14.45,88.3,11.12,12.0,13.44,1014,2.78,94,0.55,90,4,4
2020-01-08 02,14.18,90.65,11.36,12.0,13.57,1014,2.66,97,1.49,90,4,4
2020-01-08 03,13.62,96.68,10.84,11.0,13.67,1014,2.35,117,1.12,90,4,5
2020-01-08 04,13.62,98.1,11.96,11.0,13.48,1013,1.0,320,0.0,40,2,5
2020-01-08 05,13.3,99.25,13.84,12.8,14.0,1014,1.0,320,0.0,40,2,5
2020-01-08 06,13.25,98.75,13.35,12.8,13.85,1014,1.0,320,0.0,40,2,5
2020-01-08 07,13.3,97.17,13.13,13.0,13.71,1014,1.5,50,1.48,90,8,5
2020-01-08 08,13.33,95.7,11.25,13.0,13.2,1015,3.1,50,1.77,90,5,4
2020-01-08 09,13.45,96.43,12.96,12.61,13.4,1015,1.5,50,2.26,90,8,4
2020-01-08 10,13.47,98.82,13.59,12.71,13.8,1016,1.0,70,10.0,90,4,5
2020-01-08 10,13.47,98.82,13.59,12.71,13.8,1016,1.0,70,10.0,90,6,5
2020-01-08 11,13.98,98.7,14.14,13.2,14.0,1016,1.0,70,9.5,90,4,5
2020-01-08 11,13.98,98.7,14.14,13.2,14.0,1016,1.0,70,9.5,90,6,5
2020-01-08 12,14.52,95.35,14.32,13.51,14.0,1015,1.0,70,10.0,90,4,5
2020-01-08 12,14.52,95.35,14.32,13.51,14.0,1015,1.0,70,10.0,90,6,5
2020-01-08 13,15.05,89.72,14.69,13.89,14.4,1013,1.0,270,0.68,90,4,5
2020-01-08 14,14.28,95.38,14.58,13.79,14.4,1013,1.0,270,0.72,90,4,5
2020-01-08 15,14.05,98.35,14.52,13.31,14.4,1013,1.0,270,1.04,90,4,5
2020-01-08 16,14.25,98.22,13.92,12.96,14.1,1013,1.5,250,0.0,90,6,5
2020-01-08 17,14.1,98.85,13.6,13.0,14.0,1014,1.5,250,0.0,90,6,5
2020-01-08 18,13.95,98.97,13.41,13.0,14.0,1014,1.5,250,0.0,90,6,5
2020-01-08 19,13.72,99.18,13.0,12.45,13.6,1015,1.5,270,0.0,90,2,5
2020-01-08 20,13.65,99.2,12.87,11.75,13.6,1016,1.5,270,0.0,90,2,5
2020-01-08 21,13.35,98.85,12.84,11.88,13.6,1016,1.5,270,0.0,90,2,5
2020-01-08 22,13.0,98.2,11.99,11.15,13.0,1017,1.5,230,0.0,90,2,5
2020-01-08 23,12.85,97.92,11.13,10.81,12.4,1017,1.5,230,0.0,90,2,4
2020-01-09 00,12.4,96.47,11.16,10.8,12.4,1017,1.5,230,0.0,90,2,4
2020-01-09 01,11.75,94.67,9.28,9.8,11.0,1017,2.1,250,0.0,75,2,3
2020-01-09 02,10.75,95.28,9.1,9.68,11.0,1018,2.1,250,0.0,75,2,3
2020-01-09 03,10.43,94.35,8.2,8.34,11.0,1017,2.1,250,0.0,75,2,3
2020-01-09 04,10.1,93.58,8.31,8.26,10.0,1017,1.5,270,0.0,75,2,3
2020-01-09 05,9.65,94.95,7.75,7.98,9.4,1018,1.5,270,0.0,75,2,3
2020-01-09 06,9.3,95.75,7.62,7.98,9.4,1018,1.5,270,0.0,75,2,3
2020-01-09 07,9.05,97.58,7.41,7.4,9.8,1019,1.5,270,0.0,40,6,3
2020-01-09 08,9.3,97.28,7.46,7.4,9.8,1020,1.5,270,0.0,40,6,3
2020-01-09 09,9.7,94.4,7.69,8.42,9.8,1021,1.5,270,0.0,40,6,4
2020-01-09 10,10.38,90.2,8.56,10.0,11.6,1021,2.1,250,0.0,40,2,4
2020-01-09 11,11.12,82.67,9.45,10.4,12.68,1022,2.1,250,0.0,40,2,5
2020-01-09 12,12.35,75.48,10.23,11.4,12.97,1021,2.1,250,0.0,40,2,5
2020-01-09 13,13.73,68.75,11.57,13.0,15.34,1020,2.6,250,0.0,20,7,5
2020-01-09 14,14.35,65.88,12.08,12.0,17.78,1016,2.6,250,0.0,20,7,4
2020-01-09 15,14.85,64.65,11.19,13.0,14.6,1019,2.6,250,0.0,20,7,3
2020-01-09 16,14.48,65.2,11.26,11.6,13.71,1020,2.1,250,0.0,1,2,3
2020-01-09 17,13.43,70.4,10.74,11.4,13.41,1020,2.1,250,0.0,0,2,3
2020-01-09 18,12.05,77.38,10.58,11.4,13.15,1020,2.1,250,0.0,3,2,3
2020-01-09 19,11.43,81.83,8.88,9.0,11.6,1022,1.5,270,0.0,2,2,4
2020-01-09 20,11.1,84.3,8.3,9.0,9.88,1022,1.5,270,0.0,0,2,5
2020-01-09 21,10.48,88.62,7.98,9.0,9.64,1022,1.5,270,0.0,0,2,5
2020-01-09 22,10.12,89.27,6.72,8.0,8.47,1021,1.5,270,0.0,0,2,5
2020-01-09 23,9.73,91.58,7.06,8.31,8.6,1022,1.5,270,0.0,0,2,5
2020-01-10 00,9.18,95.0,6.7,8.0,8.41,1021,1.5,270,0.0,0,2,5
2020-01-10 01,8.95,96.53,6.66,7.58,8.0,1020,1.0,250,0.0,0,6,5
2020-01-10 02,8.75,96.88,6.59,7.78,7.84,1021,1.0,250,0.0,0,6,5
2020-01-10 03,8.27,97.55,3.55,6.0,6.79,1019,2.6,260,0.0,90,6,5
2020-01-10 04,8.05,98.53,4.31,6.0,7.4,1019,2.1,250,0.0,2,6,5
2020-01-10 05,8.0,99.03,5.14,7.0,7.48,1020,2.1,250,0.0,0,6,4
2020-01-10 06,7.9,98.83,5.1,7.0,7.65,1020,2.1,250,0.0,0,6,4
2020-01-10 07,7.88,97.88,5.52,7.0,7.83,1021,1.5,250,0.0,20,6,4
2020-01-10 08,7.75,97.5,5.2,6.0,7.6,1021,1.5,250,0.0,20,6,4
2020-01-10 09,8.95,93.6,5.91,6.99,8.0,1021,1.5,250,0.0,20,6,5
2020-01-10 10,10.72,84.57,8.14,8.0,14.0,1021,2.1,270,0.0,0,7,5
2020-01-10 11,12.62,75.05,10.66,11.0,14.0,1021,2.1,270,0.0,0,7,5
2020-01-10 12,14.55,68.15,12.12,13.4,14.0,1020,2.1,270,0.0,0,7,5
2020-01-10 13,16.5,62.33,12.23,14.0,17.4,1015,4.1,230,0.0,0,7,5
2020-01-10 14,17.7,55.62,13.77,16.93,17.4,1012,4.1,230,0.0,0,7,5
2020-01-10 15,17.83,53.2,12.7,15.0,17.4,1013,4.1,230,0.0,0,7,5
2020-01-10 16,17.82,53.9,15.06,15.2,16.67,1012,1.0,270,0.0,0,7,4
2020-01-10 17,17.3,52.62,15.04,15.2,16.67,1013,1.0,270,0.0,0,7,4
2020-01-10 18,14.75,61.55,14.16,14.0,15.8,1019,1.0,270,0.0,0,7,4
2020-01-10 19,12.85,70.7,11.5,9.8,16.11,1014,2.1,270,0.0,12,2,5
2020-01-10 20,11.97,75.38,9.07,9.8,11.2,1021,2.1,270,0.0,0,2,5
2020-01-10 21,12.62,67.73,8.98,9.8,11.0,1020,2.1,270,0.0,0,2,5
2020-01-10 22,11.52,71.05,7.93,7.6,11.0,1020,2.4,299,0.0,64,2,5
2020-01-10 23,10.65,75.6,7.1,9.04,10.0,1020,2.23,308,0.0,40,2,5
2020-01-11 00,10.6,76.55,7.24,7.6,10.0,1020,2.25,313,0.0,91,2,5
2020-01-11 01,10.3,77.45,6.54,6.4,10.0,1020,2.42,313,0.0,91,2,5
2020-01-11 02,10.35,75.42,5.3,6.4,9.0,1020,2.6,308,0.0,92,2,5
2020-01-11 03,10.18,75.12,6.6,7.94,9.0,1019,2.53,303,0.0,40,2,4
2020-01-11 04,9.6,77.17,6.13,7.4,8.0,1019,1.0,270,0.0,20,2,5
2020-01-11 05,9.55,76.62,5.69,7.0,7.88,1020,1.0,270,0.0,20,2,5
2020-01-11 06,9.57,72.82,5.67,7.0,8.45,1020,1.0,270,0.0,20,2,5
2020-01-11 07,9.18,73.68,6.23,7.4,9.0,1020,1.5,270,0.0,40,2,4
2020-01-11 08,9.9,71.7,5.87,7.4,8.22,1021,1.5,270,0.0,40,2,4
2020-01-11 09,11.78,64.48,6.48,7.4,9.0,1021,1.5,270,0.0,40,2,5
2020-01-11 10,13.2,59.67,9.66,10.9,14.4,1021,2.6,230,0.0,20,7,5
2020-01-11 11,15.03,54.42,11.49,12.92,15.0,1022,2.6,230,0.0,20,7,5
2020-01-11 12,17.23,47.83,12.8,13.95,16.11,1016,2.6,230,0.0,20,7,5
2020-01-11 13,18.45,41.77,13.38,16.11,17.42,1013,3.6,290,0.0,1,0,5
2020-01-11 14,19.55,37.05,14.13,16.67,18.11,1013,3.6,270,0.0,0,0,4
2020-01-11 15,19.82,35.27,15.45,16.6,19.4,1013,2.6,270,0.0,0,7,3
2020-01-11 16,20.05,34.65,16.1,16.2,18.0,1013,1.5,270,0.0,0,7,3
2020-01-11 17,18.7,39.23,13.53,15.06,16.67,1012,2.6,270,0.0,0,0,3
2020-01-11 18,15.25,54.0,13.38,14.43,16.2,1012,2.1,250,0.0,0,0,4
2020-01-11 19,12.15,71.83,12.5,10.8,16.11,1014,2.51,295,0.0,0,2,5
2020-01-11 20,11.68,78.28,11.0,10.8,14.0,1019,2.21,297,0.0,4,2,6
2020-01-11 21,11.62,80.17,10.02,10.8,12.0,1020,2.25,305,0.0,7,2,6
2020-01-11 22,12.47,78.7,9.0,9.76,12.0,1020,2.77,314,0.0,20,2,6
2020-01-11 23,11.75,81.65,8.1,8.89,11.0,1020,2.76,317,0.0,20,2,6
2020-01-12 00,10.43,89.67,8.8,9.29,11.0,1019,2.03,311,0.0,20,2,6
2020-01-12 01,9.95,92.9,7.94,9.0,10.0,1019,1.96,310,0.0,20,2,5
2020-01-12 02,9.2,96.22,7.25,8.61,9.0,1019,1.89,313,0.0,20,2,5
2020-01-12 03,9.25,98.05,7.25,8.34,9.0,1018,1.76,320,0.0,20,2,5
2020-01-12 04,9.0,98.98,6.89,7.99,9.0,1018,2.1,250,0.0,40,6,5
2020-01-12 05,9.88,97.45,6.72,7.67,9.0,1019,2.1,250,0.0,40,6,5
2020-01-12 06,10.45,87.92,6.74,7.54,9.0,1018,2.1,250,0.0,40,6,5
2020-01-12 07,9.2,92.55,6.84,7.25,9.0,1018,1.49,258,0.0,20,6,5
2020-01-12 08,8.72,96.95,6.26,7.8,9.0,1019,2.2,256,0.0,20,6,5
2020-01-12 09,11.93,85.38,9.47,7.8,13.0,1018,2.13,260,0.0,20,6,5
2020-01-12 10,15.57,59.43,13.36,14.38,16.11,1013,2.6,260,0.0,1,7,6
2020-01-12 11,17.88,45.67,13.06,14.8,17.08,1013,3.6,240,0.0,68,7,6
2020-01-12 12,20.15,37.42,14.62,16.11,19.0,1012,3.1,250,0.0,85,0,5
2020-01-12 13,21.6,30.67,16.13,19.0,20.2,1015,3.6,260,0.0,1,7,5
2020-01-12 14,22.25,30.45,18.69,19.95,22.2,1014,2.6,230,0.0,20,0,5
2020-01-12 15,22.5,29.15,17.59,17.78,22.2,1009,2.6,230,0.0,20,0,5
2020-01-12 16,22.23,28.65,17.98,15.9,20.0,1009,1.0,250,0.0,40,0,4
2020-01-12 17,21.1,32.85,16.98,15.88,19.6,1010,1.0,250,0.0,40,0,4
2020-01-12 18,17.0,49.88,15.15,15.26,18.0,1009,2.1,320,0.0,20,7,5
2020-01-12 19,14.08,68.25,13.45,12.0,16.0,1014,2.65,319,0.0,20,2,5
2020-01-12 20,12.53,80.92,11.37,11.5,15.0,1015,2.76,323,0.0,20,2,5
2020-01-12 21,11.73,88.38,11.25,11.3,14.0,1015,2.97,336,0.0,20,2,6
2020-01-12 22,11.47,92.33,10.13,9.8,13.0,1015,2.71,360,0.0,20,2,6
2020-01-12 23,11.32,91.28,9.72,9.75,13.0,1015,2.45,29,0.0,20,2,6
2020-01-13 00,10.8,93.07,10.53,9.8,13.0,1014,2.32,67,0.0,20,2,6
2020-01-13 01,10.25,96.77,10.44,9.11,12.0,1012,1.0,340,0.0,20,2,6
2020-01-13 02,10.22,98.33,10.01,8.93,12.0,1012,1.0,340,0.0,20,2,6
2020-01-13 03,10.15,98.6,10.3,9.25,12.0,1011,1.0,340,0.0,20,2,6
2020-01-13 04,9.97,99.03,10.41,9.2,12.0,1011,1.0,110,0.0,20,2,6
2020-01-13 05,9.9,99.25,9.14,8.81,11.0,1011,1.0,110,0.0,20,2,6
2020-01-13 06,10.18,99.22,9.1,8.61,11.0,1011,1.0,110,0.0,40,6,6
2020-01-13 07,10.9,93.93,9.96,8.0,13.6,1012,1.0,110,0.0,40,6,6
2020-01-13 08,11.53,91.85,10.22,10.0,13.6,1012,2.1,140,0.0,40,2,6
2020-01-13 09,14.35,76.03,12.08,8.0,16.0,1013,2.1,140,0.0,40,2,6
2020-01-13 10,16.75,61.75,13.9,15.32,18.0,1008,3.6,160,0.0,75,7,5
2020-01-13 11,17.62,56.9,15.22,17.0,18.33,1008,3.6,160,0.0,75,7,5
2020-01-13 12,18.65,53.33,15.32,17.0,18.89,1007,3.6,160,0.0,75,7,5
2020-01-13 13,19.15,53.2,15.93,18.0,20.0,1003,4.6,120,0.0,75,7,5
2020-01-13 14,19.85,51.7,15.71,17.89,20.2,1003,5.7,140,0.0,40,0,5
2020-01-13 15,20.12,50.2,15.29,15.6,21.0,1004,5.1,130,0.0,75,7,5
2020-01-13 16,19.82,53.35,17.99,16.98,20.0,1005,3.1,140,0.0,40,7,4
2020-01-13 17,19.0,64.1,17.49,16.55,20.0,1006,3.1,140,0.0,40,7,5
2020-01-13 18,17.35,77.03,17.1,16.82,20.0,1006,3.1,140,0.0,40,7,5
2020-01-13 19,15.77,85.9,17.55,16.0,18.0,1013,2.1,270,0.0,90,2,5
2020-01-13 20,15.98,86.3,16.33,15.85,16.4,1014,2.1,270,0.0,90,2,6
2020-01-13 21,15.47,92.8,15.5,15.0,16.4,1014,2.1,270,0.0,90,2,6
2020-01-13 22,14.98,89.57,14.24,14.0,15.0,1014,2.1,340,0.0,75,2,6
2020-01-13 23,14.43,88.53,14.31,14.0,15.05,1015,2.1,340,0.0,75,2,6
2020-01-14 00,13.95,90.2,12.77,13.77,14.46,1014,3.6,320,0.0,40,2,6
2020-01-14 01,13.85,91.68,12.91,13.13,14.23,1014,3.1,300,0.0,40,2,6
2020-01-14 02,13.55,94.15,11.82,12.61,13.84,1014,3.1,320,0.0,40,2,6
2020-01-14 03,13.48,95.5,10.19,11.0,11.73,1014,1.5,320,0.0,40,2,6
2020-01-14 04,12.82,95.3,10.5,10.95,11.94,1014,1.5,250,0.0,40,2,5
2020-01-14 05,12.38,94.03,11.06,11.0,12.36,1015,1.5,250,0.0,40,2,5
2020-01-14 06,11.88,95.33,10.15,10.0,12.34,1014,1.5,340,0.0,20,6,5
2020-01-14 07,11.53,95.9,9.62,9.0,12.22,1015,1.5,340,0.0,20,6,4
2020-01-14 08,11.0,95.75,9.67,10.0,12.0,1016,2.1,340,0.0,20,2,5
2020-01-14 09,11.07,94.83,9.62,10.34,11.4,1017,2.1,340,0.0,20,2,5
2020-01-14 10,11.75,91.22,10.08,11.0,14.6,1017,2.6,270,0.0,20,2,5
2020-01-14 11,13.43,82.25,11.56,12.2,14.6,1018,2.6,270,0.0,20,2,5
2020-01-14 12,14.72,76.75,12.15,12.2,14.67,1017,2.6,270,0.0,20,2,5
2020-01-14 13,15.68,73.6,14.34,14.6,17.02,1015,2.1,340,0.0,100,7,5
2020-01-14 14,16.73,70.85,14.69,14.6,17.2,1015,2.1,340,0.0,96,7,5
2020-01-14 15,17.55,68.33,14.76,14.6,16.47,1014,2.1,340,0.0,93,7,5
2020-01-14 16,17.55,68.83,16.09,15.4,16.45,1014,1.0,270,0.0,96,2,5
2020-01-14 17,16.77,72.1,16.15,15.4,17.21,1014,1.0,270,0.0,71,2,4
2020-01-14 18,15.3,78.67,15.54,15.0,17.05,1015,1.0,270,0.0,53,2,4
2020-01-14 19,14.45,82.55,14.69,12.8,17.22,1011,2.28,301,0.0,20,2,5
2020-01-14 20,14.3,82.5,12.05,11.89,14.0,1017,2.3,305,0.0,20,2,5
2020-01-14 21,13.73,83.78,12.6,12.01,14.0,1017,2.23,307,0.0,20,2,5
2020-01-14 22,12.9,87.3,12.35,9.8,16.67,1009,2.15,313,0.0,20,2,5
2020-01-14 23,12.05,89.25,9.64,9.8,13.0,1017,2.13,320,0.0,20,2,4
2020-01-15 00,10.78,95.38,10.14,9.8,13.0,1017,2.06,326,0.0,20,2,3
2020-01-15 01,11.55,91.3,8.65,8.6,11.0,1016,1.94,329,0.0,20,2,3
2020-01-15 02,11.05,91.95,8.3,8.6,11.0,1017,1.85,328,0.0,20,2,3
2020-01-15 03,10.62,93.68,7.61,7.65,10.0,1016,1.92,332,0.0,20,2,4
2020-01-15 04,10.25,93.38,7.8,7.64,10.0,1016,1.5,290,0.0,20,2,4
2020-01-15 05,9.93,94.47,7.22,6.96,10.0,1017,1.5,290,0.0,20,2,3
2020-01-15 06,9.78,95.7,7.63,6.92,10.0,1016,1.5,290,0.0,20,2,4
2020-01-15 07,9.57,96.0,7.21,6.63,9.0,1017,1.0,270,0.0,90,2,3
2020-01-15 08,9.6,96.45,7.25,7.46,9.0,1017,1.0,270,0.0,100,2,3
2020-01-15 09,11.12,92.0,8.66,7.8,11.0,1017,1.0,270,0.0,68,2,4
2020-01-15 10,13.38,81.6,12.09,12.23,16.4,1019,1.5,290,0.0,4,0,4
2020-01-15 11,15.32,73.53,13.48,12.6,16.4,1019,1.5,290,0.0,5,0,5
2020-01-15 12,16.95,67.92,15.49,14.67,18.33,1013,1.5,290,0.0,10,0,5
2020-01-15 13,18.43,62.83,15.61,16.0,19.8,1012,2.6,20,0.0,40,7,5
2020-01-15 14,18.3,64.78,16.26,17.0,19.8,1012,2.6,20,0.0,40,7,5
2020-01-15 15,18.93,60.8,15.95,16.89,18.89,1010,3.1,340,0.0,40,7,5
2020-01-15 16,18.98,60.5,17.41,16.2,18.0,1015,1.0,340,0.0,20,7,5
2020-01-15 17,18.22,61.65,16.51,15.72,17.4,1015,1.0,340,0.0,20,7,4
2020-01-15 18,17.05,67.38,15.98,15.26,17.4,1015,1.0,340,0.0,20,7,4
2020-01-15 19,15.6,76.97,15.12,13.8,16.11,1011,1.0,340,0.0,20,2,5
2020-01-15 20,15.05,75.5,14.7,12.37,17.22,1009,1.0,340,0.0,20,2,5
2020-01-15 21,14.42,77.28,15.18,13.25,17.78,1008,1.0,340,0.0,20,2,5
2020-01-15 22,13.5,86.0,13.23,12.6,17.78,1009,3.06,343,0.0,20,2,5
2020-01-15 23,12.97,90.7,11.06,12.0,14.13,1017,3.13,344,0.0,20,2,5
2020-01-16 00,12.5,88.6,10.82,12.0,13.95,1016,3.01,341,0.0,20,2,5
2020-01-16 01,11.95,87.78,9.73,11.0,13.26,1015,2.6,290,0.0,40,2,5
2020-01-16 02,11.47,89.28,11.51,10.0,16.67,1009,2.1,320,0.0,20,2,5
2020-01-16 03,11.22,88.32,8.77,10.0,11.17,1014,2.1,270,0.0,20,2,5
2020-01-16 04,11.28,86.7,8.74,9.0,11.0,1014,1.5,270,0.0,40,2,5
2020-01-16 05,11.0,88.62,8.53,8.8,11.0,1015,1.5,270,0.0,40,2,5
2020-01-16 06,10.72,89.47,8.08,8.0,11.07,1015,1.5,270,0.0,40,2,5
2020-01-16 07,10.72,89.0,8.32,8.0,11.2,1016,1.5,340,0.0,40,6,5
2020-01-16 08,10.38,94.88,9.7,9.8,11.66,1017,1.5,340,0.0,40,6,5
2020-01-16 09,11.15,93.83,10.63,9.8,12.02,1017,1.5,340,0.0,40,6,5
2020-01-16 10,13.28,77.88,12.22,12.59,14.6,1017,1.5,340,0.4,90,4,5
2020-01-16 10,13.28,77.88,12.22,12.59,14.6,1017,1.5,340,0.4,90,2,5
2020-01-16 11,14.1,72.55,12.99,13.6,14.6,1017,1.5,340,0.55,90,4,5
2020-01-16 11,14.1,72.55,12.99,13.6,14.6,1017,1.5,340,0.55,90,2,5
2020-01-16 12,15.38,67.17,13.03,13.89,14.36,1016,1.5,340,0.4,90,4,5
2020-01-16 12,15.38,67.17,13.03,13.89,14.36,1016,1.5,340,0.4,90,2,5
2020-01-16 13,15.62,67.72,15.26,14.6,15.72,1015,2.1,50,0.53,90,5,5
2020-01-16 14,15.1,74.28,14.8,14.0,15.62,1015,2.1,50,0.24,90,5,5
2020-01-16 15,13.95,90.32,14.4,14.0,15.6,1014,2.1,50,1.5,90,5,5
2020-01-16 16,14.22,90.95,14.5,13.0,15.09,1014,1.0,250,0.0,75,2,5
2020-01-16 17,14.18,92.92,14.05,13.0,14.93,1015,1.0,250,0.0,75,2,5
2020-01-16 18,13.8,91.52,13.94,13.0,14.91,1014,1.0,250,0.0,75,2,5
2020-01-16 19,13.85,91.75,13.48,13.0,14.89,1015,1.5,290,0.0,75,2,5
2020-01-16 20,13.62,92.25,13.02,12.58,13.45,1016,1.5,290,0.0,75,2,6
2020-01-16 21,13.45,94.53,13.11,12.98,13.68,1015,1.5,290,0.0,75,2,6
2020-01-16 22,13.55,94.72,13.23,12.35,13.32,1016,1.0,320,0.76,75,8,6
2020-01-16 23,13.57,95.75,12.44,11.8,13.2,1017,1.0,320,0.0,75,8,5
2020-01-17 00,13.47,93.88,12.48,12.0,13.2,1016,1.0,320,0.19,75,8,5
2020-01-17 01,13.03,97.5,12.25,11.77,12.8,1016,1.0,270,0.0,75,8,3
2020-01-17 02,12.95,99.08,12.08,11.6,12.8,1016,1.0,270,0.0,75,8,2
2020-01-17 03,12.8,99.28,12.0,11.33,12.8,1016,1.0,270,0.0,75,8,3
2020-01-17 04,12.75,99.3,11.36,11.53,12.4,1015,1.84,348,0.19,75,8,3
2020-01-17 05,12.65,99.3,11.13,11.6,12.4,1016,2.15,347,0.11,75,8,3
2020-01-17 06,12.6,99.3,11.78,12.0,12.52,1015,1.59,345,0.0,75,8,3
2020-01-17 07,12.55,99.3,10.88,10.0,12.25,1017,2.1,270,0.0,75,6,3
2020-01-17 08,12.38,99.28,10.8,10.0,12.2,1017,2.1,270,0.0,75,6,4
2020-01-17 09,12.45,99.22,10.77,10.0,12.2,1017,2.1,270,0.0,75,6,4
2020-01-17 10,13.7,95.65,11.4,12.0,14.6,1018,3.1,250,0.0,40,6,4
2020-01-17 11,14.65,88.65,12.8,13.8,14.6,1018,3.1,250,0.0,40,6,5
2020-01-17 12,15.27,85.18,13.53,14.33,15.0,1017,3.1,250,0.0,40,6,5
2020-01-17 13,16.47,79.82,15.01,15.39,17.4,1016,2.6,270,0.0,40,2,5
2020-01-17 14,17.38,75.28,14.63,15.0,17.4,1016,2.6,270,0.0,40,2,4
2020-01-17 15,17.35,73.28,14.35,15.0,17.4,1015,2.6,270,0.0,40,2,4
2020-01-17 16,17.1,73.75,14.22,13.0,15.75,1015,1.0,290,0.0,40,2,3
2020-01-17 17,16.05,79.32,14.4,13.0,15.4,1016,1.0,290,0.0,40,2,4
2020-01-17 18,14.78,86.22,14.09,12.0,16.67,1012,1.0,290,0.0,40,2,4
2020-01-17 19,14.23,90.17,12.29,12.0,13.87,1017,1.0,250,0.0,40,2,5
2020-01-17 20,13.73,92.12,12.3,12.17,13.0,1018,1.0,250,0.0,40,2,5
2020-01-17 21,13.12,94.42,12.3,11.6,13.0,1018,1.0,250,0.0,40,2,5
2020-01-17 22,12.77,95.72,11.9,10.85,13.0,1018,1.0,20,0.0,20,2,5
2020-01-17 23,12.3,95.95,11.07,10.33,12.0,1019,1.0,20,0.0,20,2,5
2020-01-18 00,11.82,97.03,11.17,10.5,12.0,1018,1.0,20,0.0,20,2,5
2020-01-18 01,11.1,98.47,9.65,10.07,11.0,1018,1.64,72,0.0,20,6,4
2020-01-18 02,11.18,99.3,9.68,9.47,11.2,1018,1.54,80,0.0,20,6,5
2020-01-18 03,11.35,99.3,10.18,10.0,11.0,1018,0.81,114,0.0,20,6,5
2020-01-18 04,11.43,99.3,10.18,9.79,11.0,1017,1.0,290,0.0,90,6,5
2020-01-18 05,11.1,99.3,9.98,10.0,11.0,1018,1.0,290,0.0,90,6,5
2020-01-18 06,10.62,99.3,10.33,10.41,11.0,1018,1.0,290,0.0,90,6,4
2020-01-18 07,10.3,99.3,10.5,10.2,11.2,1019,1.0,140,0.0,90,6,3
2020-01-18 08,10.1,99.3,10.09,8.6,11.4,1020,1.0,140,0.0,90,6,4
2020-01-18 09,10.0,99.3,9.88,8.6,11.2,1020,1.0,140,0.0,90,6,4
2020-01-18 10,10.77,99.3,10.81,11.0,13.0,1021,1.5,270,0.0,40,6,5
2020-01-18 11,11.75,99.3,11.92,11.8,13.0,1021,1.5,270,0.0,40,6,5
2020-01-18 12,13.32,94.8,12.82,11.8,14.0,1034,1.5,270,0.0,40,6,5
2020-01-18 13,14.82,81.0,14.62,13.6,18.33,1014,1.0,290,0.0,20,7,5
2020-01-18 14,15.97,73.0,15.02,13.6,18.33,1014,1.0,290,0.0,20,7,5
2020-01-18 15,16.92,66.25,14.92,13.6,17.2,1017,1.0,290,0.0,20,7,5
2020-01-18 16,17.07,67.65,14.26,13.4,16.0,1017,1.5,270,0.0,1,7,5
2020-01-18 17,16.25,68.8,13.47,13.4,15.6,1017,1.5,270,0.0,1,7,5
2020-01-18 18,14.62,76.35,13.11,13.4,15.6,1017,1.5,270,0.0,1,7,5
2020-01-18 19,12.55,89.07,13.92,11.0,16.11,1013,1.0,250,0.0,20,2,5
2020-01-18 20,12.72,89.53,11.68,11.0,13.0,1019,1.0,250,0.0,20,2,5
2020-01-18 21,12.82,90.17,12.05,11.0,13.0,1019,1.0,250,0.0,20,2,5
2020-01-18 22,12.4,92.07,10.6,10.2,12.0,1019,1.5,270,0.0,20,2,5
2020-01-18 23,11.73,95.0,10.38,10.2,12.0,1020,1.5,270,0.0,20,2,5
2020-01-19 00,11.4,96.52,10.88,10.2,12.0,1019,1.5,270,0.0,20,2,5
2020-01-19 01,11.03,96.62,9.74,9.6,12.0,1019,1.5,230,0.0,20,2,5
2020-01-19 02,10.35,97.53,8.92,9.0,10.8,1019,1.5,230,0.0,20,2,5
2020-01-19 03,10.35,96.7,7.74,8.77,9.09,1018,1.43,258,0.0,90,6,5
2020-01-19 04,10.17,96.07,5.48,8.0,8.92,1018,3.6,250,0.0,40,6,5
2020-01-19 05,9.38,97.85,5.48,8.0,8.91,1019,3.6,250,0.0,40,6,5
2020-01-19 06,8.85,99.3,5.49,8.0,8.93,1018,3.6,250,0.0,40,6,5
2020-01-19 07,8.15,99.0,4.34,7.8,8.74,1020,4.6,250,0.0,40,6,5
2020-01-19 08,8.07,94.95,4.18,7.8,8.5,1021,4.6,250,0.0,40,6,5
2020-01-19 09,8.45,90.6,4.16,7.59,8.31,1021,4.6,250,0.0,40,6,5
2020-01-19 10,9.5,84.45,8.1,9.6,13.0,1022,2.1,250,0.0,20,0,5
2020-01-19 11,11.78,73.35,9.32,9.6,13.0,1022,2.1,250,0.0,20,0,5
2020-01-19 12,13.88,65.65,9.68,9.6,13.15,1021,2.1,250,0.0,20,0,5
2020-01-19 13,15.25,61.25,13.02,13.0,17.78,1015,2.6,250,0.0,20,0,5
2020-01-19 14,16.2,57.42,14.22,15.0,17.78,1014,2.6,250,0.0,20,0,5
2020-01-19 15,16.48,58.12,13.35,15.0,16.2,1018,2.6,250,0.0,20,0,5
2020-01-19 16,16.2,62.35,13.63,14.0,15.21,1018,1.5,270,0.0,15,2,5
2020-01-19 17,14.9,69.92,13.08,11.4,16.67,1014,1.5,270,0.0,8,2,5
2020-01-19 18,13.12,79.42,12.29,11.0,16.11,1014,1.5,270,0.0,4,2,5
2020-01-19 19,12.25,84.53,10.26,10.0,15.56,1014,2.6,250,0.0,0,2,5
2020-01-19 20,11.6,88.02,8.31,9.0,11.49,1020,2.6,250,0.0,0,2,5
2020-01-19 21,11.1,90.4,7.3,8.0,11.08,1019,2.6,250,0.0,0,2,5
2020-01-19 22,10.53,93.03,6.75,7.78,9.71,1019,2.1,250,0.0,0,6,5
2020-01-19 23,9.72,96.85,6.96,7.78,9.99,1020,2.1,250,0.0,5,6,5
2020-01-20 00,10.0,97.92,6.79,7.78,9.9,1019,2.1,250,0.0,23,6,5
2020-01-20 01,10.17,98.7,6.16,8.0,9.23,1018,2.6,270,0.0,15,6,5
2020-01-20 02,10.17,99.3,5.88,7.8,8.55,1019,2.6,270,0.0,10,6,4
2020-01-20 03,10.3,99.3,5.86,7.89,8.4,1018,2.6,270,0.0,2,6,4
2020-01-20 04,10.28,99.3,6.6,7.83,10.0,1017,3.1,270,0.0,90,6,4
2020-01-20 05,10.15,99.3,6.54,7.8,10.0,1018,3.1,270,0.0,90,6,4
2020-01-20 06,10.05,99.3,5.89,8.59,9.0,1017,3.6,270,0.0,90,6,5
2020-01-20 07,10.1,99.3,7.53,8.8,10.0,1018,2.1,250,0.0,20,6,5
2020-01-20 08,10.22,98.7,7.63,8.64,10.0,1019,2.1,250,0.0,20,6,5
2020-01-20 09,10.6,94.4,7.5,8.72,10.0,1019,2.1,250,0.0,20,6,5
2020-01-20 10,11.35,88.53,9.28,10.0,13.2,1020,2.1,250,0.0,20,6,5
2020-01-20 11,12.7,82.12,10.76,11.8,13.22,1020,2.1,250,0.0,20,6,5
2020-01-20 12,14.1,76.17,11.43,12.4,13.5,1019,2.1,250,0.0,20,6,5
2020-01-20 13,15.42,70.4,13.19,13.0,17.78,1013,2.6,270,0.0,20,7,5
2020-01-20 14,15.78,69.75,14.05,14.0,17.78,1013,2.6,270,0.0,20,7,5
2020-01-20 15,16.48,66.85,12.7,14.0,15.6,1017,2.6,270,0.0,20,7,5
2020-01-20 16,16.07,67.42,13.7,14.0,14.83,1017,1.5,270,0.0,40,2,5
2020-01-20 17,15.62,71.65,13.57,13.6,14.75,1017,1.5,270,0.0,40,2,5
2020-01-20 18,14.62,78.42,12.96,13.0,14.6,1017,1.5,270,0.0,40,2,5
2020-01-20 19,13.1,88.03,10.97,11.4,12.83,1018,2.09,256,0.0,40,2,5
2020-01-20 20,12.05,95.03,10.3,10.79,12.0,1019,2.12,264,0.0,40,2,6
2020-01-20 21,11.18,98.22,10.39,10.35,12.0,1018,2.12,276,0.0,40,2,6
2020-01-20 22,11.25,99.3,9.96,9.68,12.0,1018,1.91,286,0.0,40,2,6
2020-01-20 23,10.68,99.3,9.42,9.58,12.0,1019,1.95,302,0.0,40,2,6
2020-01-21 00,11.15,99.3,9.91,9.49,12.0,1018,1.83,318,0.0,40,2,6
2020-01-21 01,11.28,99.3,9.45,8.49,11.0,1018,1.27,294,0.0,40,6,6
2020-01-21 02,11.15,99.3,9.57,8.39,11.0,1018,0.82,253,0.0,40,6,6
2020-01-21 03,11.03,99.3,10.08,9.33,11.0,1017,0.82,209,0.0,40,6,5
2020-01-21 04,10.9,99.3,9.79,9.47,11.0,1017,1.39,227,0.0,40,6,5
2020-01-21 05,11.12,99.3,9.78,9.6,11.0,1018,1.09,272,0.0,40,6,5
2020-01-21 06,11.1,99.3,10.14,9.98,11.0,1017,1.2,285,0.0,40,6,5
2020-01-21 07,10.78,99.3,10.56,10.2,11.4,1019,1.0,110,0.0,90,6,5
2020-01-21 08,11.4,99.3,10.61,10.2,11.4,1020,1.0,110,0.0,90,6,5
2020-01-21 09,12.15,98.85,11.18,10.2,12.0,1020,1.0,110,0.0,90,6,5
2020-01-21 10,13.82,89.03,11.87,12.0,15.0,1015,2.6,120,0.0,75,6,5
2020-01-21 11,16.35,74.1,14.54,15.0,17.22,1015,2.6,110,0.0,40,2,5
2020-01-21 12,16.85,69.15,15.77,15.66,17.78,1014,2.6,110,0.0,40,2,5
2020-01-21 13,17.75,63.65,16.71,17.37,20.0,1013,2.6,70,0.0,40,7,5
2020-01-21 14,19.35,53.15,17.64,18.33,20.0,1014,2.6,70,0.0,40,7,5
2020-01-21 15,19.0,60.6,15.95,13.4,20.0,1013,2.6,70,0.0,40,7,5
2020-01-21 16,18.43,65.4,16.3,13.8,18.33,1013,1.5,90,0.0,40,7,6
2020-01-21 17,17.23,69.88,16.52,15.4,18.33,1014,1.5,90,0.0,40,7,5
2020-01-21 18,16.03,75.82,16.08,15.52,17.78,1014,1.5,90,0.0,40,7,5
2020-01-21 19,14.55,83.38,14.65,14.36,16.11,1013,1.5,110,0.0,40,2,5
2020-01-21 20,12.82,93.03,12.75,11.95,14.04,1021,1.33,34,0.0,40,6,6
2020-01-21 21,12.0,97.88,12.15,11.67,14.09,1020,2.15,37,0.0,40,6,6
2020-01-21 22,11.75,99.22,10.19,10.03,12.69,1021,2.19,41,0.0,40,6,6
2020-01-21 23,11.12,99.3,9.9,9.77,12.21,1021,2.29,42,0.0,40,6,6
2020-01-22 00,10.9,99.3,8.98,9.93,11.07,1021,2.63,39,0.0,40,6,6
2020-01-22 01,10.35,99.28,8.32,8.92,11.0,1020,2.56,25,0.0,20,6,6
2020-01-22 02,10.1,99.2,7.53,8.45,10.0,1021,2.55,9,0.0,20,6,6
2020-01-22 03,9.65,99.2,7.74,7.65,10.0,1020,1.97,309,0.0,20,6,6
2020-01-22 04,9.65,99.2,6.99,7.35,9.0,1020,1.49,295,0.0,90,6,6
2020-01-22 05,10.03,99.25,6.64,7.45,9.0,1020,1.85,303,0.0,90,6,6
2020-01-22 06,9.98,99.3,6.82,7.5,9.0,1020,1.81,310,0.0,90,6,6
2020-01-22 07,9.8,99.3,7.24,8.03,10.0,1022,2.1,250,0.0,90,6,5
2020-01-22 08,9.47,99.3,7.45,8.2,10.0,1023,2.1,250,0.0,90,6,5
2020-01-22 09,9.72,99.3,7.48,8.2,10.0,1023,2.1,250,0.0,90,6,5
2020-01-22 10,10.55,99.3,9.95,9.0,16.67,1019,2.6,250,0.0,20,6,5
2020-01-22 11,12.98,96.1,11.3,10.0,17.22,1019,2.6,250,0.0,20,6,5
2020-01-22 12,15.7,76.5,12.05,10.6,17.22,1018,2.6,250,0.0,20,6,6
2020-01-22 13,16.77,72.65,13.19,13.0,18.5,1016,4.1,250,0.0,3,7,6
2020-01-22 14,17.62,68.6,13.89,14.0,19.04,1016,4.1,250,0.0,2,7,6
2020-01-22 15,17.68,68.2,13.32,14.0,17.78,1014,4.1,250,0.0,1,7,5
2020-01-22 16,17.48,68.08,14.95,15.0,17.78,1015,3.1,270,0.0,0,2,5
2020-01-22 17,17.25,68.78,14.72,14.8,17.78,1015,3.1,270,0.0,0,2,5
2020-01-22 18,15.78,78.05,14.03,14.0,16.8,1015,3.1,270,0.0,0,2,5
2020-01-22 19,14.88,84.85,13.57,13.0,16.11,1015,2.1,270,0.0,0,2,5
2020-01-22 20,14.53,86.2,11.62,12.0,13.0,1021,2.1,270,0.0,0,2,5
2020-01-22 21,14.3,85.97,11.36,12.0,13.0,1020,2.1,270,0.0,0,2,6
2020-01-22 22,14.25,83.03,10.36,11.0,12.0,1021,1.5,270,0.0,0,2,6
2020-01-22 23,13.75,81.22,10.27,10.8,12.0,1021,1.5,270,0.0,0,2,5
2020-01-23 00,13.12,81.0,9.6,10.0,12.0,1020,1.5,270,0.0,0,2,5
2020-01-23 01,12.85,80.78,8.29,10.0,10.8,1020,2.6,290,0.0,0,2,3
2020-01-23 02,12.5,81.47,8.54,10.27,10.8,1021,2.6,290,0.0,0,2,3
2020-01-23 03,12.03,82.15,6.25,8.71,9.0,1019,3.1,270,0.0,20,2,3
2020-01-23 04,11.72,82.38,5.87,8.65,9.0,1018,3.6,280,0.0,1,2,4
2020-01-23 05,11.48,80.75,6.52,8.88,9.02,1019,2.6,270,0.0,0,6,4
2020-01-23 06,11.0,78.78,6.32,8.88,9.06,1018,3.1,270,0.0,1,6,4
2020-01-23 07,10.8,77.53,6.45,8.8,11.2,1020,3.1,270,0.0,0,2,3
2020-01-23 08,10.85,76.25,5.95,8.6,10.0,1020,3.6,270,0.0,0,6,4
2020-01-23 09,12.95,60.88,7.96,8.8,12.0,1020,3.1,270,0.0,0,2,4
2020-01-23 10,15.5,46.6,12.47,13.34,17.4,1016,2.6,270,0.0,0,0,3
2020-01-23 11,17.6,41.1,14.26,16.0,17.4,1016,2.6,270,0.0,0,0,3
2020-01-23 12,18.88,37.35,14.63,16.58,17.4,1015,2.6,270,0.0,0,0,2
2020-01-23 13,19.55,33.1,14.39,17.78,18.94,1013,3.6,290,0.0,1,0,2
2020-01-23 14,19.93,30.0,14.51,18.6,20.0,1018,5.1,270,0.0,5,0,2
2020-01-23 15,20.0,27.73,13.72,16.92,20.0,1014,5.1,270,0.0,19,0,2
2020-01-23 16,19.4,29.55,15.29,16.0,18.33,1014,2.6,250,0.0,20,0,2
2020-01-23 17,18.38,33.88,14.44,16.4,17.07,1018,2.6,250,0.0,20,0,2
2020-01-23 18,16.6,42.73,13.81,15.0,17.22,1014,2.6,250,0.0,20,0,2
2020-01-23 19,15.6,48.78,12.74,13.4,16.67,1013,2.6,250,0.0,75,0,3
2020-01-23 20,15.07,50.9,9.85,11.67,13.4,1018,2.6,250,0.0,69,0,4
2020-01-23 21,14.62,51.45,9.81,11.67,13.4,1018,2.6,250,0.0,74,0,4
2020-01-23 22,14.02,52.95,8.12,10.0,12.0,1019,2.6,270,0.0,70,0,4
2020-01-23 23,13.7,53.9,8.34,10.0,12.0,1020,2.6,270,0.0,53,0,4
2020-01-24 00,13.52,52.85,8.06,10.0,12.0,1019,2.6,270,0.0,64,0,4
2020-01-24 01,12.9,54.65,7.38,9.0,11.2,1018,2.1,270,0.0,77,2,3
2020-01-24 02,12.15,58.4,6.75,8.0,11.2,1018,2.1,270,0.0,62,2,3
2020-01-24 03,11.5,61.27,4.85,8.0,9.15,1017,4.1,250,0.0,1,2,3
2020-01-24 04,11.07,63.12,4.85,7.0,9.2,1016,3.1,250,0.0,27,2,4
2020-01-24 05,10.95,63.3,5.86,8.2,9.44,1017,3.1,250,0.0,34,2,4
2020-01-24 06,10.85,62.17,4.27,6.0,9.25,1016,3.1,250,0.0,29,2,4
2020-01-24 07,10.6,61.25,4.6,7.0,10.2,1017,3.6,270,0.0,40,2,4
2020-01-24 08,10.83,59.4,4.4,8.0,9.21,1018,4.1,270,0.0,20,2,4
2020-01-24 09,12.45,50.65,5.61,8.4,10.2,1017,3.6,270,0.0,40,2,4
2020-01-24 10,14.78,43.98,11.04,13.09,18.0,1013,4.1,270,0.0,20,0,4
2020-01-24 11,17.0,38.65,12.78,16.0,18.0,1013,4.1,270,0.0,20,0,4
2020-01-24 12,18.77,34.42,13.27,16.9,17.78,1011,4.1,270,0.0,20,0,3
2020-01-24 13,20.28,29.25,13.63,17.78,20.6,1010,6.2,270,0.0,40,0,3
2020-01-24 14,21.28,27.45,14.72,19.0,20.6,1014,6.2,270,0.0,40,0,2
2020-01-24 15,21.6,23.05,14.33,18.33,20.6,1009,6.2,270,0.0,40,0,2
2020-01-24 16,21.32,23.95,14.53,18.25,19.0,1009,5.1,230,0.0,44,0,2
2020-01-24 17,20.25,27.3,13.82,17.4,19.0,1011,5.1,230,0.0,75,0,2
2020-01-24 18,18.3,36.15,12.82,16.0,19.0,1010,5.1,230,0.0,62,0,3
2020-01-24 19,16.85,41.67,12.32,15.0,16.67,1009,3.1,270,0.0,1,0,3
2020-01-24 20,15.8,47.4,13.04,12.66,14.0,1017,1.0,270,0.0,1,2,4
2020-01-24 21,13.62,57.55,13.19,12.29,14.0,1017,1.0,270,0.0,0,2,5
2020-01-24 22,12.48,62.9,9.62,8.8,13.0,1017,2.64,296,0.0,0,2,5
2020-01-24 23,11.93,68.4,9.0,8.8,12.2,1018,2.41,299,0.0,0,2,5
2020-01-25 00,10.67,77.85,9.03,8.8,12.0,1018,2.37,302,0.0,0,2,5
2020-01-25 01,10.15,80.4,8.49,7.4,12.0,1017,2.31,303,0.0,0,2,5
2020-01-25 02,9.3,86.55,7.05,7.4,10.0,1018,2.24,306,0.0,0,2,5
2020-01-25 03,9.18,89.1,7.08,7.4,10.0,1017,1.97,306,0.0,0,2,5
2020-01-25 04,10.18,81.38,7.43,6.8,10.0,1016,1.0,230,0.0,0,2,5
2020-01-25 05,8.95,87.1,6.45,6.38,9.0,1017,1.0,230,0.0,0,2,5
2020-01-25 06,7.5,95.15,6.64,6.44,9.0,1016,1.0,230,0.0,0,2,5
2020-01-25 07,7.28,97.83,5.21,6.0,8.0,1018,1.5,250,0.0,0,2,5
2020-01-25 08,7.8,98.68,4.99,6.0,8.0,1019,1.5,250,0.0,0,2,5
2020-01-25 09,12.0,76.72,7.01,6.0,11.0,1019,1.5,250,0.0,0,2,5
2020-01-25 10,14.93,60.58,12.9,11.4,17.78,1015,1.0,230,0.0,0,0,5
2020-01-25 11,17.35,51.9,14.8,15.0,17.78,1014,1.0,230,0.0,0,0,5
2020-01-25 12,19.1,41.4,15.99,15.72,18.33,1013,1.0,230,0.0,1,0,5
2020-01-25 13,20.33,32.73,15.47,17.72,19.0,1010,2.6,310,0.0,1,0,5
2020-01-25 14,21.3,29.18,15.89,18.89,19.6,1015,3.1,270,0.0,20,0,4
2020-01-25 15,21.25,29.7,15.5,17.78,19.0,1010,2.6,280,0.0,20,0,3
2020-01-25 16,20.9,30.98,17.19,17.86,20.0,1010,1.5,270,0.0,40,0,3
2020-01-25 17,19.65,35.1,16.66,16.6,20.0,1011,1.5,270,0.0,40,0,3
2020-01-25 18,17.7,43.12,15.19,16.6,18.6,1008,2.1,300,0.0,40,0,3
2020-01-25 19,16.05,52.0,14.73,12.2,17.78,1010,2.6,347,0.0,20,2,4
2020-01-25 20,13.97,63.48,11.53,12.2,13.9,1017,2.5,341,0.0,20,2,5
2020-01-25 21,13.48,67.92,11.9,12.2,14.24,1016,2.55,332,0.0,20,2,5
2020-01-25 22,12.3,77.08,9.78,10.0,13.0,1017,2.55,329,0.0,20,2,6
2020-01-25 23,11.15,88.38,8.69,9.45,11.6,1017,2.58,332,0.0,20,2,6
2020-01-26 00,10.45,95.3,8.48,8.88,12.0,1016,2.75,341,0.0,20,2,6
2020-01-26 01,10.2,97.6,6.35,8.2,9.41,1016,2.73,348,0.0,20,2,6
2020-01-26 02,10.1,98.9,6.85,8.2,9.8,1016,2.8,350,0.0,20,2,6
2020-01-26 03,10.02,99.3,7.25,8.19,10.0,1015,2.35,358,0.0,20,2,6
2020-01-26 04,9.9,99.3,7.01,7.4,10.0,1014,2.36,338,0.0,20,6,6
2020-01-26 05,9.18,99.3,7.03,7.4,10.0,1015,1.81,314,0.0,20,6,6
2020-01-26 06,9.1,99.3,6.8,7.4,9.0,1015,1.72,297,0.0,20,6,6
2020-01-26 07,9.45,99.3,7.76,8.4,9.0,1016,1.0,230,0.0,1,6,6
2020-01-26 08,10.0,99.3,8.0,8.4,9.6,1017,1.0,230,0.0,0,6,6
2020-01-26 09,12.17,95.07,9.78,8.4,12.0,1017,1.0,230,0.0,0,6,6
2020-01-26 10,15.65,71.1,13.53,14.0,18.8,1013,3.1,250,0.0,0,0,6
2020-01-26 11,18.23,58.0,15.3,15.6,17.78,1012,2.6,270,0.0,0,7,6
2020-01-26 12,19.88,46.22,16.69,17.67,19.0,1011,3.1,250,0.0,0,0,5
2020-01-26 13,21.05,36.5,18.78,21.0,22.6,1015,3.6,270,0.0,0,0,5
2020-01-26 14,22.15,33.48,18.58,19.6,22.6,1014,3.6,270,0.0,0,0,4
2020-01-26 15,22.75,34.05,16.14,18.33,21.0,1008,4.1,300,0.0,1,0,4
2020-01-26 16,22.38,36.6,19.44,18.0,21.0,1008,1.0,270,0.0,0,0,3
2020-01-26 17,21.3,36.9,16.3,18.0,19.6,1007,3.1,320,0.0,0,0,3
2020-01-26 18,18.82,44.6,18.56,17.28,20.4,1008,1.0,270,0.0,0,0,3
2020-01-26 19,14.88,63.97,14.77,15.5,16.0,1014,1.5,290,0.0,1,0,3
2020-01-26 20,12.7,79.57,11.24,11.97,14.0,1014,2.64,305,0.0,0,2,5
2020-01-26 21,11.85,88.22,11.22,12.34,14.0,1014,2.56,291,0.0,1,0,5
2020-01-26 22,11.35,93.5,10.29,10.4,13.43,1014,2.47,284,0.0,0,2,6
2020-01-26 23,10.93,95.38,9.88,10.37,13.13,1014,2.55,291,0.0,0,2,6
2020-01-27 00,10.55,97.43,9.86,10.24,12.56,1014,2.55,308,0.0,0,2,6
2020-01-27 01,10.5,98.88,9.87,9.83,12.07,1013,2.31,343,0.0,1,2,6
2020-01-27 02,10.62,99.25,9.96,10.51,12.2,1013,1.93,358,0.0,95,2,6
2020-01-27 03,10.35,99.3,9.74,9.15,12.0,1012,1.96,22,0.0,1,2,6
2020-01-27 04,10.65,99.3,9.67,9.43,12.0,1012,2.23,39,0.0,20,2,6
2020-01-27 05,10.6,99.3,9.24,9.8,11.0,1013,1.9,44,0.0,20,2,6
2020-01-27 06,11.93,93.9,10.45,9.8,12.0,1012,1.47,68,0.0,20,2,6
2020-01-27 07,11.7,88.53,10.5,9.8,11.6,1014,0.84,144,0.0,40,6,6
2020-01-27 08,11.8,92.0,11.53,9.8,13.0,1014,0.5,138,0.0,40,6,6
2020-01-27 09,13.95,83.8,12.28,9.8,14.0,1014,0.51,28,0.0,40,6,6
2020-01-27 10,15.27,78.8,15.99,13.69,17.78,1010,1.0,70,0.0,40,6,5
2020-01-27 11,16.23,75.85,16.42,15.4,17.0,1014,1.0,70,0.0,40,6,5
2020-01-27 12,19.05,61.7,19.03,15.4,20.0,1009,1.0,70,0.0,40,6,6
2020-01-27 13,20.2,49.47,20.12,18.79,21.4,1007,1.5,50,0.0,40,7,6
2020-01-27 14,21.67,39.02,20.51,19.01,22.0,1006,1.5,50,0.0,40,7,5
2020-01-27 15,22.98,33.35,20.73,18.39,22.0,1005,1.5,50,0.0,40,7,5
2020-01-27 16,22.07,35.88,18.86,16.6,22.0,1006,2.6,340,0.0,40,7,4
2020-01-27 17,20.07,54.05,18.26,17.8,20.6,1006,2.6,340,0.0,40,7,5
2020-01-27 18,18.33,57.48,17.04,16.6,20.6,1006,2.6,340,0.0,40,7,5
2020-01-27 19,17.48,63.5,15.37,17.0,18.11,1011,3.1,40,0.0,75,7,5
2020-01-27 20,16.58,73.17,13.35,14.86,17.0,1012,4.1,50,0.0,40,7,5
2020-01-27 21,16.52,61.85,12.93,14.87,17.0,1011,4.1,60,0.0,40,7,5
2020-01-27 22,16.1,60.67,15.35,14.06,16.0,1011,1.0,70,0.0,40,2,5
2020-01-27 23,15.85,60.27,16.02,13.96,17.78,1006,1.0,70,0.0,40,2,5
2020-01-28 00,16.43,54.95,14.59,13.66,15.4,1011,1.0,70,0.0,40,2,4
2020-01-28 01,14.47,77.92,12.96,12.58,14.0,1011,2.1,50,0.0,90,2,3
2020-01-28 02,13.45,90.4,12.59,12.5,14.0,1011,2.1,50,0.0,90,2,4
2020-01-28 03,13.47,88.75,12.21,12.38,13.2,1010,2.1,50,0.0,90,2,4
2020-01-28 04,13.52,86.08,11.97,12.49,13.0,1010,2.6,70,0.56,90,5,4
2020-01-28 05,13.1,91.35,12.22,13.0,13.2,1010,2.6,70,0.62,90,5,4
2020-01-28 06,13.27,93.02,12.29,13.0,13.55,1010,2.6,70,0.42,90,5,4
2020-01-28 07,13.23,95.4,14.51,12.2,16.11,1006,1.5,90,0.0,75,2,4
2020-01-28 08,13.67,91.47,14.39,12.2,16.11,1007,1.5,90,0.0,75,2,4
2020-01-28 09,14.72,87.08,15.77,12.2,17.78,1007,1.5,90,0.0,75,2,4
2020-01-28 10,15.93,80.62,15.05,14.88,17.4,1012,2.1,70,0.4,75,4,4
2020-01-28 10,15.93,80.62,15.05,14.88,17.4,1012,2.1,70,0.4,75,2,4
2020-01-28 11,17.07,74.58,16.28,15.99,17.4,1012,2.1,70,0.4,75,4,5
2020-01-28 11,17.07,74.58,16.28,15.99,17.4,1012,2.1,70,0.4,75,2,5
2020-01-28 12,18.93,66.72,17.24,16.39,18.0,1011,2.1,70,0.4,75,4,5
2020-01-28 12,18.93,66.72,17.24,16.39,18.0,1011,2.1,70,0.4,75,2,5
2020-01-28 13,20.23,61.2,15.53,17.8,20.0,1004,6.2,100,0.0,75,7,5
2020-01-28 14,20.38,59.67,16.14,17.8,19.6,1009,6.2,110,0.0,75,7,5
2020-01-28 15,19.88,65.9,17.1,17.8,20.56,1004,4.1,120,0.0,75,7,5
2020-01-28 16,19.62,67.03,18.6,18.31,19.2,1008,2.6,70,0.0,40,2,5
2020-01-28 17,19.15,61.2,18.12,18.0,19.2,1009,2.6,70,0.0,40,2,5
2020-01-28 18,17.83,64.35,17.32,17.0,19.2,1009,2.6,70,0.0,40,2,4
2020-01-28 19,17.45,66.0,16.99,15.8,16.45,1012,1.5,200,2.3,90,4,3
2020-01-28 20,16.15,80.25,16.22,14.4,16.0,1013,1.5,200,0.61,90,4,3
2020-01-28 21,15.32,93.4,16.48,14.77,16.0,1013,1.5,200,0.5,90,4,4
2020-01-28 22,15.33,92.67,15.21,13.12,16.0,1014,2.1,270,0.0,40,2,5
2020-01-28 23,14.93,94.2,14.24,13.07,15.0,1014,2.1,270,0.0,40,2,5
2020-01-29 00,14.93,94.38,14.44,13.2,15.0,1014,2.1,270,0.0,40,2,5
2020-01-29 01,14.9,92.85,12.74,12.57,14.0,1014,2.6,250,0.0,40,2,5
2020-01-29 02,13.85,90.9,11.8,12.2,13.2,1014,2.6,250,0.0,40,2,5
2020-01-29 03,12.73,95.23,10.72,10.79,12.0,1014,2.1,280,0.0,75,2,3
2020-01-29 04,12.3,98.12,10.52,10.56,12.0,1015,1.98,284,0.0,40,2,3
2020-01-29 05,12.1,99.0,9.78,10.25,11.0,1016,1.79,306,0.0,40,2,3
2020-01-29 06,11.88,97.12,9.96,10.59,11.14,1015,1.87,327,0.0,40,2,3
2020-01-29 07,12.0,94.2,10.79,8.0,12.0,1017,1.0,340,0.0,40,2,3
2020-01-29 08,12.03,93.62,10.67,9.89,12.0,1018,1.0,340,0.0,40,2,4
2020-01-29 09,13.2,86.88,11.15,8.0,13.0,1018,1.0,340,0.0,40,2,5
2020-01-29 10,15.28,77.12,12.51,13.2,16.2,1019,4.1,50,0.0,20,2,5
2020-01-29 11,16.83,71.2,13.52,15.4,16.2,1020,4.1,50,0.0,20,2,4
2020-01-29 12,18.65,60.12,14.96,15.6,18.0,1019,4.1,50,0.0,20,2,4
2020-01-29 13,19.8,50.9,18.64,17.77,20.4,1013,1.0,20,0.0,40,0,2
2020-01-29 14,20.8,44.92,19.26,19.0,20.4,1012,1.0,20,0.0,40,0,2
2020-01-29 15,21.1,42.0,18.83,18.43,20.4,1012,1.0,20,0.0,40,0,2
2020-01-29 16,21.72,33.48,19.69,17.8,20.0,1012,1.0,20,0.0,40,0,2
2020-01-29 17,20.02,34.43,18.34,16.6,19.0,1016,1.0,20,0.0,40,0,1
2020-01-29 18,18.05,46.25,17.79,16.6,19.0,1017,1.0,20,0.0,40,0,2
2020-01-29 19,16.43,59.12,14.49,13.2,15.59,1018,1.5,270,0.0,20,2,2
2020-01-29 20,15.35,69.33,13.52,12.95,15.0,1018,1.5,270,0.0,20,2,3
2020-01-29 21,14.92,73.38,13.09,12.75,14.0,1018,1.5,270,0.0,20,2,4
2020-01-29 22,13.88,81.12,12.51,10.8,14.0,1019,1.0,250,0.0,0,2,5
2020-01-29 23,13.95,80.28,11.43,10.4,13.0,1019,1.0,250,0.0,0,2,5
2020-01-30 00,14.05,79.0,11.65,10.59,13.0,1019,1.0,250,0.0,0,2,5
2020-01-30 01,13.35,82.02,10.65,10.25,13.0,1018,3.1,320,0.0,20,2,4
2020-01-30 02,12.8,84.95,9.68,10.04,13.0,1019,2.6,290,0.0,0,2,4
2020-01-30 03,12.43,87.75,9.71,9.39,12.0,1018,2.6,290,0.0,1,2,4
2020-01-30 04,12.2,88.3,10.18,9.0,12.0,1018,1.0,270,0.0,0,2,4
2020-01-30 05,11.9,91.28,9.92,9.0,12.0,1018,1.0,270,0.0,0,2,4
2020-01-30 06,11.7,92.92,9.54,9.0,11.0,1017,1.0,270,0.0,0,2,4
2020-01-30 07,11.4,94.53,8.27,9.0,11.0,1019,2.1,270,0.0,0,6,4
2020-01-30 08,11.88,92.65,8.21,9.0,10.4,1020,2.1,270,0.0,0,6,4
2020-01-30 09,13.58,83.55,8.4,9.0,11.0,1020,2.1,270,0.0,0,6,4
2020-01-30 10,15.7,73.35,13.42,12.0,18.89,1016,2.1,360,0.0,0,7,4
2020-01-30 11,17.62,64.03,15.8,15.0,18.89,1015,2.1,360,0.0,0,7,4
2020-01-30 12,18.95,58.55,15.98,17.0,17.54,1019,2.1,360,0.0,5,7,4
2020-01-30 13,19.78,50.67,18.08,17.0,20.0,1013,1.0,250,0.0,20,7,4
2020-01-30 14,20.43,47.38,19.06,18.6,20.31,1013,1.0,250,0.0,20,7,3
2020-01-30 15,20.28,45.58,18.76,17.99,20.0,1012,1.0,250,0.0,20,7,3
2020-01-30 16,20.05,43.28,16.54,17.0,19.44,1012,3.6,250,0.0,14,7,2
2020-01-30 17,19.25,45.47,15.56,17.0,18.8,1016,3.6,250,0.0,7,7,2
2020-01-30 18,17.35,52.25,15.52,17.0,18.89,1012,3.6,250,0.0,3,7,2
2020-01-30 19,16.33,57.28,13.51,16.0,16.63,1016,3.1,290,0.0,1,0,2
2020-01-30 20,15.57,63.43,13.75,12.89,15.0,1017,1.5,270,0.0,0,2,3
2020-01-30 21,14.95,67.72,13.06,12.72,14.0,1017,1.5,270,0.0,0,2,4
2020-01-30 22,14.3,72.25,11.22,10.4,14.0,1017,2.64,302,0.0,0,2,4
2020-01-30 23,13.68,76.47,9.65,10.4,12.2,1017,2.64,308,0.0,0,2,4
2020-01-31 00,13.1,79.45,9.83,10.4,12.0,1016,2.74,314,0.0,0,2,4
2020-01-31 01,12.7,81.5,10.65,9.4,12.0,1016,1.0,270,0.0,0,2,3
2020-01-31 02,12.22,79.15,9.98,9.4,11.6,1016,1.0,270,0.0,0,2,3
2020-01-31 03,11.57,77.6,9.56,9.26,11.0,1015,1.0,270,0.0,0,2,3
2020-01-31 04,11.15,82.5,7.93,8.8,10.0,1015,2.1,270,0.0,0,2,3
2020-01-31 05,10.62,86.3,7.19,8.6,9.34,1016,2.1,270,0.0,0,2,3
2020-01-31 06,10.25,90.88,6.67,8.0,9.31,1015,2.1,270,0.0,0,2,3
2020-01-31 07,10.12,92.5,5.63,7.0,9.37,1016,2.6,230,0.0,0,2,4
2020-01-31 08,10.38,91.4,6.23,8.0,9.32,1017,2.6,230,0.0,0,2,5
2020-01-31 09,11.6,85.5,6.7,8.2,9.22,1017,2.6,230,0.0,0,2,5
2020-01-31 10,13.5,75.85,8.45,10.0,15.4,1018,3.6,250,0.0,0,0,5
2020-01-31 11,15.15,65.05,10.45,11.0,15.4,1018,3.6,250,0.0,0,0,5
2020-01-31 12,16.23,56.77,13.83,15.04,19.44,1012,3.6,250,0.0,12,0,5
2020-01-31 13,17.88,43.23,14.36,16.0,19.44,1011,3.6,250,0.0,24,0,5
2020-01-31 14,18.9,36.65,14.95,16.8,19.44,1010,3.6,250,0.0,35,0,3
2020-01-31 15,19.5,32.53,14.06,16.46,19.4,1014,3.6,250,0.0,36,0,2
2020-01-31 16,19.2,31.88,15.71,15.4,17.0,1014,1.0,320,0.0,24,0,2
2020-01-31 17,18.15,34.9,15.05,15.4,16.7,1014,1.0,320,0.0,21,0,2
2020-01-31 18,16.18,43.75,14.48,15.0,16.6,1014,1.0,320,0.0,2,0,2
2020-01-31 19,14.75,55.9,12.04,11.4,14.54,1015,2.56,321,0.0,1,2,3
2020-01-31 20,13.35,67.08,10.06,10.64,13.0,1016,2.3,334,0.0,0,2,3
2020-01-31 21,12.02,74.95,10.71,10.73,13.0,1016,2.03,345,0.0,0,2,4
2020-01-31 22,11.72,78.22,9.11,9.64,11.0,1016,2.03,351,0.0,20,2,5
2020-01-31 23,12.67,76.08,8.44,9.18,10.8,1017,2.25,351,0.0,20,2,5
2020-02-01 00,11.35,84.92,7.93,8.88,10.2,1016,2.54,345,0.0,20,2,5
2020-02-01 01,11.2,87.45,5.95,8.19,9.0,1016,2.62,344,0.0,20,2,5
2020-02-01 02,11.12,88.6,6.53,7.8,9.55,1016,2.29,347,0.0,20,2,5
2020-02-01 03,9.6,94.15,6.62,6.57,9.0,1015,1.26,349,0.0,20,2,5
2020-02-01 04,9.02,97.88,6.82,6.77,9.0,1016,1.21,335,0.0,20,2,5
2020-02-01 05,8.55,99.12,7.03,7.0,9.0,1017,1.1,323,0.0,20,2,5
2020-02-01 06,8.38,99.3,7.54,7.0,9.04,1017,0.69,300,0.0,20,2,4
2020-02-01 07,8.02,99.3,7.66,7.4,9.0,1018,0.53,276,0.0,0,6,5
2020-02-01 08,8.65,99.3,7.35,6.4,10.0,1019,0.79,255,0.0,14,6,5
2020-02-01 09,12.03,96.6,8.97,6.4,12.0,1019,0.71,245,0.0,0,6,5
2020-02-01 10,15.95,64.18,12.77,12.8,17.8,1020,1.5,230,0.0,0,0,5
2020-02-01 11,17.1,61.72,15.29,15.57,18.89,1016,1.5,230,0.0,10,0,6
2020-02-01 12,18.38,50.0,16.14,16.05,19.44,1014,1.5,230,0.0,26,0,6
2020-02-01 13,18.77,48.75,15.35,17.0,19.4,1014,3.6,250,0.0,20,0,4
2020-02-01 14,19.4,48.62,16.82,18.68,19.44,1012,3.6,250,0.0,20,0,4
2020-02-01 15,19.38,48.55,15.83,17.22,19.44,1013,3.6,250,0.0,20,0,4
2020-02-01 16,18.95,50.8,18.03,17.19,19.44,1014,1.5,250,0.0,20,0,3
2020-02-01 17,18.05,51.98,17.62,16.6,19.44,1014,1.5,250,0.0,20,0,3
2020-02-01 18,16.45,55.5,15.79,15.0,17.6,1019,1.5,250,0.0,20,0,3
2020-02-01 19,15.38,59.05,14.21,12.2,15.0,1020,1.0,340,0.0,20,2,3
2020-02-01 20,14.6,65.38,13.4,11.81,15.0,1020,1.0,340,0.0,20,2,4
2020-02-01 21,13.85,70.57,12.68,11.47,14.0,1020,1.0,340,0.0,20,2,5
2020-02-01 22,12.9,80.67,10.48,9.4,13.0,1020,2.03,320,0.0,20,2,5
2020-02-01 23,11.12,90.8,9.83,9.4,12.0,1021,2.03,319,0.0,20,2,5
2020-02-02 00,11.0,95.0,9.76,9.4,12.0,1020,2.16,318,0.0,20,2,5
2020-02-02 01,11.0,94.18,8.31,8.0,11.0,1020,2.24,320,0.0,20,2,5
2020-02-02 02,11.12,92.42,7.62,8.0,10.4,1020,2.32,318,0.0,20,2,5
2020-02-02 03,11.4,88.62,7.24,8.0,10.0,1020,2.31,312,0.0,20,2,4
2020-02-02 04,10.93,89.65,5.98,7.93,8.13,1019,2.26,308,0.0,20,2,4
2020-02-02 05,10.65,91.68,6.33,7.0,8.15,1020,1.0,250,0.0,20,6,4
2020-02-02 06,10.43,93.65,6.01,7.0,8.09,1020,1.0,250,0.0,20,6,4
2020-02-02 07,10.45,93.6,6.45,6.8,8.6,1021,1.0,250,0.0,20,6,5
2020-02-02 08,10.75,92.18,6.74,6.8,8.6,1021,1.0,250,0.0,20,6,5
2020-02-02 09,12.45,83.9,7.15,8.0,8.6,1021,1.0,250,0.0,20,6,5
2020-02-02 10,14.4,74.38,10.02,10.0,16.2,1022,2.1,270,0.0,20,7,5
2020-02-02 11,15.48,70.43,11.58,11.6,16.2,1022,2.1,270,0.0,20,7,4
2020-02-02 12,16.77,64.27,12.76,12.6,16.2,1021,2.1,270,0.0,20,7,5
2020-02-02 13,18.12,52.75,15.71,16.0,19.0,1015,3.1,340,0.0,20,7,5
2020-02-02 14,18.93,47.48,16.37,16.8,19.44,1015,3.1,340,0.0,20,7,4
2020-02-02 15,19.42,45.85,16.3,17.83,19.0,1018,3.1,340,0.0,20,7,5
2020-02-02 16,19.27,45.1,15.3,16.6,19.44,1014,3.6,250,0.0,20,7,4
2020-02-02 17,18.73,47.33,14.41,16.6,18.6,1018,3.6,250,0.0,20,7,3
2020-02-02 18,17.18,54.47,13.79,15.0,18.89,1014,3.6,250,0.0,20,7,3
2020-02-02 19,16.05,59.23,11.99,14.0,14.62,1019,2.1,270,0.0,20,0,4
2020-02-02 20,14.95,68.3,11.91,10.6,13.0,1020,1.0,250,0.0,20,2,5
2020-02-02 21,13.43,79.3,11.99,10.6,13.0,1020,1.0,250,0.0,20,2,5
2020-02-02 22,12.72,80.58,10.3,8.8,12.0,1021,1.0,250,0.0,0,2,5
2020-02-02 23,11.6,85.65,9.49,8.8,11.0,1021,1.0,250,0.0,0,2,5
2020-02-03 00,11.27,86.03,9.57,8.8,11.0,1020,1.0,250,0.0,0,2,5
2020-02-03 01,10.93,88.3,7.66,8.0,10.0,1020,2.0,300,0.0,0,2,5
2020-02-03 02,10.9,88.1,7.64,8.0,10.2,1020,2.01,299,0.0,0,2,5
2020-02-03 03,9.65,94.35,7.31,7.39,10.0,1019,1.83,293,0.0,0,2,5
2020-02-03 04,9.5,95.6,6.4,6.4,9.0,1019,1.5,230,0.0,0,2,5
2020-02-03 05,9.02,96.17,5.41,7.36,8.0,1019,2.15,287,0.0,0,6,5
2020-02-03 06,9.23,96.9,6.03,7.39,8.0,1019,1.5,280,0.0,1,6,5
2020-02-03 07,10.03,91.45,5.8,5.8,7.89,1020,1.0,250,0.0,0,2,5
2020-02-03 08,10.2,89.75,7.18,7.4,9.6,1021,1.0,250,0.0,0,2,5
2020-02-03 09,12.35,78.97,8.85,7.4,11.0,1021,1.0,250,0.0,0,2,5
2020-02-03 10,15.3,65.15,14.42,15.0,18.2,1017,1.5,270,0.0,0,0,5
2020-02-03 11,18.07,52.1,15.37,15.6,18.2,1017,1.5,270,0.0,0,0,5
2020-02-03 12,19.62,39.8,16.28,16.4,18.33,1015,1.5,270,0.0,4,0,5
2020-02-03 13,20.48,36.35,15.22,18.0,19.59,1012,3.1,300,0.0,1,0,3
2020-02-03 14,21.3,33.47,17.24,20.0,21.2,1017,3.6,230,0.0,2,0,3
2020-02-03 15,21.53,31.55,17.08,18.68,21.2,1012,3.6,230,0.0,0,0,3
2020-02-03 16,21.52,29.57,18.88,17.2,21.0,1012,1.0,250,0.0,0,0,3
2020-02-03 17,20.52,31.3,17.74,17.2,20.0,1012,1.0,250,0.0,0,0,3
2020-02-03 18,18.28,37.6,17.81,17.18,20.0,1012,1.0,250,0.0,0,0,3
2020-02-03 19,15.52,49.47,14.16,15.3,18.9,1011,2.47,300,0.0,1,0,3
2020-02-03 20,13.27,62.42,12.53,11.23,17.78,1011,2.27,315,0.0,0,0,5
2020-02-03 21,11.78,74.62,11.57,11.74,14.0,1018,1.89,328,0.0,1,0,5
2020-02-03 22,10.9,84.35,11.01,9.2,13.0,1018,1.6,345,0.0,3,2,5
2020-02-03 23,10.35,87.1,10.21,9.2,12.0,1018,1.39,6,0.0,2,2,6
2020-02-04 00,10.25,86.5,10.3,9.2,12.02,1018,1.54,24,0.0,0,2,6
2020-02-04 01,9.68,86.92,9.54,8.4,12.0,1017,1.76,32,0.0,0,2,5
2020-02-04 02,8.85,92.15,8.15,7.95,11.0,1017,1.98,37,0.0,0,2,5
2020-02-04 03,8.43,94.52,7.76,7.51,11.0,1017,2.42,56,0.0,0,2,5
2020-02-04 04,8.05,96.4,7.49,6.8,11.0,1017,2.05,74,0.0,0,2,5
2020-02-04 05,8.03,97.72,6.55,6.56,10.0,1017,2.0,83,0.0,0,2,5
2020-02-04 06,8.0,98.55,6.74,6.46,10.0,1017,2.13,93,0.0,20,2,5
2020-02-04 07,8.07,99.2,6.09,6.4,9.0,1018,1.92,103,0.0,80,2,5
2020-02-04 08,8.75,99.3,6.22,6.4,8.8,1019,1.47,113,0.0,80,2,6
2020-02-04 09,12.3,84.05,9.0,6.4,13.0,1018,1.27,121,0.0,45,2,6
2020-02-04 10,16.15,65.08,13.87,15.0,19.0,1014,3.1,160,0.0,20,7,6
2020-02-04 11,18.58,50.62,15.86,17.4,19.0,1014,3.1,160,0.0,20,7,6
2020-02-04 12,19.75,38.55,17.08,18.41,20.0,1012,3.1,160,0.0,20,7,5
2020-02-04 13,20.48,34.8,18.1,19.2,20.53,1011,1.09,124,0.0,1,0,5
2020-02-04 14,21.02,33.38,19.4,19.2,21.8,1011,1.0,20,0.0,20,0,4
2020-02-04 15,21.33,31.07,19.16,18.72,21.8,1010,1.0,20,0.0,20,0,4
2020-02-04 16,21.43,29.8,19.8,18.78,20.0,1011,1.0,20,0.0,20,0,4
2020-02-04 17,20.3,32.25,19.5,18.3,20.0,1011,1.0,20,0.0,20,0,4
2020-02-04 18,18.23,42.15,18.42,17.15,20.0,1012,1.0,20,0.0,20,0,4
2020-02-04 19,15.05,59.15,14.2,15.71,17.0,1016,2.1,50,0.0,1,0,5
2020-02-04 20,13.55,69.2,14.34,12.33,18.33,1013,2.21,24,0.0,20,2,5
2020-02-04 21,13.05,72.58,14.43,12.09,18.33,1012,2.11,25,0.0,20,2,6
2020-02-04 22,14.22,67.22,11.77,10.7,15.0,1018,2.11,18,0.0,20,2,6
2020-02-04 23,14.68,64.35,10.25,10.57,12.6,1019,2.09,11,0.0,6,2,6
2020-02-05 00,14.02,67.83,11.04,10.85,13.0,1018,2.05,1,0.0,3,2,6
2020-02-05 01,13.42,71.05,10.57,9.9,13.0,1018,1.94,354,0.0,1,2,6
2020-02-05 02,11.75,81.6,9.93,9.71,12.0,1017,1.91,344,0.0,1,2,6
2020-02-05 03,10.65,88.38,9.04,9.23,11.0,1017,1.85,330,0.0,1,2,6
2020-02-05 04,9.65,94.0,8.46,8.0,11.0,1017,1.78,318,0.0,0,2,6
2020-02-05 05,9.12,96.18,7.91,8.0,11.0,1017,2.0,308,0.0,0,2,5
2020-02-05 06,9.18,97.33,7.68,9.33,10.0,1017,2.6,260,0.0,1,6,5
2020-02-05 07,9.05,97.0,7.75,8.4,9.55,1018,1.5,250,0.0,0,2,5
2020-02-05 08,9.88,93.88,7.49,9.38,10.6,1019,2.6,270,0.0,0,6,5
2020-02-05 09,13.65,72.32,9.62,8.4,12.0,1019,1.5,250,0.0,0,2,6
2020-02-05 10,16.17,61.17,13.56,14.0,19.44,1015,2.6,250,0.0,20,0,6
2020-02-05 11,19.23,42.08,15.51,16.6,19.44,1015,2.6,250,0.0,20,0,5
2020-02-05 12,20.2,37.65,16.41,18.3,19.4,1018,2.6,250,0.0,20,0,5
2020-02-05 13,20.9,36.6,16.96,19.0,21.2,1013,3.6,250,0.0,40,0,4
2020-02-05 14,21.27,33.7,17.57,20.0,21.2,1012,3.6,250,0.0,40,0,3
2020-02-05 15,20.9,35.4,16.59,18.23,21.2,1011,3.6,250,0.0,40,0,3
2020-02-05 16,20.05,39.1,17.38,17.0,19.0,1015,2.1,270,0.0,40,0,2
2020-02-05 17,19.23,42.62,16.46,17.0,18.48,1016,2.1,270,0.0,40,0,2
2020-02-05 18,17.7,50.53,16.16,17.0,18.0,1015,2.1,270,0.0,40,0,3
2020-02-05 19,16.38,55.55,13.99,15.75,16.6,1016,2.6,330,0.0,40,0,3
2020-02-05 20,15.57,59.05,13.83,12.43,15.0,1017,1.0,290,0.0,20,2,4
2020-02-05 21,15.12,62.73,14.02,12.39,15.0,1016,1.0,290,0.0,20,2,5
2020-02-05 22,14.62,65.72,11.27,10.6,14.0,1017,2.9,330,0.0,20,2,5
2020-02-05 23,13.8,69.78,9.77,10.6,12.4,1017,2.9,331,0.0,20,2,5
2020-02-06 00,12.85,74.25,9.72,10.6,12.0,1017,3.01,332,0.0,20,2,5
2020-02-06 01,12.52,77.32,10.2,9.0,12.0,1016,1.0,250,0.0,20,2,4
2020-02-06 02,12.02,78.58,9.28,9.0,11.0,1016,1.0,250,0.0,20,2,4
2020-02-06 03,11.97,75.62,8.36,7.74,10.0,1016,1.0,250,0.0,20,2,4
2020-02-06 04,11.4,77.92,7.08,7.2,9.0,1015,1.0,200,0.0,20,2,3
2020-02-06 05,11.03,79.9,6.96,7.2,9.0,1016,1.0,200,0.0,20,2,4
2020-02-06 06,9.82,84.9,7.12,7.2,9.0,1016,1.0,200,0.0,20,2,4
2020-02-06 07,9.35,90.65,6.36,8.0,10.0,1017,2.6,250,0.0,20,2,4
2020-02-06 08,9.9,90.53,7.05,8.25,10.0,1018,2.6,250,0.0,20,2,5
2020-02-06 09,11.97,79.9,7.61,8.53,10.0,1018,2.6,250,0.0,20,2,5
2020-02-06 10,14.45,67.45,11.71,13.0,17.2,1018,2.6,250,0.0,0,0,5
2020-02-06 11,17.0,54.15,13.52,15.0,17.2,1019,2.6,250,0.0,7,0,5
2020-02-06 12,18.3,40.72,14.03,16.0,17.2,1018,2.6,250,0.0,10,0,4
2020-02-06 13,19.3,36.02,14.61,17.0,18.8,1016,3.1,270,0.0,1,0,3
2020-02-06 14,20.0,33.93,15.98,18.8,19.18,1015,2.6,270,0.0,1,0,3
2020-02-06 15,20.15,32.3,16.05,17.55,20.0,1010,2.1,260,0.0,1,0,3
2020-02-06 16,20.25,32.85,16.58,16.4,19.2,1015,1.5,250,0.0,17,0,3
2020-02-06 17,18.98,38.33,16.31,16.4,19.2,1015,1.5,250,0.0,5,0,3
2020-02-06 18,17.35,44.33,15.75,15.0,20.0,1011,1.5,250,0.0,3,0,3
2020-02-06 19,15.68,52.2,12.87,11.6,16.76,1016,1.79,335,0.0,6,0,4
2020-02-06 20,13.35,64.28,10.29,11.18,12.69,1018,2.25,356,0.0,5,0,5
2020-02-06 21,13.03,66.92,10.58,11.0,13.0,1017,2.49,15,0.0,5,0,5
2020-02-06 22,11.93,74.88,9.39,9.53,12.0,1018,2.5,28,0.0,2,2,5
2020-02-06 23,11.35,79.38,8.42,9.06,11.0,1019,2.54,36,0.0,3,2,5
2020-02-07 00,11.25,79.2,8.53,9.18,11.0,1018,2.51,39,0.0,2,2,5
2020-02-07 01,10.25,82.85,7.21,8.15,10.0,1017,2.3,48,0.0,1,2,5
2020-02-07 02,8.92,92.18,6.8,7.56,10.0,1018,2.0,55,0.0,0,2,5
2020-02-07 03,8.47,95.7,7.77,7.49,10.0,1016,1.59,87,0.0,1,2,5
2020-02-07 04,8.55,96.92,7.67,6.8,10.0,1017,1.45,135,0.0,0,2,5
2020-02-07 05,8.9,93.85,8.13,8.4,10.25,1018,1.29,189,0.0,0,2,5
2020-02-07 06,8.0,95.85,7.87,9.0,10.2,1017,1.45,223,0.0,1,2,5
2020-02-07 07,7.93,97.3,7.73,6.8,10.0,1019,1.0,340,0.0,0,2,5
2020-02-07 08,8.75,96.92,7.24,6.8,10.0,1020,1.0,340,0.0,0,2,5
2020-02-07 09,12.93,76.55,8.42,6.8,11.0,1020,1.0,340,0.0,0,2,5
2020-02-07 10,16.2,58.1,13.13,13.0,18.2,1021,2.1,230,0.0,0,7,5
2020-02-07 11,17.85,49.9,15.33,14.0,20.0,1017,2.1,230,0.0,40,7,5
2020-02-07 12,18.3,47.75,15.54,15.0,20.0,1016,2.1,230,0.0,35,7,5
2020-02-07 13,19.35,43.53,16.58,16.0,20.0,1015,2.1,340,0.0,29,0,5
2020-02-07 14,19.9,41.92,18.28,19.0,20.0,1013,2.1,340,0.0,34,0,4
2020-02-07 15,19.85,42.65,17.37,17.75,19.6,1018,2.1,340,0.0,10,0,4
2020-02-07 16,19.55,42.05,17.53,16.8,19.0,1018,1.5,320,0.0,20,0,4
2020-02-07 17,18.92,41.6,16.63,16.8,18.89,1018,1.5,320,0.0,20,0,3
2020-02-07 18,17.35,42.0,15.54,16.0,18.6,1018,1.5,320,0.0,20,0,3
2020-02-07 19,15.95,49.2,13.9,12.6,15.0,1019,1.0,270,0.0,0,2,3
2020-02-07 20,14.93,55.27,11.95,12.11,13.0,1021,1.0,270,0.0,0,2,4
2020-02-07 21,14.33,59.62,12.72,12.21,14.0,1020,1.0,270,0.0,0,2,5
2020-02-07 22,13.6,65.9,11.68,9.4,14.0,1020,1.0,270,0.0,0,2,5
2020-02-07 23,12.4,74.5,9.65,9.4,11.4,1021,1.0,270,0.0,0,2,5
2020-02-08 00,10.9,84.45,10.44,9.4,12.0,1020,1.0,270,0.0,0,2,5
2020-02-08 01,10.35,90.47,8.47,8.4,11.0,1020,2.01,314,0.0,0,2,5
2020-02-08 02,11.95,81.22,7.73,9.4,10.0,1020,2.02,313,0.0,0,2,5
2020-02-08 03,11.72,80.8,6.75,8.2,9.0,1019,2.17,316,0.0,0,2,5
2020-02-08 04,12.22,78.45,7.57,8.29,9.4,1019,1.5,250,0.0,20,2,5
2020-02-08 05,11.85,80.25,7.62,8.4,9.4,1020,1.5,250,0.0,20,2,5
2020-02-08 06,11.52,82.45,7.59,8.37,9.4,1020,1.5,250,0.0,20,2,5
2020-02-08 07,11.07,83.3,8.18,8.34,10.0,1021,1.0,250,0.0,0,2,5
2020-02-08 08,11.38,82.42,8.04,8.0,10.0,1022,1.0,250,0.0,0,2,5
2020-02-08 09,12.8,75.72,8.93,9.24,10.0,1022,1.0,250,0.0,0,2,5
2020-02-08 10,15.35,65.5,12.03,12.0,19.44,1018,4.1,250,0.0,0,7,5
2020-02-08 11,17.78,57.1,14.04,14.8,19.44,1019,4.1,250,0.0,0,7,5
2020-02-08 12,19.42,49.12,14.45,16.0,18.89,1018,4.1,250,0.0,3,7,5
2020-02-08 13,20.73,42.62,18.58,19.0,20.6,1016,1.5,290,0.0,5,0,5
2020-02-08 14,21.75,36.9,19.39,20.0,20.97,1016,1.5,290,0.0,3,0,4
2020-02-08 15,22.02,32.8,19.02,19.39,20.6,1016,1.5,290,0.0,2,0,3
2020-02-08 16,21.73,33.4,17.45,18.0,20.8,1015,2.1,340,0.0,0,0,3
2020-02-08 17,20.62,33.17,17.84,18.0,20.8,1016,2.1,340,0.0,0,0,2
2020-02-08 18,18.73,42.3,15.89,17.78,19.6,1015,2.6,300,0.0,1,7,2
2020-02-08 19,17.02,54.55,14.99,16.02,18.89,1015,2.1,300,0.0,1,0,3
2020-02-08 20,16.38,57.95,12.43,12.8,14.6,1022,2.35,307,0.0,0,2,4
2020-02-08 21,15.68,61.35,13.75,12.8,16.0,1022,2.28,304,0.0,0,2,5
2020-02-08 22,14.85,67.78,11.33,10.2,14.0,1022,2.28,307,0.0,0,2,5
2020-02-08 23,14.2,71.9,9.06,10.2,11.8,1022,2.7,308,0.0,0,2,5
2020-02-09 00,13.62,75.2,8.41,10.17,10.98,1022,2.9,310,0.0,0,2,5
2020-02-09 01,13.35,76.57,8.82,8.8,12.0,1021,2.55,303,0.0,0,6,5
2020-02-09 02,13.15,77.15,8.38,8.79,11.0,1021,2.42,299,0.0,0,6,5
2020-02-09 03,12.28,81.4,7.65,8.4,10.0,1021,2.47,301,0.0,0,6,4
2020-02-09 04,10.93,87.6,6.88,7.4,10.0,1021,2.6,295,0.0,0,6,4
2020-02-09 05,9.68,94.62,6.71,7.4,10.0,1021,2.49,289,0.0,0,6,4
2020-02-09 06,9.22,97.22,7.11,8.5,9.0,1021,2.12,279,0.0,1,6,4
2020-02-09 07,9.1,98.45,7.73,8.71,9.2,1023,1.5,230,0.0,0,6,5
2020-02-09 08,11.0,94.0,8.49,8.54,11.0,1024,1.5,230,0.0,0,6,5
2020-02-09 09,12.9,82.03,10.12,9.2,12.0,1024,1.5,230,0.0,0,6,5
2020-02-09 10,15.6,69.15,13.82,13.0,17.8,1024,1.5,230,0.0,20,7,6
2020-02-09 11,18.7,56.12,17.02,16.2,19.44,1019,1.5,230,0.0,20,7,5
2020-02-09 12,20.1,47.23,16.5,16.0,19.44,1019,1.5,230,0.0,20,7,5
2020-02-09 13,21.2,36.65,18.03,19.0,22.2,1017,3.1,340,0.0,20,0,4
2020-02-09 14,22.1,32.1,19.13,20.56,22.2,1016,3.1,340,0.0,20,0,4
2020-02-09 15,22.88,29.62,17.53,19.86,21.4,1015,3.1,310,0.0,20,0,4
2020-02-09 16,22.9,26.68,20.22,18.8,21.0,1016,1.0,250,0.0,40,0,4
2020-02-09 17,21.38,28.0,19.57,18.8,20.6,1016,1.0,250,0.0,40,0,3
2020-02-09 18,19.42,33.77,18.63,18.0,20.6,1016,1.0,250,0.0,40,0,3
2020-02-09 19,17.23,46.25,14.95,13.6,17.0,1021,2.41,317,0.0,20,2,4
2020-02-09 20,16.62,51.0,12.94,12.92,15.0,1022,2.35,313,0.0,20,2,5
2020-02-09 21,16.07,55.33,12.94,12.96,15.0,1021,2.4,315,0.0,20,2,5
2020-02-09 22,15.25,58.35,12.05,10.6,15.0,1021,2.17,319,0.0,20,2,5
2020-02-09 23,12.7,72.0,9.62,10.31,12.4,1021,2.33,325,0.0,20,2,5
2020-02-10 00,11.98,77.97,10.55,10.44,13.0,1020,2.18,329,0.0,20,2,5
2020-02-10 01,11.55,81.72,10.05,9.26,13.0,1020,2.15,330,0.0,20,2,5
2020-02-10 02,11.1,84.7,8.17,9.07,10.6,1020,2.24,327,0.0,20,2,5
2020-02-10 03,10.68,89.78,8.54,8.18,11.0,1019,1.99,329,0.0,20,2,5
2020-02-10 04,9.85,93.65,6.39,7.4,9.0,1018,2.24,327,0.0,69,6,5
2020-02-10 05,9.22,96.6,5.66,7.94,8.38,1019,2.02,318,0.0,20,6,5
2020-02-10 06,9.15,98.08,6.3,7.95,8.39,1018,1.5,250,0.0,20,6,5
2020-02-10 07,9.45,98.72,6.93,7.0,10.0,1020,1.0,250,0.0,20,6,5
2020-02-10 08,11.15,95.38,8.15,8.0,10.0,1021,1.0,250,0.0,20,6,5
2020-02-10 09,13.6,81.55,8.41,8.8,10.01,1021,1.0,250,0.0,20,6,6
2020-02-10 10,16.4,66.3,12.51,10.0,19.44,1017,2.6,270,0.0,0,7,6
2020-02-10 11,18.7,56.67,14.82,14.0,19.44,1018,2.6,270,0.0,40,7,5
2020-02-10 12,20.5,45.5,15.32,15.0,20.0,1017,2.6,270,0.0,72,7,5
2020-02-10 13,21.55,35.08,15.82,15.0,21.4,1016,3.6,250,0.0,90,0,5
2020-02-10 14,22.05,32.75,18.2,18.6,21.4,1014,3.6,250,0.0,75,0,4
2020-02-10 15,22.45,31.3,17.19,19.49,21.0,1014,3.1,260,0.0,20,7,3
2020-02-10 16,22.0,32.47,20.01,19.0,20.56,1014,1.0,270,0.0,20,0,4
2020-02-10 17,21.48,33.7,19.15,18.6,20.0,1018,1.0,270,0.0,20,0,4
2020-02-10 18,19.5,36.28,18.32,18.0,19.6,1018,1.0,270,0.0,20,0,3
2020-02-10 19,17.48,44.83,15.97,12.8,19.44,1014,2.77,314,0.0,20,2,4
2020-02-10 20,15.75,53.12,11.76,12.68,13.8,1020,2.85,321,0.0,20,2,5
2020-02-10 21,12.95,68.32,12.05,12.46,14.0,1019,2.83,322,0.0,20,2,5
2020-02-10 22,12.12,74.78,10.09,9.8,13.0,1019,2.73,326,0.0,1,2,5
2020-02-10 23,11.9,77.83,8.94,9.8,11.6,1020,2.57,331,0.0,1,2,5
2020-02-11 00,11.2,81.62,9.56,9.8,12.0,1019,2.47,337,0.0,0,2,5
2020-02-11 01,10.45,84.85,8.12,8.4,11.0,1019,2.5,344,0.0,1,2,5
2020-02-11 02,9.75,90.27,8.18,8.4,11.0,1019,2.27,342,0.0,1,2,5
2020-02-11 03,10.28,88.28,8.25,8.33,11.0,1019,2.01,344,0.0,69,2,5
2020-02-11 04,9.97,89.93,7.12,7.0,11.0,1018,2.79,345,0.0,20,6,5
2020-02-11 05,9.57,93.27,6.64,7.0,10.0,1019,2.27,330,0.0,20,6,5
2020-02-11 06,8.97,94.7,6.34,7.0,9.0,1018,2.21,299,0.0,20,6,5
2020-02-11 07,8.67,97.0,7.28,8.0,9.0,1019,1.45,285,0.0,20,6,5
2020-02-11 08,9.62,97.62,7.68,8.0,11.0,1021,2.04,285,0.0,20,6,5
2020-02-11 09,14.3,76.97,9.38,6.6,13.0,1021,1.92,291,0.0,20,6,5
2020-02-11 10,17.65,59.48,16.12,16.0,18.89,1016,2.1,280,0.0,1,7,5
2020-02-11 11,19.57,50.3,17.67,18.6,20.2,1016,1.5,230,0.0,20,7,5
2020-02-11 12,21.3,40.5,16.1,18.6,19.44,1016,3.1,260,0.0,1,7,5
2020-02-11 13,22.15,34.17,20.28,21.0,22.6,1020,1.0,290,0.0,20,0,5
2020-02-11 14,22.45,32.65,20.41,21.0,22.6,1019,1.0,290,0.0,20,0,5
2020-02-11 15,22.82,33.83,17.78,20.0,21.2,1014,2.6,270,0.0,1,7,4
2020-02-11 16,23.27,30.5,20.28,19.8,21.0,1014,1.0,320,0.0,0,0,4
2020-02-11 17,21.95,33.23,19.64,19.2,20.6,1014,1.0,320,0.0,0,0,3
2020-02-11 18,19.93,39.58,19.05,18.39,20.6,1014,1.0,320,0.0,0,0,3
2020-02-11 19,17.77,50.3,16.92,13.8,20.0,1014,2.39,320,0.0,0,2,4
2020-02-11 20,15.73,62.73,13.9,13.28,17.0,1021,2.2,329,0.0,0,2,5
2020-02-11 21,15.38,65.67,15.52,13.02,19.44,1015,2.32,328,0.0,0,2,5
2020-02-11 22,15.3,64.95,11.83,11.12,15.0,1021,2.77,324,0.0,3,2,5
2020-02-11 23,14.93,69.57,10.72,10.63,14.0,1021,2.68,313,0.0,0,2,5
2020-02-12 00,13.15,81.88,11.52,10.86,14.0,1021,2.12,307,0.0,5,2,5
2020-02-12 01,12.43,87.4,9.84,9.99,12.0,1020,2.14,304,0.0,15,2,5
2020-02-12 02,12.02,89.45,9.72,10.21,12.0,1021,2.2,303,0.0,13,2,5
2020-02-12 03,11.6,91.33,9.26,9.63,11.0,1020,1.91,298,0.0,5,2,5
2020-02-12 04,11.3,93.32,9.04,9.67,11.0,1019,2.42,294,0.0,2,2,5
2020-02-12 05,12.65,86.2,8.29,10.0,10.4,1020,2.85,293,0.0,0,2,5
2020-02-12 06,12.78,82.62,8.29,10.0,10.4,1019,2.78,290,0.0,23,2,5
2020-02-12 07,12.3,85.08,9.6,10.0,10.58,1020,1.0,230,0.0,55,6,6
2020-02-12 08,13.32,80.08,10.07,10.0,11.0,1021,1.0,230,0.0,6,6,6
2020-02-12 09,15.07,73.45,11.06,10.0,12.0,1021,1.0,230,0.0,21,6,6
2020-02-12 10,18.02,62.85,17.44,16.0,20.0,1017,1.0,230,0.0,39,7,6
2020-02-12 11,20.62,53.03,19.25,18.8,20.0,1017,1.0,230,0.0,28,7,5
2020-02-12 12,22.1,44.12,20.34,19.8,21.0,1015,1.0,230,0.0,15,7,5
2020-02-12 13,23.43,37.82,20.47,22.0,24.2,1018,3.6,250,0.0,0,0,5
2020-02-12 14,24.35,31.12,21.32,23.0,24.2,1018,3.6,250,0.0,0,0,5
2020-02-12 15,24.77,32.73,20.57,21.97,24.2,1017,3.6,250,0.0,0,0,4
2020-02-12 16,24.75,33.42,21.21,21.11,23.0,1013,3.1,250,0.0,0,0,4
2020-02-12 17,23.6,37.4,20.53,21.11,22.6,1013,3.1,250,0.0,13,0,4
2020-02-12 18,21.93,44.17,19.82,20.0,22.6,1013,3.1,250,0.0,28,0,4
2020-02-12 19,20.4,50.62,18.73,18.0,21.67,1013,3.1,250,0.0,6,2,5
2020-02-12 20,19.67,53.17,16.05,16.0,18.0,1018,3.1,250,0.0,0,2,5
2020-02-12 21,19.25,55.27,15.48,16.0,18.0,1018,3.1,250,0.0,0,2,5
2020-02-12 22,19.12,56.35,14.47,15.54,17.0,1018,3.6,250,0.0,0,2,5
2020-02-12 23,18.47,59.9,13.99,15.0,17.0,1019,3.6,250,0.0,0,2,4
2020-02-13 00,17.7,63.88,12.98,14.0,17.0,1018,3.6,250,0.0,0,2,4
2020-02-13 01,17.2,65.05,12.51,13.85,14.26,1017,2.6,250,0.0,1,6,5
2020-02-13 02,16.98,60.95,12.95,13.0,15.6,1018,2.6,270,0.0,0,2,5
2020-02-13 03,16.4,59.45,11.6,13.0,13.55,1016,3.1,270,0.0,1,6,4
2020-02-13 04,15.68,63.58,10.37,12.0,14.2,1016,3.6,250,0.0,28,2,4
2020-02-13 05,15.05,66.1,10.61,12.0,14.2,1017,3.6,250,0.0,48,2,4
2020-02-13 06,14.62,66.6,10.44,12.0,14.2,1017,3.6,250,0.0,31,2,4
2020-02-13 07,14.47,66.45,10.28,11.0,14.0,1017,3.1,250,0.0,30,2,5
2020-02-13 08,15.02,65.25,11.23,12.6,14.0,1018,3.1,250,0.0,59,2,5
2020-02-13 09,16.75,58.85,12.3,12.6,15.0,1018,3.1,250,0.0,47,2,5
2020-02-13 10,19.45,48.45,16.61,18.0,22.4,1013,5.1,250,0.0,34,0,5
2020-02-13 11,21.95,40.8,18.72,20.6,22.4,1013,5.1,250,0.0,10,0,5
2020-02-13 12,24.48,36.3,19.18,21.67,22.64,1012,5.1,250,0.0,0,0,4
2020-02-13 13,26.62,33.9,23.95,24.0,27.4,1014,4.1,230,0.0,0,0,3
2020-02-13 14,28.2,31.7,23.3,26.0,26.8,1014,5.7,250,0.0,0,0,3
2020-02-13 15,28.5,31.82,25.3,24.54,27.4,1014,4.1,230,0.0,0,0,3
2020-02-13 16,28.15,34.22,25.42,24.0,27.0,1013,4.1,250,0.0,0,0,3
2020-02-13 17,26.95,37.1,24.39,24.0,26.0,1013,4.1,250,0.0,15,0,3
2020-02-13 18,24.9,42.2,23.73,24.0,25.2,1013,4.1,250,0.0,33,0,3
2020-02-13 19,23.2,47.8,20.16,20.0,22.65,1014,2.1,270,0.0,20,0,3
2020-02-13 20,22.05,51.67,19.57,19.9,21.0,1014,2.1,270,0.0,20,0,4
2020-02-13 21,21.07,51.15,19.43,19.67,21.0,1014,2.1,270,0.0,20,0,4
2020-02-13 22,20.38,48.88,18.01,17.83,19.8,1015,2.6,270,0.0,0,0,4
2020-02-13 23,19.4,55.1,17.72,17.68,19.8,1015,2.6,270,0.0,0,0,3
2020-02-14 00,18.9,57.08,17.93,17.57,19.8,1014,2.6,270,0.0,0,0,3
2020-02-14 01,18.2,58.38,16.99,16.2,18.0,1014,2.1,270,0.0,0,2,3
2020-02-14 02,17.45,60.65,15.64,15.82,16.2,1014,2.1,270,0.0,0,2,3
2020-02-14 03,16.85,64.75,15.18,14.67,16.2,1012,2.1,270,0.0,0,2,3
2020-02-14 04,16.33,68.28,14.68,14.52,16.0,1012,2.6,270,0.0,0,2,3
2020-02-14 05,15.85,70.68,13.85,13.6,16.0,1013,2.6,270,0.0,0,2,3
2020-02-14 06,15.48,72.25,13.95,14.32,15.0,1012,2.6,270,0.0,0,2,3
2020-02-14 07,15.15,73.1,13.46,12.0,15.8,1014,1.5,340,0.0,20,6,4
2020-02-14 08,15.47,69.25,10.08,12.0,15.8,1014,5.1,270,0.0,0,2,4
2020-02-14 09,17.07,60.05,11.54,13.8,15.0,1014,4.6,280,0.0,1,2,3
2020-02-14 10,20.05,48.6,16.21,18.0,22.4,1010,5.1,270,0.0,0,0,3
2020-02-14 11,22.2,42.52,18.06,20.0,22.4,1010,5.1,270,0.0,0,0,3
2020-02-14 12,23.65,38.68,18.47,21.0,22.4,1009,5.1,270,0.0,0,0,3
2020-02-14 13,24.55,33.28,19.88,22.0,24.6,1008,4.1,270,0.0,0,9,3
2020-02-14 14,25.05,27.48,20.8,22.78,24.6,1007,4.1,270,0.0,0,9,3
2020-02-14 15,25.25,27.17,20.44,21.69,24.6,1007,4.1,270,0.0,0,9,3
2020-02-14 16,24.8,29.85,20.78,21.0,24.0,1007,4.1,270,0.0,0,0,2
2020-02-14 17,23.68,32.95,19.8,21.0,22.8,1011,4.1,270,0.0,0,0,2
2020-02-14 18,21.9,36.85,20.14,21.0,23.89,1007,4.1,270,0.0,0,0,2
2020-02-14 19,20.55,40.92,17.96,18.8,20.15,1013,3.1,270,0.0,0,0,2
2020-02-14 20,19.75,41.58,16.4,18.04,18.8,1014,3.1,270,0.0,0,0,2
2020-02-14 21,19.02,44.1,15.44,17.0,18.8,1013,3.1,270,0.0,0,0,3
2020-02-14 22,18.5,45.72,13.92,15.36,16.4,1014,3.1,250,0.0,0,0,3
2020-02-14 23,17.98,46.58,12.76,15.0,15.53,1014,3.1,250,0.0,0,0,3
2020-02-15 00,17.55,47.97,11.38,14.0,15.02,1013,3.6,260,0.0,1,0,3
2020-02-15 01,17.23,48.62,10.82,13.48,14.0,1012,3.6,260,0.0,1,0,3
2020-02-15 02,16.88,49.5,10.65,13.0,13.44,1012,3.1,270,0.0,0,0,3
2020-02-15 03,16.23,50.3,9.05,11.73,12.02,1011,3.1,260,0.0,1,0,3
2020-02-15 04,15.48,49.58,8.47,11.0,12.8,1011,3.6,250,0.0,0,2,3
2020-02-15 05,14.85,49.4,8.81,11.0,12.8,1012,3.6,250,0.0,0,2,4
2020-02-15 06,14.43,48.92,8.9,11.0,12.8,1012,3.6,250,0.0,0,2,3
2020-02-15 07,14.88,44.92,7.4,10.0,13.6,1013,5.1,250,0.0,0,0,3
2020-02-15 08,15.3,43.38,8.11,10.6,13.6,1014,5.1,250,0.0,0,0,3
2020-02-15 09,17.18,38.08,9.43,12.2,14.0,1014,5.1,250,0.0,0,0,4
2020-02-15 10,19.38,33.7,16.28,18.0,21.8,1010,4.1,250,0.0,0,0,4
2020-02-15 11,21.12,31.68,17.96,20.0,22.22,1010,4.1,250,0.0,0,0,4
2020-02-15 12,23.38,28.45,19.55,21.4,23.0,1009,4.1,250,0.0,0,0,4
2020-02-15 13,25.2,25.43,21.42,23.97,25.0,1013,5.1,250,0.0,0,0,3
2020-02-15 14,25.93,25.62,21.74,24.0,25.07,1013,5.1,250,0.0,0,0,3
2020-02-15 15,26.45,25.02,21.42,22.78,25.0,1008,5.1,250,0.0,0,0,3
2020-02-15 16,26.33,23.98,21.83,22.0,25.0,1008,4.1,270,0.0,0,0,3
2020-02-15 17,25.38,24.65,21.51,22.8,24.4,1008,4.1,270,0.0,0,0,3
2020-02-15 18,23.65,29.23,19.07,22.0,23.89,1008,3.6,280,0.0,1,0,3
2020-02-15 19,21.77,34.48,16.75,19.15,20.0,1014,3.1,270,0.0,1,0,3
2020-02-15 20,20.45,39.12,15.23,15.82,18.2,1015,2.6,270,0.0,0,0,3
2020-02-15 21,19.3,43.62,14.3,15.83,17.0,1015,2.6,280,0.0,1,0,5
2020-02-15 22,18.77,46.62,15.42,12.8,17.0,1015,1.5,270,0.0,0,2,5
2020-02-15 23,18.05,50.72,14.14,14.56,16.0,1016,2.1,270,0.0,0,0,5
2020-02-16 00,17.38,53.3,12.74,14.2,15.0,1015,2.1,240,0.0,1,0,5
2020-02-16 01,16.25,58.15,11.08,13.23,14.0,1015,3.13,314,0.0,1,0,5
2020-02-16 02,14.62,67.35,11.38,13.06,14.2,1015,3.06,314,0.0,0,7,5
2020-02-16 03,13.55,73.45,9.77,11.37,13.0,1014,3.04,317,0.0,1,7,5
2020-02-16 04,15.12,66.38,11.25,10.4,13.0,1015,1.5,230,0.0,0,2,5
2020-02-16 05,13.15,77.65,9.47,11.4,12.0,1015,2.61,319,0.0,0,2,5
2020-02-16 06,12.35,82.58,9.81,11.28,12.0,1015,2.1,270,0.0,1,2,5
2020-02-16 07,12.32,82.33,10.44,11.76,12.6,1016,2.6,250,0.0,0,2,5
2020-02-16 08,13.45,74.43,10.66,11.8,12.61,1018,2.6,250,0.0,0,2,5
2020-02-16 09,16.43,60.05,12.7,11.8,15.0,1018,2.6,250,0.0,0,2,5
2020-02-16 10,19.73,48.97,18.18,18.0,22.6,1014,2.1,290,0.0,0,0,5
2020-02-16 11,22.32,40.83,20.0,21.0,22.6,1014,2.1,290,0.0,0,0,5
2020-02-16 12,24.02,36.65,21.23,21.9,23.0,1013,2.1,290,0.0,0,0,5
2020-02-16 13,25.5,32.85,24.1,24.0,26.4,1016,1.5,340,0.0,0,0,5
2020-02-16 14,26.55,27.77,25.08,24.8,26.51,1016,1.5,340,0.0,0,0,5
2020-02-16 15,27.0,26.72,21.39,23.83,25.0,1015,3.6,310,0.0,1,0,3
2020-02-16 16,27.02,26.43,24.08,23.2,25.4,1011,2.1,250,0.0,0,0,3
2020-02-16 17,25.88,29.0,21.86,23.2,24.44,1010,3.1,320,0.0,0,0,3
2020-02-16 18,23.88,32.77,20.99,21.46,23.89,1011,2.1,300,0.0,1,0,3
2020-02-16 19,20.27,44.97,19.24,16.0,22.0,1017,3.16,313,0.0,0,2,3
2020-02-16 20,17.72,57.22,16.04,15.08,19.0,1017,3.11,312,0.0,0,2,3
2020-02-16 21,16.38,68.33,15.8,15.01,18.0,1017,3.1,308,0.0,0,2,4
2020-02-16 22,15.5,75.22,14.98,12.8,16.0,1017,1.0,200,0.0,0,2,5
2020-02-16 23,15.05,77.48,13.15,12.26,14.0,1018,1.0,200,0.0,0,2,5
2020-02-17 00,14.1,82.45,12.81,12.25,13.0,1017,1.0,200,0.0,4,2,5
2020-02-17 01,13.2,89.28,12.12,11.2,13.0,1017,1.0,180,0.0,10,2,5
2020-02-17 02,12.7,93.05,11.92,10.98,13.0,1017,1.0,180,0.0,3,2,5
2020-02-17 03,12.35,95.8,11.63,9.84,13.0,1017,1.0,180,0.0,0,2,5
2020-02-17 04,12.72,95.4,9.85,9.79,12.0,1017,2.26,327,0.0,0,6,5
2020-02-17 05,12.75,93.53,10.23,10.4,12.4,1017,2.12,318,0.0,0,6,6
2020-02-17 06,12.28,93.53,10.21,10.4,12.0,1017,2.02,302,0.0,0,6,6
2020-02-17 07,12.77,93.35,10.6,9.4,12.8,1018,2.1,250,0.0,0,6,5
2020-02-17 08,14.4,83.8,12.17,12.24,14.4,1019,2.1,250,0.0,0,6,6
2020-02-17 09,17.3,72.45,14.07,12.8,15.63,1019,2.1,250,0.0,0,6,6
2020-02-17 10,20.45,59.65,18.15,18.0,22.8,1015,2.6,250,0.0,0,0,6
2020-02-17 11,23.05,47.75,20.18,20.56,22.93,1016,2.6,250,0.0,0,0,5
2020-02-17 12,24.73,35.65,21.57,22.51,23.41,1014,2.6,250,0.0,0,0,5
2020-02-17 13,26.12,29.45,21.38,23.89,26.2,1018,4.6,270,0.0,0,0,4
2020-02-17 14,26.85,26.3,21.95,23.33,26.91,1013,4.6,270,0.0,0,0,3
2020-02-17 15,27.35,22.25,19.9,23.33,25.0,1011,5.1,280,0.0,1,0,3
2020-02-17 16,27.02,19.45,23.1,22.8,25.2,1012,3.1,270,0.0,0,0,3
2020-02-17 17,25.95,23.4,22.66,22.8,25.2,1012,3.1,270,0.0,0,0,2
2020-02-17 18,24.18,27.77,21.17,21.0,25.2,1012,3.1,270,0.0,0,0,2
2020-02-17 19,22.25,31.52,16.64,19.0,20.6,1017,3.1,260,0.0,1,0,2
2020-02-17 20,21.12,35.9,17.28,16.91,18.4,1017,1.5,250,0.0,0,0,3
2020-02-17 21,19.12,43.85,16.4,16.47,17.15,1017,1.5,250,0.0,0,0,4
2020-02-17 22,19.02,43.9,14.29,14.18,16.0,1017,1.5,250,0.0,0,0,5
2020-02-17 23,17.93,46.92,14.11,14.28,16.0,1018,1.5,250,0.0,0,0,5
2020-02-18 00,16.62,50.62,13.7,14.23,15.0,1017,1.5,250,0.0,0,0,5
2020-02-18 01,16.48,51.48,13.23,12.7,15.0,1016,1.5,250,0.0,0,2,5
2020-02-18 02,15.32,55.07,12.26,12.28,14.0,1016,1.5,250,0.0,0,2,4
2020-02-18 03,14.27,58.12,11.46,11.16,13.0,1015,1.5,250,0.0,0,2,4
2020-02-18 04,15.05,53.25,10.42,11.11,12.0,1015,1.5,250,0.0,0,2,4
2020-02-18 05,14.97,53.4,10.34,11.4,12.0,1015,1.5,250,0.0,0,2,4
2020-02-18 06,15.15,54.1,9.94,11.0,12.0,1015,1.5,250,0.0,0,2,5
2020-02-18 07,14.88,55.58,10.29,10.4,13.2,1016,1.5,250,0.0,20,2,5
2020-02-18 08,15.38,54.62,10.95,11.8,13.2,1017,1.5,250,0.0,20,2,5
2020-02-18 09,17.45,46.95,13.13,12.6,15.0,1016,1.5,250,0.0,20,2,5
2020-02-18 10,21.2,35.43,17.7,18.0,22.78,1012,3.6,250,0.0,0,0,5
2020-02-18 11,23.33,29.73,19.47,20.8,22.88,1012,3.6,250,0.0,0,0,5
2020-02-18 12,25.1,27.15,20.51,22.0,23.21,1011,3.6,250,0.0,0,0,4
2020-02-18 13,26.52,23.17,22.77,24.0,25.92,1014,3.1,270,0.0,0,0,4
2020-02-18 14,27.58,21.05,23.79,24.8,26.84,1013,3.1,270,0.0,0,0,3
2020-02-18 15,27.67,20.6,23.03,24.24,25.22,1008,3.1,270,0.0,0,0,3
2020-02-18 16,27.3,19.55,24.81,23.89,25.07,1008,1.5,250,0.0,0,0,3
2020-02-18 17,26.03,22.88,24.2,23.8,25.0,1008,1.5,250,0.0,0,0,3
2020-02-18 18,24.15,25.5,23.14,21.34,25.0,1008,1.5,250,0.0,9,0,3
2020-02-18 19,21.02,34.62,18.79,16.4,21.0,1013,3.07,278,0.0,28,2,3
2020-02-18 20,17.65,47.77,16.21,14.44,20.0,1014,3.31,275,0.0,42,2,3
2020-02-18 21,15.78,59.33,15.94,14.88,18.0,1014,3.26,275,0.0,12,2,4
2020-02-18 22,14.7,67.95,15.51,12.6,18.0,1014,2.63,279,0.0,51,2,5
2020-02-18 23,13.4,78.12,14.58,14.6,16.24,1015,1.66,288,0.0,67,2,5
2020-02-19 00,12.95,84.0,14.02,15.0,15.99,1013,0.92,329,0.0,1,0,5
2020-02-19 01,12.62,86.67,13.64,14.05,15.0,1013,0.79,13,0.0,1,0,5
2020-02-19 02,12.02,90.35,13.08,13.2,14.27,1014,1.03,67,0.0,86,2,5
2020-02-19 03,12.0,91.62,11.28,11.38,13.0,1013,2.4,82,0.0,91,2,5
2020-02-19 04,11.9,92.08,10.15,9.2,13.0,1013,2.32,104,0.0,90,2,5
2020-02-19 05,11.4,94.18,8.63,9.2,11.42,1013,2.19,117,0.0,48,2,5
2020-02-19 06,11.02,95.35,10.12,9.2,13.0,1013,2.31,128,0.0,44,2,5
2020-02-19 07,10.9,95.75,12.05,10.6,13.4,1014,1.0,230,0.0,20,2,5
2020-02-19 08,13.53,83.65,11.87,10.6,13.4,1015,1.0,230,0.0,20,2,6
2020-02-19 09,19.45,47.28,16.55,10.6,20.0,1015,1.0,230,0.0,20,2,5
2020-02-19 10,21.75,36.38,16.79,20.69,22.78,1010,5.7,130,0.0,20,0,5
2020-02-19 11,23.52,31.15,21.53,22.1,24.4,1011,2.6,90,0.0,20,0,4
2020-02-19 12,24.45,28.15,22.4,22.6,25.0,1010,2.6,90,0.0,20,0,4
2020-02-19 13,25.4,25.25,23.41,24.0,26.2,1013,4.1,90,0.0,40,0,3
2020-02-19 14,25.57,27.48,23.51,23.89,26.2,1008,4.1,90,0.0,40,0,3
2020-02-19 15,25.4,33.15,23.15,23.11,26.2,1007,4.1,90,0.0,40,0,3
2020-02-19 16,25.15,35.98,23.13,23.17,25.0,1007,5.1,90,0.0,40,0,3
2020-02-19 17,24.0,42.92,22.56,23.02,24.44,1008,5.1,90,0.0,40,0,4
2020-02-19 18,22.8,47.8,23.27,22.68,25.0,1007,3.6,100,0.0,40,0,4
2020-02-19 19,21.8,51.35,21.06,20.0,21.6,1013,2.6,90,0.0,40,2,4
2020-02-19 20,21.0,57.5,20.03,18.49,21.0,1013,2.6,90,0.0,40,2,5
2020-02-19 21,20.65,54.5,19.64,18.76,20.0,1013,2.6,90,0.0,40,2,5
2020-02-19 22,20.0,54.45,19.25,17.4,20.0,1014,2.1,90,0.0,40,2,5
2020-02-19 23,19.5,54.33,18.33,17.29,19.0,1014,2.1,90,0.0,40,2,4
2020-02-20 00,19.08,54.07,17.83,17.31,18.0,1014,2.1,90,0.0,40,2,4
2020-02-20 01,19.15,46.65,17.07,15.6,17.0,1013,1.0,70,0.0,40,2,4
2020-02-20 02,19.2,50.65,17.08,15.6,17.4,1013,1.0,70,0.0,40,2,4
2020-02-20 03,18.43,57.27,16.8,15.42,17.0,1013,1.0,70,0.0,40,2,4
2020-02-20 04,17.5,61.95,15.14,14.8,16.0,1012,2.1,90,0.0,40,2,5
2020-02-20 05,16.68,66.97,15.35,14.8,16.4,1014,2.1,90,0.0,40,2,5
2020-02-20 06,16.43,69.15,15.23,14.8,16.0,1013,2.1,90,0.0,40,2,5
2020-02-20 07,16.25,69.52,14.7,14.0,16.43,1014,2.6,90,0.0,40,2,5
2020-02-20 08,17.45,61.73,15.33,14.0,18.0,1015,2.6,90,0.0,40,2,5
2020-02-20 09,19.35,54.17,16.99,14.0,20.0,1014,2.6,90,0.0,40,2,5
2020-02-20 10,21.7,46.48,20.19,21.33,24.2,1010,5.1,90,0.0,40,0,5
2020-02-20 11,23.55,40.38,22.13,23.33,25.0,1010,5.1,90,0.0,40,0,4
2020-02-20 12,25.32,35.65,24.23,23.4,26.0,1010,2.6,100,0.0,40,0,4
2020-02-20 13,26.35,32.73,24.26,25.6,26.19,1012,4.1,100,0.0,40,0,3
2020-02-20 14,26.83,32.65,23.46,25.6,27.2,1012,6.2,90,0.0,40,0,3
2020-02-20 15,26.88,34.17,22.66,23.97,27.2,1006,6.2,90,0.0,40,0,3
2020-02-20 16,26.15,35.03,24.64,23.92,25.4,1005,3.6,90,0.0,40,0,3
2020-02-20 17,25.33,37.23,24.37,23.95,25.56,1006,3.6,90,0.0,40,0,3
2020-02-20 18,24.12,45.38,23.7,22.8,25.56,1006,3.6,90,0.0,40,0,3
2020-02-20 19,23.0,51.52,22.54,21.8,25.0,1007,4.1,90,0.0,40,0,3
2020-02-20 20,22.4,55.65,21.11,20.41,22.97,1012,4.1,90,0.0,40,0,4
2020-02-20 21,21.9,60.35,20.05,19.19,21.8,1012,4.1,90,0.0,40,0,4
2020-02-20 22,21.42,63.43,21.64,17.95,21.0,1015,2.6,50,3.0,90,5,5
2020-02-20 23,20.8,69.62,18.65,17.98,18.23,1015,2.6,50,1.0,40,5,5
2020-02-21 00,18.68,87.72,19.56,18.0,19.2,1014,2.6,50,5.0,90,5,5
2020-02-21 01,18.5,83.75,17.74,16.77,17.56,1014,2.6,50,2.0,90,5,5
2020-02-21 02,17.98,86.22,17.9,16.82,17.5,1013,2.6,50,2.0,90,5,5
2020-02-21 03,18.2,77.32,17.49,16.26,17.4,1013,2.6,50,3.0,90,5,5
2020-02-21 04,18.38,67.92,16.99,16.37,18.0,1013,3.1,90,0.0,40,2,4
2020-02-21 05,17.3,76.67,16.34,16.53,17.2,1014,3.1,90,0.0,40,2,2
2020-02-21 06,16.73,77.2,16.43,16.88,17.2,1014,3.1,90,0.0,40,2,2
2020-02-21 07,15.68,82.6,14.11,16.0,16.6,1016,4.6,70,0.0,40,2,2
2020-02-21 08,15.88,83.03,13.93,15.8,16.6,1017,4.6,70,0.0,40,2,1
2020-02-21 09,16.92,76.67,14.11,14.6,17.0,1017,4.6,70,0.0,40,2,2
2020-02-21 10,17.9,72.62,17.55,15.2,22.22,1014,3.6,70,0.0,75,0,2
2020-02-21 11,18.73,68.98,17.67,15.2,20.0,1018,3.6,70,0.0,75,0,2
2020-02-21 12,19.18,67.97,17.12,15.2,20.0,1018,3.6,70,0.0,75,0,2
2020-02-21 13,18.65,68.82,17.51,15.4,19.0,1017,3.1,70,0.0,90,2,2
2020-02-21 14,17.85,70.1,16.94,15.4,19.65,1017,3.1,70,0.0,90,2,1
2020-02-21 15,17.35,72.97,16.32,15.4,18.2,1017,3.1,70,0.0,90,2,1
2020-02-21 16,16.75,77.22,15.55,15.99,18.0,1017,4.1,50,0.0,75,2,1
2020-02-21 17,16.93,76.03,15.12,16.0,17.6,1018,4.1,50,0.0,75,2,2
2020-02-21 18,16.88,75.6,15.32,16.0,17.76,1018,4.1,50,0.0,75,2,2
2020-02-21 19,16.27,78.82,16.56,15.8,17.39,1019,1.5,20,0.0,40,2,2
2020-02-21 20,16.0,80.45,15.76,15.0,16.91,1020,1.5,20,0.0,40,2,2
2020-02-21 21,15.57,82.58,15.74,15.0,16.9,1020,1.5,20,0.0,40,2,2
2020-02-21 22,15.23,84.75,14.89,14.0,15.46,1021,1.0,320,0.0,40,2,2
2020-02-21 23,15.12,86.92,14.85,14.0,15.45,1021,1.0,320,0.0,40,2,3
2020-02-22 00,14.75,88.6,14.9,14.0,15.43,1021,1.0,320,0.0,40,2,4
2020-02-22 01,14.88,88.7,14.66,14.0,14.73,1020,1.0,340,0.0,40,2,5
2020-02-22 02,14.82,88.08,14.83,13.8,15.55,1021,1.0,340,0.0,40,2,5
2020-02-22 03,14.78,87.15,14.01,13.0,14.87,1020,1.0,340,0.0,40,2,5
2020-02-22 04,14.85,86.28,14.14,13.0,15.23,1020,1.0,20,0.0,40,2,2
2020-02-22 05,15.15,84.3,14.29,12.8,15.95,1021,1.0,20,0.0,40,2,2
2020-02-22 06,15.03,84.57,14.31,13.0,15.79,1020,1.0,20,0.0,40,2,2
2020-02-22 07,15.1,84.27,15.15,14.0,16.08,1021,1.0,20,0.0,40,2,3
2020-02-22 08,15.42,83.12,15.43,14.2,15.8,1022,1.0,20,0.0,40,2,3
2020-02-22 09,16.68,77.45,16.42,14.2,17.0,1022,1.0,20,0.0,40,2,3
2020-02-22 10,18.73,68.8,20.29,18.02,22.22,1018,1.0,50,0.0,20,0,3
2020-02-22 11,21.02,59.6,21.61,20.23,22.2,1022,1.0,50,0.0,20,0,3
2020-02-22 12,22.62,54.07,21.49,20.07,22.2,1022,1.0,50,0.0,20,0,2
2020-02-22 13,23.17,52.75,20.88,21.95,23.2,1015,3.1,80,0.0,40,0,2
2020-02-22 14,23.75,51.85,23.14,22.4,24.4,1015,3.1,50,0.0,20,0,2
2020-02-22 15,24.0,50.88,23.39,21.88,24.4,1014,3.1,50,0.0,20,0,2
2020-02-22 16,23.97,50.58,23.65,21.88,23.33,1014,1.5,20,0.0,20,0,2
2020-02-22 17,23.5,52.27,23.28,21.0,23.2,1018,1.5,20,0.0,20,0,2
2020-02-22 18,22.27,56.48,23.5,21.0,23.91,1014,1.5,20,0.0,20,0,2
2020-02-22 19,19.98,67.35,23.43,18.6,23.89,1014,1.39,336,0.0,20,2,2
2020-02-22 20,18.43,76.22,20.25,17.89,19.89,1020,1.44,319,0.0,20,2,3
2020-02-22 21,17.48,82.9,19.48,17.97,19.6,1020,1.68,308,0.0,20,2,4
2020-02-22 22,17.2,86.42,17.47,16.2,17.0,1020,1.87,309,0.0,20,2,5
2020-02-22 23,17.17,86.9,17.16,16.09,17.0,1020,2.07,319,0.0,20,2,5
2020-02-23 00,17.45,84.2,17.37,16.12,17.0,1020,1.93,331,0.0,20,2,5
2020-02-23 01,17.77,81.33,15.85,14.8,16.0,1019,1.9,338,0.0,20,2,5
2020-02-23 02,15.93,90.28,15.93,14.8,16.4,1019,2.0,341,0.0,20,2,5
2020-02-23 03,15.95,90.58,15.77,14.63,16.0,1019,1.81,345,0.0,20,2,5
2020-02-23 04,15.72,90.43,15.53,14.0,16.0,1018,1.72,340,0.0,20,2,5
2020-02-23 05,15.88,90.97,15.26,14.0,16.0,1019,1.6,337,0.0,20,2,5
2020-02-23 06,15.62,90.5,15.61,14.0,16.0,1018,1.6,338,0.0,20,2,5
2020-02-23 07,15.55,91.8,16.2,15.1,17.0,1019,2.17,348,0.0,40,2,5
2020-02-23 08,16.65,87.05,15.81,14.98,16.2,1020,1.77,359,0.0,40,2,5
2020-02-23 09,18.73,77.53,17.69,15.22,19.0,1020,1.68,11,0.0,40,2,5
2020-02-23 10,21.6,64.85,22.64,19.99,24.8,1016,1.0,90,0.0,40,7,5
2020-02-23 11,24.3,52.6,23.81,22.4,24.0,1015,2.1,270,0.0,40,7,5
2020-02-23 12,25.65,45.48,25.44,22.94,25.0,1015,1.0,90,0.0,40,7,5
2020-02-23 13,26.42,41.82,23.91,23.89,25.0,1013,2.1,290,0.0,40,7,4
2020-02-23 14,26.18,43.68,24.16,23.89,26.0,1012,3.1,270,0.0,40,7,3
2020-02-23 15,26.25,43.6,22.89,22.78,25.0,1011,3.1,290,0.0,40,7,3
2020-02-23 16,26.42,42.8,25.5,22.94,25.0,1011,1.5,290,0.0,40,0,3
2020-02-23 17,25.52,44.73,24.85,22.34,24.44,1012,1.5,290,0.0,40,0,3
2020-02-23 18,23.8,54.88,24.33,22.99,24.2,1016,1.5,290,0.0,40,0,3
2020-02-23 19,22.5,62.15,25.05,20.2,24.44,1011,1.5,340,0.0,20,2,3
2020-02-23 20,21.7,67.42,22.01,18.2,21.0,1017,1.5,340,0.0,20,2,4
2020-02-23 21,20.35,66.75,21.34,18.04,20.2,1017,1.5,340,0.0,20,2,4
2020-02-23 22,18.68,65.08,18.88,15.44,19.0,1017,1.0,50,0.0,40,2,3
2020-02-23 23,17.2,72.03,17.67,15.24,18.0,1017,1.0,50,0.0,40,2,2
2020-02-24 00,15.98,80.0,18.19,15.64,18.0,1016,1.0,50,0.0,40,2,2
2020-02-24 01,15.5,83.9,16.48,14.91,17.0,1016,1.81,312,0.0,40,2,2
2020-02-24 02,15.75,84.75,15.25,14.8,16.0,1016,2.28,318,0.0,40,2,3
2020-02-24 03,16.3,79.58,15.22,13.64,16.0,1015,2.03,325,0.0,40,2,5
2020-02-24 04,15.25,83.38,15.31,13.6,16.0,1015,1.0,320,0.0,40,2,5
2020-02-24 05,15.1,83.7,14.05,13.56,14.4,1015,1.0,320,0.0,40,2,3
2020-02-24 06,14.82,84.53,14.62,13.58,15.0,1015,1.0,320,0.0,40,2,4
2020-02-24 07,14.88,83.38,14.87,13.6,15.0,1016,1.0,250,0.0,0,2,3
2020-02-24 08,16.0,79.1,14.66,13.6,15.0,1017,1.0,250,0.0,4,2,2
2020-02-24 09,18.75,66.3,17.21,13.6,19.0,1017,1.0,250,0.0,0,2,3
2020-02-24 10,21.82,52.42,21.19,19.54,23.8,1012,2.1,20,0.0,0,0,4
2020-02-24 11,23.67,44.2,22.42,22.0,23.8,1012,2.1,20,0.0,0,0,3
2020-02-24 12,25.17,40.75,22.96,22.55,23.89,1011,2.1,20,0.0,16,0,3
2020-02-24 13,26.02,37.77,25.2,23.89,26.0,1010,1.5,270,0.0,20,0,2
2020-02-24 14,26.9,35.95,25.68,23.89,26.0,1009,1.5,270,0.0,20,0,2
2020-02-24 15,27.48,35.73,22.06,23.06,25.4,1008,3.6,310,0.0,1,0,2
2020-02-24 16,26.93,34.05,24.8,23.0,24.44,1008,1.5,270,0.0,20,0,2
2020-02-24 17,25.43,36.7,24.56,23.0,24.44,1008,1.5,270,0.0,20,0,2
2020-02-24 18,23.77,48.62,24.21,22.66,24.44,1009,1.5,270,0.0,20,0,2
2020-02-24 19,22.43,55.55,21.97,20.2,21.0,1013,2.04,304,0.0,9,2,3
2020-02-24 20,21.65,61.8,20.95,18.94,21.0,1014,2.1,299,0.0,6,2,3
2020-02-24 21,21.05,65.47,21.3,19.12,21.0,1014,2.29,299,0.0,6,2,5
2020-02-24 22,20.48,69.03,19.75,17.09,20.0,1014,2.2,299,0.0,10,2,5
2020-02-24 23,19.65,73.9,18.28,16.61,18.4,1014,2.22,307,0.0,6,2,4
2020-02-25 00,19.02,75.1,18.1,16.68,18.0,1013,2.34,314,0.0,7,2,5
2020-02-25 01,18.8,76.6,16.81,15.6,17.0,1013,2.18,320,0.0,3,2,5
2020-02-25 02,18.2,80.05,16.0,15.52,16.0,1013,2.14,321,0.0,4,2,5
2020-02-25 03,18.15,78.95,14.58,14.45,15.0,1012,2.1,250,0.0,1,6,5
2020-02-25 04,17.9,79.72,14.7,14.43,15.0,1012,2.17,317,0.0,1,6,5
2020-02-25 05,17.05,84.08,15.02,14.6,15.3,1013,1.87,306,0.0,1,6,5
2020-02-25 06,16.43,87.8,14.61,14.0,15.19,1013,1.63,297,0.0,0,6,5
2020-02-25 07,16.55,88.08,15.45,14.0,15.43,1015,1.0,250,0.0,1,6,5
2020-02-25 08,17.52,83.28,15.91,14.74,15.4,1016,1.0,250,0.0,1,6,5
2020-02-25 09,19.12,75.17,16.47,14.69,16.0,1016,1.0,250,0.0,1,6,5
2020-02-25 10,21.07,67.35,19.55,19.0,22.6,1016,2.6,250,0.0,1,7,5
2020-02-25 11,23.0,59.95,21.16,20.6,22.6,1016,2.6,250,0.0,2,7,5
2020-02-25 12,24.82,53.77,22.8,20.6,23.89,1010,2.6,250,0.0,8,7,5
2020-02-25 13,25.58,48.3,23.05,23.0,24.44,1008,3.6,280,0.0,1,7,5
2020-02-25 14,26.43,43.45,24.24,23.0,25.8,1009,2.6,270,0.0,31,0,4
2020-02-25 15,26.73,40.35,24.36,23.0,25.8,1008,2.6,270,0.0,14,0,4
2020-02-25 16,27.03,34.42,25.06,22.6,25.0,1007,1.0,290,0.0,13,0,3
2020-02-25 17,26.35,32.73,24.43,22.6,25.0,1008,1.0,290,0.0,19,0,2
2020-02-25 18,24.4,39.9,23.72,22.6,24.4,1012,1.0,290,0.0,13,0,2
2020-02-25 19,22.77,50.9,22.09,18.8,22.0,1013,2.61,324,0.0,8,2,3
2020-02-25 20,21.67,58.38,19.72,18.02,20.2,1014,2.51,316,0.0,3,2,4
2020-02-25 21,20.05,68.38,20.79,18.01,21.0,1014,2.37,319,0.0,7,2,5
2020-02-25 22,19.27,74.85,18.8,16.49,19.0,1014,2.19,333,0.0,3,2,5
2020-02-25 23,18.73,79.67,18.57,15.91,19.0,1014,1.89,346,0.0,2,2,5
2020-02-26 00,17.4,87.53,18.78,15.96,19.0,1014,1.95,350,0.0,0,2,5
2020-02-26 01,17.05,91.57,17.67,14.8,18.0,1014,1.62,328,0.0,1,2,5
2020-02-26 02,16.5,94.05,16.57,14.28,17.0,1014,1.66,306,0.0,0,2,5
2020-02-26 03,16.48,94.88,16.69,13.87,17.0,1014,1.58,351,0.0,0,2,5
2020-02-26 04,15.93,95.35,16.11,13.8,16.0,1013,0.9,44,0.0,0,6,5
2020-02-26 05,15.7,95.72,15.84,14.0,16.0,1014,0.76,100,0.0,21,6,5
2020-02-26 06,15.4,95.2,16.57,14.0,16.0,1013,0.53,119,0.0,62,6,5
2020-02-26 07,15.1,96.75,16.05,13.6,16.0,1015,1.5,200,0.0,80,6,5
2020-02-26 08,16.93,91.3,16.35,15.0,16.4,1016,1.5,200,0.0,73,6,5
2020-02-26 09,19.48,78.05,17.28,13.6,18.0,1016,1.5,200,0.0,65,6,5
2020-02-26 10,21.9,68.78,22.37,20.03,24.6,1011,1.5,230,0.0,1,7,5
2020-02-26 11,24.32,58.53,23.93,21.6,24.6,1011,1.5,230,0.0,5,7,5
2020-02-26 12,25.8,50.45,24.5,21.6,24.6,1011,1.5,230,0.0,23,7,5
2020-02-26 13,27.03,43.25,22.94,23.8,25.64,1008,3.6,290,0.0,1,7,5
2020-02-26 14,27.7,35.48,23.9,23.8,27.2,1009,4.1,250,0.0,20,0,4
2020-02-26 15,28.23,29.43,23.78,23.74,27.2,1008,4.1,250,0.0,20,0,3
2020-02-26 16,27.88,28.82,25.79,22.4,26.4,1008,1.5,250,0.0,26,0,3
2020-02-26 17,26.95,31.17,25.32,22.4,26.4,1009,1.5,250,0.0,20,0,2
2020-02-26 18,24.93,38.72,21.98,22.36,25.0,1008,2.1,300,0.0,20,0,3
2020-02-26 19,22.6,53.12,21.79,19.6,23.1,1014,1.92,55,0.0,7,2,3
2020-02-26 20,21.9,66.42,20.71,18.64,21.21,1015,1.97,75,0.0,4,2,5
2020-02-26 21,20.93,65.45,20.18,18.8,21.56,1015,2.3,86,0.0,5,2,5
2020-02-26 22,20.12,73.07,19.29,17.58,20.15,1016,2.43,94,0.0,98,2,5
2020-02-26 23,19.38,83.5,17.87,17.31,18.43,1016,2.41,101,0.0,99,2,5
2020-02-27 00,18.55,87.5,17.56,16.98,18.2,1016,2.39,102,0.0,98,2,5
2020-02-27 01,18.02,88.65,17.66,15.57,17.0,1015,1.0,90,0.0,90,2,5
2020-02-27 02,17.52,88.45,17.48,15.56,17.0,1015,1.0,90,0.0,95,2,5
2020-02-27 03,16.48,92.8,16.48,14.0,16.2,1014,1.0,90,0.0,45,2,4
2020-02-27 04,16.15,93.1,15.58,14.05,16.0,1014,1.93,172,0.0,86,2,4
2020-02-27 05,15.43,96.25,15.36,14.12,16.0,1015,2.18,163,0.0,96,2,4
2020-02-27 06,15.92,95.85,15.68,13.99,16.0,1014,1.8,133,0.0,99,2,4
2020-02-27 07,15.68,94.25,16.44,14.4,16.2,1016,1.0,140,0.0,20,2,4
2020-02-27 08,16.93,91.03,16.76,14.4,17.0,1016,1.0,140,0.0,20,2,4
2020-02-27 09,19.52,77.03,19.42,14.4,21.0,1017,1.0,140,0.0,20,2,4
2020-02-27 10,22.18,65.75,22.29,19.78,24.44,1012,2.6,140,0.0,40,0,5
2020-02-27 11,24.02,57.65,23.4,21.6,24.44,1012,2.6,140,0.0,40,0,5
2020-02-27 12,24.45,55.22,24.07,21.6,25.0,1011,2.6,140,0.0,40,0,4
2020-02-27 13,25.2,51.7,24.1,23.8,25.38,1015,2.6,120,0.0,40,7,4
2020-02-27 14,26.27,47.35,28.18,24.8,26.8,1008,1.0,110,0.0,40,0,3
2020-02-27 15,27.38,40.75,27.38,23.8,26.8,1009,1.0,110,0.0,40,0,3
2020-02-27 16,27.38,40.3,28.24,22.8,27.0,1008,1.5,70,0.0,40,0,3
2020-02-27 17,26.48,44.22,28.01,24.09,26.0,1008,1.5,70,0.0,40,0,3
2020-02-27 18,24.65,52.27,26.58,22.77,25.6,1009,1.5,70,0.0,40,0,3
2020-02-27 19,23.0,62.48,25.19,20.2,23.0,1013,1.0,70,0.0,20,2,3
2020-02-27 20,21.98,67.42,23.38,19.5,22.0,1014,1.0,70,0.0,20,2,4
2020-02-27 21,21.47,68.8,23.07,19.78,21.0,1014,1.0,70,0.0,20,2,5
2020-02-27 22,20.93,72.8,22.27,18.39,21.0,1014,1.0,50,0.0,20,2,5
2020-02-27 23,20.2,78.2,21.48,18.19,20.0,1014,1.0,50,0.0,20,2,5
2020-02-28 00,19.73,81.05,20.78,17.95,19.8,1014,1.0,50,0.0,20,2,5
2020-02-28 01,19.5,81.65,19.26,17.16,19.0,1013,2.1,110,0.0,20,2,4
2020-02-28 02,19.05,82.47,19.14,17.23,19.0,1013,2.1,110,0.0,20,2,4
2020-02-28 03,18.8,81.9,18.9,16.21,19.0,1013,2.1,110,0.0,20,2,4
2020-02-28 04,18.6,83.17,19.07,16.39,19.0,1013,2.1,90,0.0,20,2,4
2020-02-28 05,18.35,84.05,18.46,16.46,18.2,1013,2.1,90,0.0,20,2,4
2020-02-28 06,18.3,82.9,18.45,16.65,18.0,1013,2.1,90,0.0,20,2,4
2020-02-28 07,18.2,82.5,17.99,15.6,18.2,1014,2.1,70,0.0,40,2,3
2020-02-28 08,18.45,81.17,18.34,15.6,19.0,1015,2.1,70,0.0,40,2,4
2020-02-28 09,19.45,75.8,19.51,15.6,21.0,1015,2.1,70,0.0,40,2,4
2020-02-28 10,21.5,66.28,23.07,19.86,24.44,1010,2.1,110,0.0,40,0,4
2020-02-28 11,23.52,58.07,24.13,20.8,24.44,1011,2.1,110,0.0,40,0,4
2020-02-28 12,24.88,54.55,24.8,20.8,25.0,1010,2.1,110,0.0,40,0,3
2020-02-28 13,25.8,51.75,23.2,23.83,25.0,1008,4.1,120,0.0,40,0,3
2020-02-28 14,25.9,50.73,25.93,24.0,26.2,1008,3.1,90,0.0,40,0,3
2020-02-28 15,25.62,53.38,25.68,23.61,26.2,1008,3.1,90,0.0,40,0,3
2020-02-28 16,25.12,55.27,25.03,23.48,24.6,1012,3.1,90,0.0,40,0,3
2020-02-28 17,24.23,59.57,25.48,23.51,25.56,1007,3.1,90,0.0,40,0,3
2020-02-28 18,23.2,59.85,24.77,22.2,25.56,1008,3.1,90,0.0,40,0,3
2020-02-28 19,22.55,62.88,23.53,21.4,23.28,1012,2.6,90,0.0,20,2,3
2020-02-28 20,22.0,66.33,22.26,20.55,21.6,1013,2.6,90,0.0,20,2,3
2020-02-28 21,21.48,66.67,22.04,20.6,21.4,1013,2.6,90,0.0,20,2,3
2020-02-28 22,21.0,67.83,20.19,18.6,20.0,1013,3.1,90,0.0,20,2,3
2020-02-28 23,20.5,69.65,18.81,19.71,20.03,1013,4.6,110,0.0,20,2,3
2020-02-29 00,20.38,67.47,19.07,19.87,20.13,1013,4.1,120,0.0,40,2,3
2020-02-29 01,20.05,68.9,19.07,18.4,19.13,1012,3.1,70,0.0,20,2,3
2020-02-29 02,19.43,73.3,18.93,18.4,19.2,1012,3.1,70,0.0,20,2,3
2020-02-29 03,19.1,76.25,17.7,16.87,18.4,1011,3.1,70,0.0,20,2,3
2020-02-29 04,18.77,78.12,17.5,16.46,18.0,1011,3.1,90,0.0,20,2,3
2020-02-29 05,18.62,77.78,17.46,16.74,18.0,1012,3.1,90,0.0,20,2,3
2020-02-29 06,18.2,77.75,16.8,17.0,17.17,1011,3.1,110,0.0,40,2,3
2020-02-29 07,17.9,80.05,17.99,17.0,18.01,1012,2.6,90,0.0,40,2,3
2020-02-29 08,18.8,75.22,17.83,16.4,18.6,1013,2.6,90,0.0,40,2,3
2020-02-29 09,20.52,67.75,18.2,16.4,20.0,1013,2.6,90,0.0,40,2,3
2020-02-29 10,22.4,60.58,21.75,19.19,25.0,1008,4.1,90,0.0,40,2,3
2020-02-29 11,23.57,56.62,22.83,19.99,25.0,1008,4.1,90,0.0,40,2,3
2020-02-29 12,24.9,52.6,23.28,20.81,25.0,1008,4.1,90,0.0,40,2,2
2020-02-29 13,25.32,51.12,25.53,21.6,27.2,1012,2.6,50,0.0,75,0,2
2020-02-29 14,25.88,53.47,25.84,21.6,27.2,1011,2.6,50,0.0,75,0,3
2020-02-29 15,25.6,54.6,25.54,21.6,27.2,1011,2.6,50,0.0,75,0,3
2020-02-29 16,25.27,55.57,24.55,20.0,25.56,1006,5.1,50,1.5,90,5,3
2020-02-29 17,23.3,67.0,22.46,20.0,23.04,1011,5.1,50,1.5,90,5,3
2020-02-29 18,19.68,81.12,21.77,20.0,22.97,1012,5.1,50,1.5,90,5,3
2020-02-29 19,18.52,80.8,18.34,16.8,20.74,1014,4.1,70,0.0,90,1,2
2020-02-29 20,17.12,90.43,16.95,16.6,19.09,1014,4.1,70,0.0,90,1,2
2020-02-29 21,17.12,89.05,17.03,16.8,18.75,1014,4.1,70,0.0,90,1,2
2020-02-29 22,17.12,86.4,16.49,16.0,16.98,1014,2.6,70,0.0,40,2,1
2020-02-29 23,16.8,87.57,16.54,16.0,16.85,1014,2.6,70,0.0,40,2,1
2020-03-01 00,16.75,86.22,16.19,15.61,16.43,1014,2.6,70,0.0,40,2,2
2020-03-01 01,17.17,80.35,16.38,14.67,16.0,1013,1.5,110,0.0,40,2,1
2020-03-01 02,17.38,78.25,16.24,14.44,16.0,1013,1.5,110,0.0,40,2,1
2020-03-01 03,16.82,81.53,16.38,14.72,16.0,1012,1.5,110,0.0,40,2,1
2020-03-01 04,16.9,81.8,16.77,14.87,16.0,1012,1.0,110,0.0,40,2,1
2020-03-01 05,16.73,84.2,16.95,15.57,16.0,1013,1.0,110,0.0,40,2,1
2020-03-01 06,16.25,86.7,16.99,15.52,16.0,1013,1.0,110,0.0,40,2,1
2020-03-01 07,15.25,93.53,16.41,15.0,16.56,1014,1.5,70,0.0,20,2,2
2020-03-01 08,16.58,87.83,17.15,16.0,16.6,1015,1.5,70,0.0,20,2,2
2020-03-01 09,18.8,75.05,18.69,15.72,19.0,1015,1.5,70,0.0,20,2,3
2020-03-01 10,21.9,61.15,21.8,20.0,23.4,1010,1.5,140,0.0,20,0,2
2020-03-01 11,23.83,52.4,23.05,21.94,23.4,1010,1.5,140,0.0,20,0,2
2020-03-01 12,24.95,47.75,24.28,22.04,24.0,1010,1.5,140,0.0,20,0,2
2020-03-01 13,26.35,43.8,25.85,23.35,26.7,1013,2.1,90,0.0,20,0,2
2020-03-01 14,27.43,41.62,23.61,23.5,25.2,1013,2.6,290,0.0,20,0,2
2020-03-01 15,27.4,39.55,26.39,23.89,26.7,1008,2.1,90,0.0,20,0,2
2020-03-01 16,27.5,40.3,24.08,23.8,25.4,1006,2.1,320,0.0,20,0,2
2020-03-01 17,25.98,48.05,22.94,23.8,25.4,1007,2.1,290,0.0,20,0,2
2020-03-01 18,24.48,54.95,23.18,23.45,25.4,1007,2.6,300,0.0,1,0,3
2020-03-01 19,21.5,73.97,21.99,21.21,23.0,1012,2.1,320,0.0,1,0,3
2020-03-01 20,19.93,84.62,21.01,19.4,22.0,1013,2.34,33,0.0,20,0,3
2020-03-01 21,19.12,91.12,20.71,19.7,21.0,1013,2.52,40,0.0,20,0,4
2020-03-01 22,18.8,91.5,22.59,18.24,22.78,1009,1.98,53,0.0,20,2,5
2020-03-01 23,18.15,92.35,21.38,18.28,20.6,1014,1.58,64,0.0,20,2,5
2020-03-02 00,17.55,95.85,21.17,19.0,20.6,1013,1.5,58,0.0,20,2,5
2020-03-02 01,17.22,97.38,20.8,18.3,19.0,1013,1.0,50,0.0,20,2,5
2020-03-02 02,17.18,97.12,20.28,17.33,19.0,1013,1.0,50,0.0,20,2,5
2020-03-02 03,17.8,91.1,19.2,15.39,18.8,1012,1.0,50,0.0,20,2,5
2020-03-02 04,16.55,94.65,18.45,15.33,18.0,1012,1.03,303,0.0,40,2,5
2020-03-02 05,15.93,97.38,17.53,15.55,17.0,1013,1.48,315,0.0,40,2,6
2020-03-02 06,15.97,98.33,18.46,15.6,18.0,1013,1.2,319,0.0,40,2,6
2020-03-02 07,15.95,98.08,18.21,16.0,17.24,1014,1.29,305,0.0,20,2,5
2020-03-02 08,17.43,93.9,18.88,16.0,18.0,1014,0.93,275,0.0,20,2,5
2020-03-02 09,21.35,71.2,19.63,16.0,19.0,1015,0.87,262,0.0,20,2,5
2020-03-02 10,23.98,59.0,24.09,21.0,25.4,1010,0.93,252,0.0,1,0,5
2020-03-02 11,26.08,50.98,26.62,24.44,25.4,1009,0.85,244,0.0,11,0,5
2020-03-02 12,27.08,48.58,26.4,24.0,25.4,1010,0.63,239,0.0,19,0,4
2020-03-02 13,27.68,45.55,26.37,24.0,27.8,1008,1.5,230,0.0,40,0,4
2020-03-02 14,28.12,42.8,27.73,25.0,27.8,1007,1.5,230,0.0,40,0,4
2020-03-02 15,27.57,45.25,28.35,25.0,28.0,1006,1.5,230,0.0,40,0,4
2020-03-02 16,26.55,48.77,24.39,24.8,26.0,1006,3.6,280,0.0,40,0,4
2020-03-02 17,25.98,49.77,25.95,24.8,26.0,1006,2.6,290,0.0,20,0,3
2020-03-02 18,25.48,51.55,25.35,24.8,25.6,1006,2.6,300,0.0,40,0,3
2020-03-02 19,23.42,58.65,26.36,21.0,25.56,1007,2.16,334,0.0,40,2,3
2020-03-02 20,21.2,70.9,23.22,20.08,23.0,1013,2.15,339,0.0,40,2,4
2020-03-02 21,20.8,73.03,23.27,20.18,22.0,1013,2.0,329,0.0,40,2,4
2020-03-02 22,19.75,79.4,21.74,18.5,21.0,1013,1.96,320,0.0,40,2,5
2020-03-02 23,18.85,85.7,20.16,18.37,19.2,1013,2.12,316,0.0,40,2,5
2020-03-03 00,18.7,85.88,20.68,18.34,20.0,1013,2.35,327,0.0,40,2,5
2020-03-03 01,18.75,83.47,19.63,17.14,20.0,1012,2.51,343,0.0,40,2,5
2020-03-03 02,19.18,78.93,18.83,16.6,19.0,1012,2.14,353,0.0,40,2,5
2020-03-03 03,17.23,89.45,18.75,15.61,19.0,1012,1.99,4,0.0,40,2,6
2020-03-03 04,16.38,94.35,17.96,15.35,19.0,1011,2.49,360,0.0,40,2,6
2020-03-03 05,16.12,96.15,16.25,15.38,16.6,1012,2.24,340,0.0,40,2,5
2020-03-03 06,15.85,97.38,17.0,15.4,17.0,1012,1.98,321,0.0,40,2,5
2020-03-03 07,15.62,98.25,17.65,15.0,18.0,1012,1.77,306,0.0,20,2,4
2020-03-03 08,17.5,95.78,18.3,15.0,18.0,1013,1.34,304,0.0,20,2,4
2020-03-03 09,21.85,69.22,20.47,15.0,21.0,1013,1.29,305,0.0,20,2,5
2020-03-03 10,24.8,55.78,23.45,22.24,25.6,1008,3.1,250,0.0,0,0,4
2020-03-03 11,26.45,49.08,24.61,24.74,25.13,1008,3.1,270,0.0,15,7,4
2020-03-03 12,27.67,39.72,24.34,24.8,25.26,1007,3.1,270,0.0,40,7,3
2020-03-03 13,28.43,32.65,24.77,25.0,28.6,1010,3.1,270,0.0,40,0,3
2020-03-03 14,28.45,30.32,25.67,26.0,27.6,1010,2.6,270,0.0,20,0,2
2020-03-03 15,28.7,30.73,23.48,25.0,27.0,1004,3.1,290,0.0,40,0,2
2020-03-03 16,28.6,29.18,26.85,25.49,27.4,1004,2.1,270,0.0,20,0,2
2020-03-03 17,27.7,30.85,24.47,24.2,26.11,1004,3.1,290,0.0,1,0,2
2020-03-03 18,25.8,35.95,23.2,23.96,26.11,1004,2.6,330,0.0,1,0,2
2020-03-03 19,24.0,39.1,24.21,21.0,24.0,1009,2.65,346,0.0,20,0,2
2020-03-03 20,23.02,42.27,21.99,19.6,23.0,1010,2.67,354,0.0,20,0,3
2020-03-03 21,22.12,47.9,22.07,19.88,22.0,1011,2.41,0,0.0,20,0,5
2020-03-03 22,20.88,59.55,20.85,17.8,21.0,1011,2.28,9,0.0,20,0,5
2020-03-03 23,20.75,61.6,19.14,17.8,19.2,1011,2.26,19,0.0,20,0,5
2020-03-04 00,20.12,64.85,20.02,17.79,20.0,1010,2.44,25,0.0,20,0,5
2020-03-04 01,19.6,69.35,18.8,16.05,19.0,1010,2.49,25,0.0,20,2,5
2020-03-04 02,18.05,79.65,17.87,15.77,18.0,1010,2.46,25,0.0,20,2,5
2020-03-04 03,16.73,88.73,17.78,15.01,18.0,1009,2.02,36,0.0,20,2,4
2020-03-04 04,16.8,88.83,17.29,14.94,18.0,1009,2.33,44,0.0,40,2,5
2020-03-04 05,16.17,91.02,16.19,15.63,16.43,1010,2.39,57,0.0,40,2,5
2020-03-04 06,15.78,92.47,16.93,15.47,17.0,1010,2.1,73,0.0,40,2,4
2020-03-04 07,16.18,89.42,18.8,16.8,18.0,1011,1.6,85,0.0,2,2,4
2020-03-04 08,18.4,79.4,19.52,16.8,19.0,1012,1.2,94,0.0,0,2,5
2020-03-04 09,22.05,60.6,20.87,16.8,21.0,1012,1.27,104,0.0,0,2,5
2020-03-04 10,24.65,47.28,24.4,22.26,25.8,1007,1.5,140,0.0,14,0,5
2020-03-04 11,26.4,38.15,26.22,23.72,26.0,1007,1.5,140,0.0,44,0,4
2020-03-04 12,27.65,35.8,25.61,22.38,25.8,1007,1.5,140,0.0,19,0,3
2020-03-04 13,28.2,33.4,22.82,24.39,26.8,1010,4.1,140,0.0,1,0,3
2020-03-04 14,28.38,33.6,27.73,24.03,28.8,1009,2.6,160,0.0,40,0,2
2020-03-04 15,28.55,36.5,26.29,22.55,28.8,1004,2.6,160,0.0,40,0,2
2020-03-04 16,27.07,42.88,23.91,21.9,26.11,1004,6.2,160,0.0,75,0,2
2020-03-04 17,25.9,49.5,23.14,22.35,26.11,1004,6.2,160,0.0,75,0,3
2020-03-04 18,23.8,56.23,21.9,22.0,26.11,1004,6.2,160,0.0,75,0,3
2020-03-04 19,21.77,54.83,20.52,20.2,21.88,1011,3.1,20,1.0,75,8,2
2020-03-04 20,20.18,53.67,19.32,18.81,20.47,1011,3.1,20,4.0,75,8,2
2020-03-04 21,19.2,53.95,16.67,18.78,19.2,1011,4.1,60,0.0,90,0,1
2020-03-04 22,19.68,50.1,17.84,17.55,19.0,1012,3.1,20,0.0,75,2,1
2020-03-04 23,18.85,58.85,17.56,17.28,19.0,1012,3.1,20,0.0,75,2,1
2020-03-05 00,18.85,56.52,17.88,17.51,19.0,1012,3.1,20,0.0,75,2,1
2020-03-05 01,16.88,81.35,17.55,16.81,17.1,1011,2.6,50,1.5,90,4,1
2020-03-05 02,16.05,93.78,17.06,15.6,16.65,1010,1.5,110,0.0,75,2,1
2020-03-05 03,16.38,86.45,16.87,15.21,16.2,1009,1.5,110,0.0,75,2,1
2020-03-05 04,16.42,81.3,16.47,14.7,16.0,1009,1.5,50,0.0,40,2,1
2020-03-05 05,16.38,80.38,15.88,15.0,15.61,1010,1.5,50,0.0,40,2,2
2020-03-05 06,16.52,82.08,15.99,15.0,16.23,1010,1.5,50,0.0,40,2,2
2020-03-05 07,16.15,86.3,15.76,15.0,17.4,1011,2.1,90,0.0,40,2,2
2020-03-05 08,18.02,74.6,17.17,16.27,17.4,1012,2.1,90,0.0,40,2,2
2020-03-05 09,20.25,63.42,18.08,15.6,19.0,1012,2.1,90,0.0,40,2,2
2020-03-05 10,21.62,59.17,21.77,18.7,24.44,1008,2.6,110,0.0,75,0,2
2020-03-05 11,21.92,60.55,23.05,21.65,23.0,1012,2.6,110,0.0,75,0,2
2020-03-05 12,23.9,54.67,24.17,22.67,24.44,1007,2.6,110,0.0,75,0,2
2020-03-05 13,24.48,53.1,23.03,24.92,25.08,1004,4.1,100,0.0,75,0,2
2020-03-05 14,25.4,50.7,24.95,25.0,26.0,1004,4.1,90,0.0,40,0,2
2020-03-05 15,26.05,49.52,24.98,20.02,26.6,1003,3.6,90,0.0,40,0,2
2020-03-05 16,25.67,47.5,23.27,19.48,25.56,1004,4.1,90,0.0,75,0,2
2020-03-05 17,24.3,53.07,23.27,19.87,25.56,1004,4.1,90,0.0,75,0,2
2020-03-05 18,23.2,59.02,23.02,20.54,25.56,1004,4.1,90,0.0,75,0,2
2020-03-05 19,22.48,63.6,21.0,19.26,22.0,1010,4.6,270,0.5,90,4,2
2020-03-05 20,21.85,65.25,18.07,16.0,22.78,1007,4.6,270,0.5,90,4,3
2020-03-05 21,17.32,78.38,16.89,15.0,22.22,1006,4.6,270,1.0,90,4,2
2020-03-05 22,15.88,91.4,16.52,15.0,17.16,1011,1.5,70,0.5,90,4,1
2020-03-05 23,16.12,89.83,16.83,15.0,17.46,1011,1.5,70,0.5,90,4,1
2020-03-06 00,16.75,85.88,16.51,15.0,17.01,1011,1.5,70,0.5,90,4,1
2020-03-06 01,17.1,81.6,14.66,14.6,16.5,1009,3.1,70,0.0,90,2,1
2020-03-06 02,16.88,79.05,14.66,14.6,16.5,1009,3.1,70,0.0,90,2,2
2020-03-06 03,16.48,80.25,13.75,14.0,15.87,1009,3.1,70,0.0,90,2,1
2020-03-06 04,16.57,80.62,13.14,14.0,15.77,1007,4.1,70,1.0,90,4,1
2020-03-06 05,16.45,80.4,14.33,15.4,16.0,1009,4.1,70,0.5,90,4,1
2020-03-06 06,16.93,79.7,13.04,14.0,15.4,1009,4.1,70,0.5,90,4,1
2020-03-06 07,15.97,85.95,13.79,13.0,15.2,1010,2.6,50,2.0,90,4,1
2020-03-06 08,15.07,95.03,15.03,14.0,16.4,1010,2.6,50,3.0,90,4,1
2020-03-06 09,15.45,95.25,15.97,14.88,17.0,1010,2.6,50,5.0,90,4,2
2020-03-06 10,17.23,87.22,17.02,14.83,21.67,1006,4.1,70,0.2,20,4,2
2020-03-06 10,17.23,87.22,17.02,14.83,21.67,1006,4.1,70,0.2,20,2,2
2020-03-06 11,18.95,76.03,17.96,15.56,21.67,1007,4.1,70,0.5,20,4,2
2020-03-06 11,18.95,76.03,17.96,15.56,21.67,1007,4.1,70,0.5,20,2,2
2020-03-06 12,20.05,68.12,19.08,16.39,22.22,1005,4.1,70,0.2,20,4,2
2020-03-06 12,20.05,68.12,19.08,16.39,22.22,1005,4.1,70,0.2,20,2,2
2020-03-06 13,21.43,63.0,19.06,17.36,22.22,1004,4.6,70,0.0,75,0,1
2020-03-06 14,21.2,65.45,18.95,17.57,22.78,1003,4.6,70,0.0,75,0,1
2020-03-06 15,20.93,66.08,18.32,16.77,22.22,1003,4.6,70,0.0,75,0,1
2020-03-06 16,20.12,70.3,15.5,13.0,17.8,1009,1.5,70,0.0,90,1,1
2020-03-06 17,15.22,87.22,15.69,13.0,17.8,1009,1.5,70,0.0,90,1,1
2020-03-06 18,13.82,98.7,16.37,14.4,17.8,1009,1.5,70,0.0,90,1,1
2020-03-06 19,14.55,98.55,15.23,14.4,16.18,1010,2.1,50,0.0,40,2,1
2020-03-06 20,14.65,96.38,14.37,13.8,15.0,1011,2.1,50,0.0,40,2,2
2020-03-06 21,14.57,94.28,14.85,14.4,15.05,1011,2.1,50,0.0,40,2,2
2020-03-06 22,15.22,91.2,15.33,14.42,15.02,1012,1.5,70,0.0,40,2,2
2020-03-06 23,15.55,88.72,14.97,14.36,14.61,1013,1.5,70,0.0,40,2,1
2020-03-07 00,15.78,87.35,14.62,14.0,14.69,1012,1.5,70,0.0,40,2,1
2020-03-07 01,15.72,86.8,14.77,14.0,14.54,1012,1.0,140,0.0,40,2,2
2020-03-07 02,15.55,86.6,14.83,14.0,14.95,1012,1.0,140,0.0,40,2,2
2020-03-07 03,15.48,85.03,14.46,13.36,14.2,1011,1.0,140,0.0,40,2,1
2020-03-07 04,15.22,85.1,13.37,13.11,14.2,1011,2.1,110,0.0,40,2,1
2020-03-07 05,15.07,84.65,13.33,13.31,14.2,1012,2.1,110,0.0,40,2,1
2020-03-07 06,15.1,84.88,13.51,13.42,14.2,1012,2.1,110,0.0,40,2,1
2020-03-07 07,15.27,85.17,14.63,14.17,16.0,1013,2.6,90,0.0,40,2,1
2020-03-07 08,16.15,81.58,14.55,14.51,15.6,1014,2.6,90,0.0,40,2,1
2020-03-07 09,17.35,77.0,15.09,14.57,17.0,1014,2.6,90,0.0,40,2,1
2020-03-07 10,17.52,79.05,17.31,16.03,18.0,1015,2.1,140,0.0,75,2,1
2020-03-07 11,16.9,83.65,18.28,17.14,19.0,1016,2.1,140,0.0,75,2,2
2020-03-07 12,17.43,80.88,19.73,17.75,20.0,1015,2.1,140,0.0,75,2,2
2020-03-07 13,19.85,67.72,19.72,19.39,20.0,1014,1.5,150,0.0,75,0,2
2020-03-07 14,21.25,58.73,21.2,18.6,21.0,1014,1.0,140,0.0,40,2,2
2020-03-07 15,21.57,56.73,19.78,19.78,20.17,1014,2.1,300,0.0,75,0,2
2020-03-07 16,21.78,55.45,21.51,19.2,20.4,1014,1.0,50,0.0,40,2,2
2020-03-07 17,21.62,55.8,21.41,19.2,20.4,1014,1.0,50,0.0,40,2,2
2020-03-07 18,20.02,64.8,21.13,19.0,21.35,1014,1.0,50,0.0,40,2,2
2020-03-07 19,18.15,80.85,19.36,19.0,19.79,1015,1.5,320,0.0,90,0,2
2020-03-07 20,18.27,82.82,18.23,16.41,18.0,1017,1.48,33,0.0,40,2,3
2020-03-07 21,17.82,88.28,19.42,16.85,19.0,1017,1.73,61,0.0,40,2,4
2020-03-07 22,16.68,94.43,17.17,15.68,17.0,1017,1.67,80,0.0,20,2,5
2020-03-07 23,16.25,96.55,17.06,14.92,17.0,1017,1.62,92,0.0,20,2,5
2020-03-08 00,16.05,94.85,17.38,15.5,17.0,1017,1.64,112,0.0,20,2,4
2020-03-08 01,15.17,97.88,16.96,15.4,16.0,1016,0.94,138,0.0,20,2,4
2020-03-08 02,14.9,99.12,16.91,14.5,16.0,1017,0.5,179,0.0,20,2,5
2020-03-08 03,,,15.76,12.64,15.4,1016,0.51,5,0.0,20,2,6
2020-03-08 04,14.02,99.2,14.38,12.37,15.0,1016,1.05,7,0.0,20,2,6
2020-03-08 05,13.7,99.2,14.18,13.0,15.0,1016,1.42,13,0.0,20,2,6
2020-03-08 06,13.65,99.25,14.24,13.0,14.08,1016,0.84,8,0.0,20,2,6
2020-03-08 07,13.45,99.28,15.38,13.4,15.0,1017,0.64,352,0.0,100,2,5
2020-03-08 08,15.25,99.3,14.73,13.32,14.6,1017,0.45,321,0.0,100,2,5
2020-03-08 09,16.92,99.3,15.09,13.05,15.0,1017,0.56,300,0.0,96,2,5
2020-03-08 10,16.45,96.27,17.43,16.0,22.2,1018,2.6,230,0.0,40,0,5
2020-03-08 11,18.1,88.07,21.52,20.63,22.2,1018,2.6,230,0.0,40,0,6
2020-03-08 12,21.83,68.17,21.89,21.32,22.2,1017,2.6,230,0.0,40,0,6
2020-03-08 13,24.0,50.0,22.09,23.0,24.4,1016,3.1,270,0.0,40,0,5
2020-03-08 14,24.45,45.05,23.13,24.0,24.6,1015,3.1,270,0.0,40,0,3
2020-03-08 15,24.9,41.27,23.08,22.61,25.0,1015,3.1,270,0.0,40,0,2
2020-03-08 16,24.8,39.02,22.36,21.6,24.0,1014,2.6,270,0.0,40,0,2
2020-03-08 17,24.03,38.7,21.51,21.6,23.0,1014,2.6,270,0.0,40,0,2
2020-03-08 18,22.7,44.88,21.25,21.6,22.8,1015,2.6,270,0.0,40,0,1
2020-03-08 19,20.73,54.15,18.77,20.0,20.29,1015,2.6,310,0.0,20,0,1
2020-03-08 20,19.82,62.52,19.21,17.8,18.4,1016,1.0,270,0.0,20,2,2
2020-03-08 21,19.35,65.78,19.03,17.8,18.3,1016,1.0,270,0.0,20,2,3
2020-03-08 22,18.77,69.53,17.51,14.8,17.0,1016,1.0,270,0.0,20,2,3
2020-03-08 23,18.3,72.97,15.71,15.66,16.0,1016,2.1,270,0.0,20,2,3
2020-03-09 00,17.93,75.03,15.26,15.53,16.0,1015,2.6,250,0.0,20,2,3
2020-03-09 01,17.3,78.2,15.79,14.7,15.0,1014,1.0,270,0.0,20,2,3
2020-03-09 02,16.75,81.38,15.55,14.6,14.87,1015,1.0,270,0.0,20,2,3
2020-03-09 03,16.17,84.1,13.26,13.5,14.0,1014,2.6,260,0.0,1,6,2
2020-03-09 04,15.75,85.73,13.57,13.43,14.0,1013,2.1,270,0.0,20,2,3
2020-03-09 05,15.25,86.1,13.66,13.4,14.46,1013,2.1,270,0.0,20,2,3
2020-03-09 06,14.9,85.92,13.89,13.8,14.5,1013,2.1,270,0.0,20,2,2
2020-03-09 07,14.88,81.75,14.23,14.0,16.0,1014,2.1,250,0.0,0,2,2
2020-03-09 08,16.18,74.35,14.19,13.8,16.0,1014,2.1,250,0.0,0,2,2
2020-03-09 09,18.58,62.97,14.13,13.8,17.0,1015,2.6,250,0.0,1,0,2
2020-03-09 10,20.85,52.38,17.57,17.0,22.6,1015,4.1,290,0.0,0,0,2
2020-03-09 11,23.02,42.48,19.91,21.49,22.6,1015,4.1,290,0.0,0,0,2
2020-03-09 12,24.08,35.6,20.47,22.21,23.0,1014,4.1,290,0.0,0,0,2
2020-03-09 13,24.85,32.62,22.19,24.2,25.0,1013,5.1,270,0.0,0,0,1
2020-03-09 14,25.47,31.32,22.07,24.2,25.0,1012,5.1,270,0.0,0,0,1
2020-03-09 15,25.5,30.77,21.21,22.97,25.0,1011,5.1,270,0.0,0,0,1
2020-03-09 16,25.35,30.12,22.25,21.8,23.6,1011,2.6,270,0.0,0,0,1
2020-03-09 17,24.45,32.58,22.06,21.8,23.6,1011,2.6,270,0.0,0,0,1
2020-03-09 18,22.77,37.9,22.25,21.8,23.6,1011,2.6,270,0.0,0,0,1
2020-03-09 19,20.95,39.4,18.05,20.0,20.3,1012,2.6,280,0.0,1,0,1
2020-03-09 20,19.85,48.8,18.31,17.31,18.4,1013,1.0,270,0.0,0,2,3
2020-03-09 21,18.75,54.02,18.16,17.1,18.0,1013,1.0,270,0.0,0,2,4
2020-03-09 22,17.8,59.35,16.5,15.0,18.0,1013,2.33,301,0.0,0,2,5
2020-03-09 23,18.32,55.52,15.09,15.0,16.4,1014,2.44,306,0.0,0,2,5
2020-03-10 00,16.65,66.22,14.34,14.95,15.28,1013,2.37,310,0.0,0,2,5
2020-03-10 01,16.7,68.52,14.53,13.55,15.0,1012,1.5,270,0.0,20,2,6
2020-03-10 02,16.6,69.6,14.31,13.48,15.0,1013,1.5,270,0.0,20,2,6
2020-03-10 03,16.3,69.55,14.11,12.31,15.0,1012,1.5,270,0.0,20,2,5
2020-03-10 04,15.7,72.72,13.29,12.2,15.0,1011,2.12,318,0.0,0,2,5
2020-03-10 05,15.22,76.38,12.39,13.0,14.0,1012,2.7,327,0.0,0,2,4
2020-03-10 06,15.03,76.95,12.09,12.89,13.18,1012,2.64,327,0.0,1,2,4
2020-03-10 07,14.9,77.6,12.88,13.0,15.0,1013,2.6,20,0.0,0,2,4
2020-03-10 08,16.93,68.85,13.81,14.4,16.6,1014,2.6,20,0.0,0,2,4
2020-03-10 09,19.35,56.88,16.58,14.4,20.0,1014,2.6,20,0.0,0,2,4
2020-03-10 10,21.32,48.45,20.53,19.99,24.2,1014,2.1,70,0.0,1,0,3
2020-03-10 11,23.65,36.95,21.8,21.9,24.2,1014,2.1,70,0.0,2,0,2
2020-03-10 12,25.18,28.4,22.29,22.33,24.2,1013,2.1,70,0.0,2,0,2
2020-03-10 13,26.52,24.23,24.02,23.0,25.6,1012,1.5,140,0.0,5,0,2
2020-03-10 14,26.82,24.97,25.38,24.27,25.6,1011,1.5,140,0.0,9,0,2
2020-03-10 15,25.43,33.83,22.46,23.24,24.8,1010,2.1,150,0.0,40,0,2
2020-03-10 16,24.65,36.78,24.18,23.32,24.0,1010,2.1,140,0.0,40,0,2
2020-03-10 17,23.85,39.48,23.28,22.2,24.0,1010,2.1,140,0.0,40,0,2
2020-03-10 18,22.88,40.35,23.01,21.66,24.0,1010,2.1,140,0.0,40,0,2
2020-03-10 19,21.98,41.1,21.43,20.1,22.0,1010,2.1,230,0.0,90,0,2
2020-03-10 20,20.95,46.25,19.98,17.8,21.2,1011,2.1,230,0.0,90,0,2
2020-03-10 21,19.8,60.85,20.27,18.46,21.2,1012,2.1,230,0.0,90,0,3
2020-03-10 22,19.27,69.88,19.58,16.96,19.0,1012,2.1,90,0.0,90,2,3
2020-03-10 23,18.68,79.28,19.55,17.02,19.0,1012,2.1,90,0.0,90,2,3
2020-03-11 00,18.25,83.72,19.65,17.12,19.0,1011,2.1,90,0.0,90,2,3
2020-03-11 01,18.25,75.05,18.87,16.59,18.0,1011,1.0,50,0.0,90,2,3
2020-03-11 02,17.45,77.27,18.55,16.16,18.0,1011,1.0,50,0.0,90,2,3
2020-03-11 03,17.88,75.3,18.96,16.79,18.0,1011,1.0,50,0.0,90,2,3
2020-03-11 04,17.82,75.95,18.09,16.4,18.0,1011,2.1,50,0.5,90,4,3
2020-03-11 05,17.32,82.2,17.75,16.4,17.9,1010,2.1,50,0.5,90,4,3
2020-03-11 06,17.32,79.15,17.8,16.4,17.79,1010,2.1,50,0.5,90,4,3
2020-03-11 07,16.45,85.75,17.36,16.4,18.34,1011,2.1,90,0.0,20,2,3
2020-03-11 08,17.98,76.5,17.83,16.4,18.56,1011,2.1,90,0.0,20,2,3
2020-03-11 09,20.07,64.28,18.89,16.4,20.0,1011,2.1,90,0.0,20,2,3
2020-03-11 10,21.7,55.58,21.0,19.87,24.0,1011,3.6,50,0.0,20,0,3
2020-03-11 11,23.45,47.7,22.47,21.31,24.8,1011,3.6,90,0.0,45,0,3
2020-03-11 12,25.0,42.92,22.52,21.3,24.8,1010,3.6,90,0.0,21,0,2
2020-03-11 13,25.88,41.12,22.16,23.12,25.0,1009,4.1,130,0.0,1,0,2
2020-03-11 14,26.68,39.65,25.56,22.82,27.0,1008,3.6,110,0.0,20,0,2
2020-03-11 15,26.85,43.08,25.67,23.82,27.0,1007,3.6,110,0.0,20,0,2
2020-03-11 16,26.62,45.45,25.36,23.5,25.2,1006,3.6,110,0.0,40,0,2
2020-03-11 17,25.82,47.85,25.81,24.31,25.2,1006,3.6,110,0.0,40,0,2
2020-03-11 18,24.5,54.8,25.29,23.5,25.43,1006,3.6,110,0.0,40,0,2
2020-03-11 19,23.57,61.53,24.5,22.2,24.3,1007,2.6,90,0.0,75,2,2
2020-03-11 20,23.02,64.7,23.04,20.44,22.6,1008,2.6,90,0.0,75,2,2
2020-03-11 21,22.62,65.6,22.61,21.0,22.38,1008,2.6,90,0.0,75,2,3
2020-03-11 22,22.42,66.08,22.24,20.09,21.0,1009,3.1,110,0.0,75,2,3
2020-03-11 23,21.73,73.78,22.22,19.9,21.2,1009,3.1,110,0.0,75,2,2
2020-03-12 00,21.28,77.85,22.03,19.58,21.0,1010,3.1,110,0.0,75,2,2
2020-03-12 01,20.98,81.55,20.64,18.05,20.0,1010,2.6,230,0.0,75,2,2
2020-03-12 02,20.48,84.17,19.68,17.82,19.0,1011,2.6,230,0.0,75,2,2
2020-03-12 03,19.75,67.28,19.54,16.54,19.0,1010,2.6,230,0.0,75,2,2
2020-03-12 04,18.7,73.32,17.85,15.79,17.0,1011,1.0,270,0.0,40,2,2
2020-03-12 05,18.2,79.3,17.91,16.0,17.75,1011,1.0,270,0.0,40,2,2
2020-03-12 06,17.45,87.27,18.08,16.0,17.84,1012,1.0,270,0.0,40,2,3
2020-03-12 07,17.83,92.17,19.51,17.75,19.2,1013,2.1,70,0.0,40,2,4
2020-03-12 08,18.0,92.95,19.38,17.6,19.2,1014,2.1,70,0.0,40,2,4
2020-03-12 09,19.47,88.5,20.02,17.78,19.2,1014,2.1,70,0.0,40,2,4
2020-03-12 10,21.77,78.88,23.25,20.0,25.4,1014,3.1,90,0.0,40,0,4
2020-03-12 11,23.7,70.28,25.43,23.2,25.4,1014,3.1,90,0.0,40,0,5
2020-03-12 12,25.72,59.17,26.36,24.4,25.4,1013,3.1,90,0.0,40,0,4
2020-03-12 13,27.58,37.08,24.9,25.0,27.0,1012,3.1,160,0.0,40,0,4
2020-03-12 14,27.85,30.32,25.63,25.8,27.0,1011,3.1,160,0.0,40,0,2
2020-03-12 15,27.62,31.18,21.12,24.96,26.0,1011,5.1,180,0.0,40,0,2
2020-03-12 16,27.55,29.93,26.4,24.8,27.0,1010,2.1,160,0.0,20,0,1
2020-03-12 17,27.07,30.6,23.29,24.8,26.0,1010,4.6,140,0.0,40,0,1
2020-03-12 18,25.83,33.35,22.43,24.0,25.4,1010,3.1,130,0.0,40,0,1
2020-03-12 19,23.15,44.65,22.94,21.6,23.6,1011,2.85,127,0.0,20,2,1
2020-03-12 20,20.52,58.88,21.98,21.04,22.0,1011,3.18,122,0.0,20,2,2
2020-03-12 21,21.5,56.88,21.93,21.23,22.0,1012,3.53,119,0.0,20,2,3
2020-03-12 22,20.65,65.38,22.51,19.4,21.0,1012,1.0,90,0.0,40,2,5
2020-03-12 23,21.27,61.55,20.78,20.0,20.52,1012,2.1,90,0.0,20,2,5
2020-03-13 00,20.85,61.53,19.47,19.82,20.36,1012,2.1,110,0.0,40,0,5
2020-03-13 01,19.73,63.6,21.31,18.71,20.0,1012,1.0,140,0.0,40,2,4
2020-03-13 02,19.35,66.7,21.02,17.61,20.0,1012,1.0,140,0.0,40,2,3
2020-03-13 03,19.23,68.53,20.58,16.55,20.0,1011,1.0,140,0.0,40,2,3
2020-03-13 04,17.18,79.72,16.96,15.0,18.0,1011,2.3,164,0.0,40,2,3
2020-03-13 05,16.27,84.57,17.03,15.0,18.0,1012,1.95,159,0.0,40,2,3
2020-03-13 06,15.62,86.65,15.93,15.0,17.89,1012,2.07,182,0.0,40,2,3
2020-03-13 07,16.65,75.82,16.13,14.6,19.8,1013,1.0,230,0.0,40,2,3
2020-03-13 08,19.48,51.27,17.36,14.6,19.8,1013,1.0,230,0.0,40,2,4
2020-03-13 09,21.73,38.05,18.42,16.4,19.8,1014,1.0,230,0.0,40,2,4
2020-03-13 10,24.3,29.7,20.74,19.0,26.2,1015,1.0,180,0.0,0,0,3
2020-03-13 11,26.2,24.38,23.93,22.47,24.2,1015,0.94,326,0.0,2,0,3
2020-03-13 12,27.23,18.18,20.75,22.65,24.58,1015,2.6,240,0.0,1,0,2
2020-03-13 13,28.1,20.12,24.1,21.8,28.0,1014,2.1,110,0.0,27,0,6
2020-03-13 14,28.82,16.88,24.2,21.8,28.0,1013,2.1,110,0.0,28,0,6
2020-03-13 15,28.83,14.62,23.67,20.88,28.0,1013,2.1,110,0.0,11,0,2
2020-03-13 16,27.75,22.77,23.83,21.2,27.4,1013,1.5,270,0.0,3,0,2
2020-03-13 17,26.02,26.3,18.89,21.2,24.5,1013,4.1,270,0.0,0,0,2
2020-03-13 18,23.48,49.3,20.69,21.2,24.5,1014,2.6,300,0.0,1,0,2
2020-03-13 19,21.6,54.25,22.88,20.47,23.0,1015,2.1,90,0.0,0,2,2
2020-03-13 20,20.98,57.38,20.07,17.25,21.0,1015,2.1,90,0.0,0,2,2
2020-03-13 21,20.5,66.0,20.08,18.23,20.6,1016,2.1,90,0.0,24,2,2
2020-03-13 22,20.05,70.83,18.81,16.76,19.2,1016,2.6,110,0.0,82,2,1
2020-03-13 23,19.5,74.53,18.64,16.41,19.2,1017,2.6,110,0.0,50,2,1
2020-03-14 00,19.2,77.53,17.87,15.95,19.2,1016,2.6,110,0.0,24,2,1
2020-03-14 01,18.93,79.72,18.02,14.64,18.0,1016,2.1,90,0.0,75,2,1
2020-03-14 02,18.45,80.15,17.92,15.02,18.0,1016,2.1,90,0.0,75,2,2
2020-03-14 03,18.75,80.03,18.24,15.63,18.0,1015,2.1,90,0.0,75,2,2
2020-03-14 04,18.8,79.58,18.47,15.79,18.0,1014,2.1,90,0.0,90,2,2
2020-03-14 05,17.4,86.85,18.05,15.59,17.8,1015,2.1,90,0.0,90,2,2
2020-03-14 06,15.93,94.73,17.85,15.67,17.8,1015,2.1,90,0.0,90,2,2
2020-03-14 07,15.95,90.73,16.79,16.4,17.83,1016,3.6,50,0.0,75,2,2
2020-03-14 08,17.12,82.88,18.8,16.4,18.6,1016,1.0,70,0.0,40,2,2
2020-03-14 09,18.95,76.6,19.28,16.4,19.0,1016,1.0,70,0.0,40,2,2
2020-03-14 10,20.05,70.98,19.92,18.57,21.6,1016,3.6,90,0.0,40,0,2
2020-03-14 11,21.45,63.58,21.89,21.0,23.6,1017,2.6,70,0.0,40,0,2
2020-03-14 12,22.88,58.5,22.11,20.79,23.6,1016,2.6,70,0.0,40,0,2
2020-03-14 13,23.85,55.47,22.99,20.96,23.2,1013,2.6,90,0.0,75,1,1
2020-03-14 14,23.12,56.77,22.43,20.0,23.2,1013,2.6,90,0.0,75,1,1
2020-03-14 15,19.67,68.55,21.98,17.19,25.0,1013,2.6,90,0.0,75,1,2
2020-03-14 16,14.2,96.12,19.42,16.96,20.6,1013,2.87,36,0.0,75,1,2
2020-03-14 17,19.57,76.3,20.52,17.2,20.6,1013,2.28,50,0.0,75,1,2
2020-03-14 18,19.43,73.17,18.68,18.78,20.0,1013,3.1,300,0.0,75,0,2
2020-03-14 19,18.45,79.4,19.97,16.6,19.0,1014,1.0,270,0.0,40,2,3
2020-03-14 20,17.45,84.78,18.54,15.89,18.0,1015,1.0,270,0.0,40,2,3
2020-03-14 21,16.6,86.65,17.84,15.71,17.0,1014,1.0,270,0.0,40,2,4
2020-03-14 22,15.83,87.53,17.22,14.71,17.0,1015,1.5,20,0.0,40,2,4
2020-03-14 23,14.98,87.57,16.9,14.42,17.0,1016,1.5,20,0.0,40,2,3
2020-03-15 00,14.55,88.03,16.5,14.54,16.2,1015,1.5,20,0.0,40,2,2
2020-03-15 01,13.78,92.95,16.39,14.19,16.0,1015,1.19,5,0.0,40,2,2
2020-03-15 02,13.2,96.43,15.93,14.17,15.6,1015,0.88,313,0.0,40,2,2
2020-03-15 03,13.0,98.35,15.93,12.77,15.6,1015,0.07,53,0.0,40,2,2
2020-03-15 04,13.15,99.22,14.54,12.43,15.0,1015,1.0,270,0.0,40,2,2
2020-03-15 05,14.05,98.5,14.44,13.71,14.0,1017,0.56,337,0.0,20,6,2
2020-03-15 06,13.7,95.88,13.59,13.0,14.11,1017,1.0,270,0.0,40,2,3
2020-03-15 07,13.35,97.47,14.51,13.98,14.6,1018,1.0,50,0.0,100,2,5
2020-03-15 08,15.15,89.95,15.11,13.0,16.0,1019,1.0,50,0.0,100,2,5
2020-03-15 09,18.6,72.2,16.26,13.0,18.0,1019,1.0,50,0.0,65,2,5
2020-03-15 10,19.7,64.62,18.62,17.07,22.0,1019,2.1,50,0.0,34,0,5
2020-03-15 11,20.93,62.85,18.69,19.0,21.2,1019,3.6,320,0.0,20,7,5
2020-03-15 12,22.58,51.23,19.92,19.58,22.0,1019,2.1,50,0.0,33,0,3
2020-03-15 13,23.12,47.75,21.08,22.0,24.44,1012,3.1,50,0.0,40,7,2
2020-03-15 14,23.83,44.65,21.43,22.68,23.89,1011,3.6,50,0.0,20,0,2
2020-03-15 15,24.95,39.73,23.45,22.29,25.0,1011,3.1,50,0.0,40,0,2
2020-03-15 16,24.45,40.28,23.26,22.5,23.8,1015,2.1,20,0.0,40,0,2
2020-03-15 17,23.68,42.52,23.16,22.13,23.8,1015,2.1,20,0.0,40,0,2
2020-03-15 18,22.48,48.22,22.7,21.16,23.89,1011,2.1,20,0.0,40,0,2
2020-03-15 19,20.98,56.65,21.1,19.0,21.0,1016,1.5,270,0.0,20,2,2
2020-03-15 20,20.4,60.33,19.46,16.88,20.0,1017,1.5,270,0.0,20,2,2
2020-03-15 21,19.65,64.75,19.71,17.06,20.0,1017,1.5,270,0.0,20,2,3
2020-03-15 22,18.95,68.62,17.93,15.6,19.0,1017,2.41,301,0.0,20,2,3
2020-03-15 23,18.2,72.7,17.44,15.56,18.6,1017,2.39,309,0.0,20,2,3
2020-03-16 00,17.88,73.42,17.46,15.97,18.0,1017,2.3,322,0.0,20,2,3
2020-03-16 01,17.42,75.12,16.43,14.78,17.0,1016,2.18,326,0.0,20,2,3
2020-03-16 02,16.9,77.78,16.31,14.44,17.6,1016,2.46,327,0.0,20,2,3
2020-03-16 03,16.6,78.58,15.83,14.1,17.0,1016,2.66,332,0.0,20,2,3
2020-03-16 04,16.27,80.05,16.26,13.8,17.0,1015,1.5,270,0.0,20,2,3
2020-03-16 05,16.27,79.03,15.29,13.8,16.0,1016,1.5,270,0.0,20,2,3
2020-03-16 06,16.3,77.97,15.23,15.0,15.18,1016,1.5,260,0.0,20,2,3
2020-03-16 07,16.52,75.85,15.23,15.0,17.4,1017,2.1,200,0.0,75,2,3
2020-03-16 08,17.35,72.03,15.83,15.73,17.0,1018,2.1,270,0.0,40,6,3
2020-03-16 09,19.05,65.0,16.41,16.0,17.4,1018,2.1,200,0.0,75,2,4
2020-03-16 10,20.95,59.12,19.8,19.0,23.8,1013,2.1,320,0.0,75,0,4
2020-03-16 11,22.6,55.23,22.2,22.55,23.8,1012,2.1,320,0.0,75,0,3
2020-03-16 12,23.88,51.48,21.81,22.0,23.8,1013,2.1,320,0.0,75,0,2
2020-03-16 13,24.82,49.58,22.94,23.0,26.6,1012,4.1,250,0.0,40,0,2
2020-03-16 14,26.07,45.22,24.0,23.89,26.6,1012,4.1,250,0.0,40,0,2
2020-03-16 15,26.45,46.23,24.17,24.66,26.6,1015,4.1,250,0.0,40,0,2
2020-03-16 16,26.7,46.33,22.7,24.72,25.2,1015,3.1,330,0.0,20,0,2
2020-03-16 17,26.3,46.08,23.35,24.0,25.2,1010,4.1,340,0.0,20,0,2
2020-03-16 18,24.82,51.3,23.28,23.54,25.2,1010,3.1,300,0.0,20,0,2
2020-03-16 19,23.15,53.98,25.46,19.4,24.44,1011,1.0,270,0.0,0,0,2
2020-03-16 20,22.08,60.53,22.66,18.72,22.0,1016,1.0,270,0.0,0,0,2
2020-03-16 21,21.05,69.07,23.16,19.04,22.0,1017,1.0,270,0.0,0,0,3
2020-03-16 22,20.73,71.55,20.84,17.55,20.0,1017,1.0,270,0.0,0,0,4
2020-03-16 23,20.35,71.85,20.01,17.24,19.0,1017,1.0,270,0.0,0,0,4
2020-03-17 00,19.67,74.12,20.14,17.58,19.0,1016,1.0,270,0.0,0,0,4
2020-03-17 01,19.12,75.0,19.53,15.8,19.0,1016,1.0,270,0.0,0,0,4
2020-03-17 02,18.6,76.47,18.55,15.8,18.0,1016,1.0,270,0.0,0,0,3
2020-03-17 03,18.1,78.8,18.26,14.97,18.0,1015,1.0,270,0.0,0,0,3
2020-03-17 04,17.85,78.33,17.04,14.4,17.0,1015,1.0,270,0.0,0,2,3
2020-03-17 05,17.52,78.92,16.05,14.4,16.41,1016,1.0,270,0.0,0,2,3
2020-03-17 06,17.33,79.83,15.33,14.0,15.95,1016,1.0,270,0.0,0,2,3
2020-03-17 07,17.25,79.53,17.0,15.0,18.4,1017,1.5,270,0.0,0,2,3
2020-03-17 08,19.02,71.93,17.76,16.6,18.0,1018,1.5,270,0.0,0,2,3
2020-03-17 09,21.55,63.2,19.2,17.2,19.0,1018,1.5,270,0.0,0,2,3
2020-03-17 10,23.48,55.62,21.28,21.79,24.8,1013,4.1,270,0.0,0,0,3
2020-03-17 11,24.88,47.98,23.35,24.44,25.0,1012,4.1,270,0.0,0,0,2
2020-03-17 12,26.53,41.98,23.97,24.44,26.0,1012,4.1,270,0.0,0,0,2
2020-03-17 13,27.5,37.1,27.33,26.98,27.4,1016,2.1,290,0.0,0,0,2
2020-03-17 14,28.25,33.92,27.87,27.06,28.2,1015,2.1,290,0.0,0,0,2
2020-03-17 15,28.4,33.12,26.93,25.58,27.4,1015,2.1,290,0.0,0,0,1
2020-03-17 16,28.2,33.98,25.7,25.2,27.0,1010,3.1,270,0.0,0,0,1
2020-03-17 17,27.48,34.15,24.96,25.2,26.8,1010,3.1,270,0.0,0,0,1
2020-03-17 18,25.93,37.65,23.35,24.91,25.8,1010,3.1,290,0.0,1,0,1
2020-03-17 19,23.92,46.95,25.7,20.2,25.0,1011,1.0,250,0.0,0,2,1
2020-03-17 20,22.6,56.17,22.51,19.18,22.0,1016,1.0,250,0.0,0,2,2
2020-03-17 21,21.12,65.38,22.08,19.34,21.0,1017,1.0,250,0.0,0,2,2
2020-03-17 22,19.45,73.97,20.45,17.54,21.0,1017,2.54,317,0.0,0,2,3
2020-03-17 23,18.4,78.8,19.43,17.05,20.0,1017,2.51,321,0.0,0,2,3
2020-03-18 00,18.8,77.03,19.02,17.12,19.0,1016,2.39,324,0.0,0,2,3
2020-03-18 01,19.9,68.67,18.41,15.6,19.0,1016,2.11,327,0.0,0,2,3
2020-03-18 02,19.78,69.03,17.94,15.6,19.0,1016,2.43,328,0.0,0,2,4
2020-03-18 03,19.17,71.45,17.15,15.6,18.0,1015,2.64,324,0.0,0,2,6
2020-03-18 04,18.85,72.65,16.63,14.8,16.0,1015,1.0,250,0.0,0,2,6
2020-03-18 05,18.88,71.6,17.07,14.8,17.14,1015,1.0,250,0.0,0,2,6
2020-03-18 06,18.38,74.9,16.53,14.8,17.18,1015,1.0,250,0.0,0,2,6
2020-03-18 07,18.05,76.78,18.55,16.0,20.2,1016,1.0,270,0.0,0,2,6
2020-03-18 08,19.95,69.05,19.46,17.4,19.0,1016,1.0,270,0.0,0,2,6
2020-03-18 09,22.68,59.7,21.44,18.59,21.0,1016,1.0,270,0.0,0,2,6
2020-03-18 10,24.72,53.28,22.37,22.25,26.4,1012,4.1,250,0.0,0,0,6
2020-03-18 11,26.55,46.18,24.07,24.0,26.4,1012,4.1,250,0.0,0,0,6
2020-03-18 12,28.12,38.27,25.26,25.56,27.0,1011,4.1,250,0.0,0,0,1
2020-03-18 13,28.98,33.02,26.17,28.0,28.6,1014,4.1,280,0.0,1,0,1
2020-03-18 14,29.57,33.08,27.68,28.0,29.4,1013,3.6,270,0.0,0,0,2
2020-03-18 15,29.98,32.23,27.2,26.89,29.2,1013,3.6,270,0.0,8,0,1
2020-03-18 16,29.38,34.0,28.54,26.2,29.0,1007,2.6,250,0.0,2,0,1
2020-03-18 17,28.8,36.47,27.84,26.2,28.4,1008,2.6,250,0.0,10,0,1
2020-03-18 18,27.0,42.03,25.22,26.0,28.0,1007,3.1,290,0.0,20,0,1
2020-03-18 19,25.4,49.33,26.62,22.4,26.67,1008,2.28,324,0.0,40,2,2
2020-03-18 20,24.27,54.95,24.3,21.39,24.0,1014,2.58,330,0.0,40,2,2
2020-03-18 21,23.85,58.05,24.58,21.9,24.0,1014,2.69,332,0.0,40,2,3
2020-03-18 22,22.93,64.72,25.26,19.64,26.67,1009,2.59,332,0.0,20,2,3
2020-03-18 23,21.45,71.3,21.79,18.96,22.0,1013,2.65,334,0.0,20,2,3
2020-03-19 00,19.77,79.88,22.69,19.43,22.0,1013,2.25,340,0.0,20,2,3
2020-03-19 01,19.4,81.85,21.21,17.97,21.0,1012,2.03,345,0.0,20,2,3
2020-03-19 02,18.65,86.68,20.57,17.59,21.0,1012,1.86,343,0.0,20,2,3
2020-03-19 03,18.9,85.5,20.14,16.69,20.0,1011,1.86,343,0.0,20,2,3
2020-03-19 04,18.02,89.75,19.87,16.35,19.0,1011,1.0,230,0.0,20,2,3
2020-03-19 05,17.6,92.95,19.03,17.2,17.63,1012,1.0,230,0.0,20,2,3
2020-03-19 06,17.3,95.1,18.82,17.0,17.66,1012,1.0,230,0.0,20,2,3
2020-03-19 07,18.55,90.7,18.92,16.0,20.0,1012,1.0,270,0.0,20,2,4
2020-03-19 08,20.47,80.47,20.39,17.0,20.0,1013,1.0,270,0.0,20,2,5
2020-03-19 09,23.27,67.52,22.34,17.0,22.0,1013,1.0,270,0.0,20,2,5
2020-03-19 10,25.55,58.67,25.38,23.89,27.4,1008,2.6,250,0.0,1,0,5
2020-03-19 11,27.3,49.8,27.4,26.0,27.4,1009,2.6,250,0.0,0,0,4
2020-03-19 12,28.62,44.92,28.53,26.99,28.0,1007,2.6,250,0.0,8,0,3
2020-03-19 13,29.73,39.8,28.53,28.0,29.0,1011,2.6,250,0.0,1,0,3
2020-03-19 14,30.6,35.92,29.49,27.8,29.8,1010,2.1,230,0.0,18,0,3
2020-03-19 15,30.55,38.0,29.86,27.77,30.0,1009,2.1,230,0.0,42,0,3
2020-03-19 16,29.7,42.05,30.71,26.8,29.0,1009,1.0,290,0.0,72,0,3
2020-03-19 17,29.0,44.4,30.39,26.8,29.0,1009,1.0,290,0.0,63,0,3
2020-03-19 18,27.52,47.92,29.55,26.8,28.8,1005,1.0,290,0.0,42,0,2
2020-03-19 19,25.9,49.98,29.34,23.6,27.78,1005,1.5,360,0.0,52,2,2
2020-03-19 20,25.12,55.67,27.93,22.34,27.22,1005,1.5,360,0.0,37,2,3
2020-03-19 21,24.27,58.5,26.71,22.3,25.0,1011,1.5,360,0.0,24,2,4
2020-03-19 22,23.43,60.32,23.4,19.81,23.0,1012,2.52,7,0.0,20,2,5
2020-03-19 23,21.38,70.25,22.53,19.03,23.0,1011,2.42,19,0.0,20,2,5
2020-03-20 00,20.05,77.68,22.55,19.14,22.0,1011,2.43,36,0.0,20,2,5
2020-03-20 01,19.8,77.58,21.3,18.33,21.0,1011,2.52,65,0.0,20,2,5
2020-03-20 02,21.0,73.25,21.87,18.15,21.4,1010,1.93,118,0.0,20,2,5
2020-03-20 03,21.65,68.47,21.04,16.88,20.0,1010,1.43,181,0.0,20,2,4
2020-03-20 04,20.4,74.7,19.55,16.45,18.97,1009,1.49,207,0.0,20,2,4
2020-03-20 05,19.73,77.85,20.62,18.0,20.64,1010,1.18,252,0.0,20,2,5
2020-03-20 06,18.4,84.88,19.61,17.0,20.52,1010,1.39,272,0.0,20,2,5
2020-03-20 07,18.38,86.17,20.89,18.0,20.8,1011,1.0,20,0.0,20,2,5
2020-03-20 08,21.5,71.6,23.27,20.0,22.0,1012,1.0,20,0.0,20,2,5
2020-03-20 09,24.1,59.15,24.62,18.0,24.0,1012,1.0,20,0.0,20,2,5
2020-03-20 10,26.18,51.83,25.85,25.0,27.78,1007,2.6,90,0.0,20,7,5
2020-03-20 11,28.12,44.9,29.58,27.0,29.2,1008,2.1,50,0.0,20,0,4
2020-03-20 12,29.8,40.0,27.41,27.2,28.33,1006,3.1,70,0.0,20,7,3
2020-03-20 13,30.3,40.23,31.53,28.0,31.2,1010,1.0,90,0.0,20,7,4
2020-03-20 14,30.12,37.72,29.97,29.0,30.18,1010,2.6,90,0.0,40,0,3
2020-03-20 15,30.3,33.1,32.39,27.68,31.2,1009,1.0,90,0.0,20,7,3
2020-03-20 16,30.77,33.33,31.21,27.86,29.8,1004,1.0,110,0.0,40,0,2
2020-03-20 17,30.02,34.7,31.07,27.8,29.8,1004,1.0,110,0.0,40,0,2
2020-03-20 18,28.73,39.15,30.01,27.0,29.8,1004,1.0,110,0.0,40,0,2
2020-03-20 19,25.65,51.15,30.04,24.4,27.0,1008,1.0,200,0.0,40,2,3
2020-03-20 20,23.48,62.3,28.2,22.86,26.0,1009,1.0,200,0.0,40,2,3
2020-03-20 21,22.98,66.75,27.82,22.67,25.0,1010,1.0,200,0.0,40,2,3
2020-03-20 22,23.15,70.82,26.93,21.5,25.0,1010,1.0,200,0.0,40,2,4
2020-03-20 23,23.4,70.67,26.91,21.94,25.0,1011,1.0,200,0.0,40,2,4
2020-03-21 00,23.68,66.47,26.25,21.78,24.0,1010,1.0,200,0.0,40,2,5
2020-03-21 01,21.58,78.7,25.23,20.37,23.0,1009,1.0,140,0.0,40,2,5
2020-03-21 02,21.62,78.53,24.83,20.09,23.0,1009,1.0,140,0.0,40,2,4
2020-03-21 03,21.73,70.78,24.7,18.71,23.0,1009,1.0,140,0.0,40,2,4
2020-03-21 04,20.75,71.97,23.53,18.06,22.0,1009,1.0,70,0.0,40,2,3
2020-03-21 05,19.35,78.8,22.88,19.0,21.0,1009,1.0,70,0.0,40,2,3
2020-03-21 06,18.95,83.47,19.43,19.68,20.31,1010,2.1,230,0.0,75,0,2
2020-03-21 07,19.85,75.38,22.85,21.0,22.2,1011,1.0,230,0.0,20,0,2
2020-03-21 08,23.05,56.02,23.01,20.72,23.0,1012,1.0,230,0.0,20,0,2
2020-03-21 09,23.98,57.33,23.79,20.62,24.0,1012,1.0,230,0.0,20,0,3
2020-03-21 10,25.93,51.1,26.87,24.01,27.8,1008,1.5,270,0.0,40,0,5
2020-03-21 11,28.23,43.85,27.81,25.83,27.2,1008,1.5,270,0.0,40,0,4
2020-03-21 12,29.52,39.03,29.31,26.76,28.0,1012,1.5,270,0.0,40,0,3
2020-03-21 13,30.68,35.88,31.85,29.13,30.0,1011,1.5,20,0.0,40,0,3
2020-03-21 14,30.12,35.78,31.42,29.0,29.89,1010,1.5,20,0.0,40,0,3
2020-03-21 15,29.58,39.85,29.98,27.12,29.8,1010,1.5,20,0.0,40,0,3
2020-03-21 16,29.62,38.25,28.8,27.2,28.8,1009,2.1,250,0.0,20,0,4
2020-03-21 17,29.52,33.28,29.27,28.0,28.8,1009,2.1,250,0.0,20,0,3
2020-03-21 18,28.48,35.73,28.58,27.0,29.59,1009,2.1,250,0.0,20,0,3
2020-03-21 19,26.98,40.05,25.63,24.8,27.55,1005,2.45,344,0.0,40,0,2
2020-03-21 20,24.27,55.25,27.18,22.42,27.22,1006,2.05,9,0.0,20,2,3
2020-03-21 21,23.0,63.95,27.52,22.6,27.22,1007,2.21,37,0.0,20,2,4
2020-03-21 22,22.93,68.18,24.31,20.6,23.0,1013,2.24,37,0.0,20,2,5
2020-03-21 23,23.48,68.92,23.13,20.6,21.8,1013,2.16,35,0.0,20,2,5
2020-03-22 00,22.55,74.92,23.93,20.6,23.0,1013,1.95,35,0.0,20,2,5
2020-03-22 01,22.0,69.9,22.5,19.38,21.0,1013,2.0,36,0.0,20,2,5
2020-03-22 02,21.73,64.92,22.07,19.07,21.0,1012,2.16,45,0.0,20,2,5
2020-03-22 03,20.77,66.9,21.15,18.09,20.0,1012,2.21,39,0.0,20,2,5
2020-03-22 04,19.68,70.65,20.63,17.4,20.0,1011,1.84,26,0.0,20,2,5
2020-03-22 05,19.45,68.35,19.6,17.4,20.42,1012,1.51,356,0.0,20,2,4
2020-03-22 06,18.0,76.4,18.94,17.0,19.82,1012,1.39,341,0.0,20,2,3
2020-03-22 07,17.7,79.2,19.89,18.0,20.06,1013,1.44,327,0.0,0,2,3
2020-03-22 08,21.68,62.3,21.66,18.0,21.0,1014,0.71,314,0.0,0,2,4
2020-03-22 09,24.48,52.95,25.87,18.0,27.22,1010,0.61,259,0.0,0,2,5
2020-03-22 10,26.52,47.27,27.16,25.26,28.4,1009,2.6,250,0.0,0,0,5
2020-03-22 11,28.65,41.45,28.41,27.22,28.4,1009,2.6,250,0.0,0,0,4
2020-03-22 12,29.73,37.35,28.67,27.85,28.4,1014,2.6,250,0.0,1,0,4
2020-03-22 13,30.77,32.92,30.31,29.59,30.4,1012,2.6,270,0.0,3,0,3
2020-03-22 14,31.25,30.83,30.36,29.6,30.4,1012,2.6,270,0.0,11,0,3
2020-03-22 15,31.23,32.45,30.28,28.51,31.0,1011,2.6,270,0.0,5,0,2
2020-03-22 16,30.98,30.55,30.8,27.4,30.0,1007,1.5,290,0.0,20,0,2
2020-03-22 17,30.08,33.25,30.37,28.05,29.0,1006,1.5,290,0.0,20,0,2
2020-03-22 18,28.35,39.7,29.73,27.4,29.0,1006,1.5,290,0.0,20,0,1
2020-03-22 19,26.6,44.7,29.56,24.4,28.33,1007,1.0,320,0.0,20,0,2
2020-03-22 20,25.68,47.35,28.08,21.93,28.33,1007,1.0,320,0.0,20,0,2
2020-03-22 21,25.0,52.35,26.75,22.23,25.0,1013,1.0,320,0.0,20,0,2
2020-03-22 22,24.42,53.83,25.28,20.96,25.0,1013,2.23,349,0.0,20,2,2
2020-03-22 23,23.8,55.75,23.88,21.24,24.0,1013,2.46,358,0.0,20,2,2
2020-03-23 00,22.92,60.7,23.76,21.85,23.0,1013,2.66,4,0.0,20,2,2
2020-03-23 01,22.43,62.38,24.92,20.4,23.0,1012,1.0,20,0.0,40,2,3
2020-03-23 02,22.15,63.35,22.9,19.71,20.6,1012,1.0,20,0.0,40,2,4
2020-03-23 03,21.5,66.28,22.89,18.96,21.0,1011,1.0,20,0.0,40,2,4
2020-03-23 04,20.8,69.72,21.0,18.38,20.0,1012,1.9,11,0.0,40,2,4
2020-03-23 05,18.8,80.45,20.12,18.6,19.29,1012,2.51,359,0.0,40,2,4
2020-03-23 06,18.1,84.95,19.43,18.0,18.73,1012,2.15,342,0.0,40,2,4
2020-03-23 07,18.55,83.12,20.28,18.4,21.2,1013,2.6,250,0.0,20,2,4
2020-03-23 08,22.53,65.9,21.53,18.4,21.4,1014,2.6,250,0.0,20,2,3
2020-03-23 09,25.02,54.4,23.27,18.4,24.0,1014,2.6,250,0.0,20,2,3
2020-03-23 10,26.73,46.45,27.57,24.28,29.2,1009,1.0,270,0.0,20,0,3
2020-03-23 11,29.2,32.52,27.78,26.97,28.4,1008,1.5,230,0.0,20,0,2
2020-03-23 12,30.15,31.2,29.79,27.31,29.2,1009,1.0,270,0.0,20,0,2
2020-03-23 13,31.28,26.52,28.85,29.39,30.8,1013,1.5,230,0.0,1,0,2
2020-03-23 14,32.0,25.07,31.33,29.57,32.2,1011,2.1,230,0.0,20,0,2
2020-03-23 15,32.45,23.62,31.0,28.75,32.2,1011,2.1,230,0.0,20,0,2
2020-03-23 16,31.12,25.23,31.45,28.0,31.0,1006,2.1,340,0.0,20,0,2
2020-03-23 17,30.93,28.0,30.94,28.0,30.4,1006,2.1,340,0.0,20,0,1
2020-03-23 18,29.5,30.48,30.39,28.0,30.4,1006,2.1,340,0.0,20,0,1
2020-03-23 19,26.42,38.1,28.85,24.2,27.0,1011,1.49,341,0.0,20,0,1
2020-03-23 20,23.9,50.98,27.05,22.5,26.4,1011,1.55,351,0.0,20,0,1
2020-03-23 21,22.75,60.05,25.84,22.6,24.2,1011,1.63,347,0.0,20,0,2
2020-03-23 22,22.2,63.3,24.19,20.32,23.0,1012,1.83,354,0.0,20,2,3
2020-03-23 23,21.75,64.3,22.99,20.09,22.2,1012,1.98,356,0.0,20,2,4
2020-03-24 00,22.27,59.12,22.42,20.12,21.45,1012,2.15,8,0.0,20,2,5
2020-03-24 01,22.27,58.38,21.91,19.2,21.09,1011,2.45,30,0.0,20,2,5
2020-03-24 02,21.27,65.07,22.43,19.2,21.33,1011,1.97,42,0.0,20,2,4
2020-03-24 03,21.6,64.33,26.21,19.2,28.0,1005,1.77,66,0.0,20,2,4
2020-03-24 04,22.08,62.77,22.19,19.15,21.0,1010,1.93,85,0.0,40,2,4
2020-03-24 05,20.97,69.38,21.75,20.38,21.11,1011,1.81,100,0.0,20,2,4
2020-03-24 06,20.85,72.6,23.51,19.8,22.0,1010,1.6,132,0.0,40,2,4
2020-03-24 07,21.4,71.95,24.04,21.89,24.6,1011,1.5,140,0.0,40,2,4
2020-03-24 08,23.73,62.2,25.31,21.65,25.0,1012,1.5,140,0.0,40,2,3
2020-03-24 09,26.65,48.15,27.05,22.0,27.22,1008,1.5,140,0.0,40,2,3
2020-03-24 10,28.45,39.35,28.85,26.71,28.4,1007,2.6,140,0.0,75,0,3
2020-03-24 11,28.85,36.92,30.12,27.78,29.8,1007,2.6,140,0.0,75,0,2
2020-03-24 12,30.1,35.75,31.06,28.26,30.4,1011,2.6,140,0.0,75,0,2
2020-03-24 13,31.32,35.15,32.78,29.36,32.8,1010,2.1,180,0.0,40,0,2
2020-03-24 14,32.45,32.9,32.82,29.55,32.8,1009,2.1,180,0.0,40,0,2
2020-03-24 15,31.48,33.88,31.7,27.74,32.8,1009,2.1,180,0.0,40,0,2
2020-03-24 16,29.88,38.15,26.5,22.0,28.33,1005,3.1,50,0.0,40,2,2
2020-03-24 17,19.88,89.25,26.48,21.6,28.66,1005,3.1,50,0.0,40,2,2
2020-03-24 18,21.88,79.42,26.36,22.0,27.78,1005,3.1,50,0.0,40,2,1
2020-03-24 19,21.98,84.38,24.65,23.0,24.24,1010,1.5,140,4.0,40,5,1
2020-03-24 20,22.18,78.78,23.97,22.38,23.0,1011,1.5,140,0.0,40,5,1
2020-03-24 21,22.08,73.15,23.42,22.0,23.0,1011,1.5,140,0.0,40,5,1
2020-03-24 22,19.85,88.55,23.79,20.2,21.0,1011,0.74,99,0.0,40,2,1
2020-03-24 23,20.48,87.38,22.33,19.4,20.73,1011,1.68,153,0.0,40,2,1
2020-03-25 00,20.05,86.5,21.91,19.0,21.0,1011,1.7,173,0.0,40,2,1
2020-03-25 01,18.85,94.35,21.05,19.0,19.92,1010,1.82,184,0.0,20,2,1
2020-03-25 02,18.35,98.0,19.93,18.0,19.55,1010,2.3,190,0.0,20,2,1
2020-03-25 03,18.3,99.0,20.44,18.0,19.82,1010,1.57,339,0.0,20,2,1
2020-03-25 04,19.52,92.17,20.56,18.2,19.0,1011,1.71,342,0.0,20,2,2
2020-03-25 05,19.07,90.75,20.2,18.0,20.03,1011,1.98,325,0.0,20,2,3
2020-03-25 06,17.73,96.65,20.47,18.0,20.16,1011,1.51,292,0.0,20,2,3
2020-03-25 07,17.58,98.83,22.6,18.0,22.8,1012,1.38,274,0.0,0,2,3
2020-03-25 08,22.25,79.95,24.8,19.4,22.8,1012,0.92,262,0.0,0,2,3
2020-03-25 09,26.38,54.75,25.65,19.4,24.0,1012,1.4,265,0.0,0,2,3
2020-03-25 10,29.1,42.23,29.89,27.47,28.6,1008,1.0,270,0.0,4,0,2
2020-03-25 11,30.48,38.3,30.92,27.78,29.4,1008,1.0,270,0.0,0,0,2
2020-03-25 12,31.52,36.88,31.23,28.6,29.4,1013,1.0,270,0.0,11,0,1
2020-03-25 13,32.33,34.65,30.82,29.0,33.0,1011,2.6,270,0.0,40,0,1
2020-03-25 14,32.6,33.3,32.25,30.0,33.0,1011,2.6,270,0.0,40,0,2
2020-03-25 15,32.8,30.65,31.48,29.06,33.0,1011,2.6,270,0.0,40,0,1
2020-03-25 16,32.25,30.93,26.61,28.4,29.27,1010,3.6,310,0.0,40,0,1
2020-03-25 17,30.62,37.75,30.7,27.78,30.2,1009,2.6,320,0.0,40,0,1
2020-03-25 18,28.6,45.12,27.77,28.0,28.8,1010,4.1,350,0.0,75,0,1
2020-03-25 19,27.12,52.02,30.7,26.0,27.01,1011,1.0,270,0.0,40,2,1
2020-03-25 20,26.2,59.95,28.94,24.08,26.0,1011,1.0,270,0.0,40,2,1
2020-03-25 21,25.38,63.62,28.89,23.49,26.0,1011,1.0,270,0.0,40,2,2
2020-03-25 22,24.58,67.33,27.02,21.42,25.0,1012,1.0,270,0.0,40,2,2
2020-03-25 23,23.6,72.58,25.93,20.83,24.8,1012,1.0,270,0.0,40,2,2
2020-03-26 00,23.42,74.0,24.96,20.74,24.8,1012,1.0,270,0.0,40,2,2
2020-03-26 01,23.95,70.1,21.45,19.99,23.6,1012,4.1,230,0.0,40,2,2
2020-03-26 02,23.65,71.65,21.68,20.04,23.6,1012,4.1,230,0.0,40,2,3
2020-03-26 03,23.77,67.8,19.9,19.52,21.0,1010,2.1,340,0.0,40,0,4
2020-03-26 04,22.9,68.7,20.12,19.63,20.1,1010,1.5,250,0.0,75,0,2
2020-03-26 05,22.4,71.6,22.91,20.0,21.6,1011,1.0,270,0.0,40,2,2
2020-03-26 06,22.2,68.88,22.68,20.0,21.6,1011,1.0,270,0.0,40,2,2
2020-03-26 07,21.68,71.8,22.24,21.0,25.2,1012,2.6,270,0.0,40,0,2
2020-03-26 08,24.12,59.77,23.85,22.32,25.2,1013,2.6,270,0.0,40,0,2
2020-03-26 09,26.28,50.35,25.21,22.4,26.0,1013,2.6,270,0.0,40,0,2
2020-03-26 10,27.52,45.72,26.39,24.62,28.8,1010,5.1,250,0.0,40,0,2
2020-03-26 11,28.38,42.85,26.95,26.09,28.8,1010,5.1,250,0.0,40,0,2
2020-03-26 12,28.9,42.08,26.79,26.09,28.8,1009,5.1,250,0.0,40,0,1
2020-03-26 13,28.28,43.88,28.21,26.2,28.33,1008,3.1,250,0.0,75,0,1
2020-03-26 14,27.88,46.2,27.33,25.2,28.33,1007,3.1,250,0.0,75,0,1
2020-03-26 15,26.7,48.9,27.39,25.0,29.2,1007,3.1,250,0.0,75,0,1
2020-03-26 16,26.15,51.08,27.55,25.0,26.63,1012,2.1,290,0.0,75,0,1
2020-03-26 17,25.92,54.07,27.44,25.0,26.4,1012,2.1,290,0.0,75,0,1
2020-03-26 18,25.57,57.8,26.86,24.0,26.4,1012,2.1,290,0.0,75,0,1
2020-03-26 19,24.9,63.05,24.84,23.68,24.39,1012,2.1,320,0.0,40,0,1
2020-03-26 20,24.2,68.65,25.54,21.7,23.0,1013,1.5,250,0.0,75,2,2
2020-03-26 21,24.0,71.85,25.54,21.96,23.0,1013,1.5,250,0.0,75,2,2
2020-03-26 22,23.58,74.25,25.54,21.2,22.0,1013,1.0,250,0.0,75,2,2
2020-03-26 23,23.53,75.75,25.38,21.0,22.6,1013,1.0,250,0.0,75,2,2
2020-03-27 00,23.05,77.77,23.96,20.0,21.77,1014,1.0,250,0.0,75,2,3
2020-03-27 01,22.88,78.43,20.4,19.0,21.4,1014,3.1,270,0.0,75,2,3
2020-03-27 02,22.57,72.4,18.66,18.8,19.89,1014,3.6,270,0.0,40,2,2
2020-03-27 03,22.07,66.4,19.36,18.0,21.4,1014,3.1,270,0.0,75,2,1
2020-03-27 04,21.68,66.25,20.55,18.0,21.0,1013,1.0,200,0.0,75,2,1
2020-03-27 05,21.57,67.15,21.39,18.0,21.0,1013,1.0,200,0.0,75,2,1
2020-03-27 06,20.93,74.78,21.52,19.0,21.0,1014,1.0,200,0.0,75,2,1
2020-03-27 07,20.55,79.7,21.17,19.0,20.4,1016,2.1,250,0.0,90,8,1
2020-03-27 08,20.8,80.95,21.41,19.0,20.4,1016,2.1,250,0.0,90,8,1
2020-03-27 09,20.92,84.45,21.38,18.73,20.4,1017,2.1,250,1.0,90,8,1
2020-03-27 10,20.55,90.18,22.33,19.77,21.0,1016,2.1,50,2.0,90,4,2
2020-03-27 11,21.27,84.53,23.79,21.0,21.6,1016,2.1,50,2.5,90,4,2
2020-03-27 12,22.27,76.38,23.91,21.0,22.52,1016,2.1,50,2.0,90,4,2
2020-03-27 13,24.35,61.72,24.13,21.0,25.56,1008,2.1,90,0.0,40,0,2
2020-03-27 14,24.07,58.77,26.35,24.0,25.56,1008,2.1,90,0.0,40,0,1
2020-03-27 15,26.3,51.67,26.56,24.48,25.56,1007,2.1,90,0.0,40,0,1
2020-03-27 16,27.08,46.05,24.9,24.4,26.11,1008,3.1,110,0.0,40,0,1
2020-03-27 17,26.65,45.67,24.71,24.0,26.11,1008,3.1,110,0.0,40,0,1
2020-03-27 18,25.38,50.55,24.4,23.87,26.11,1007,3.1,110,0.0,40,0,1
2020-03-27 19,24.55,56.48,21.49,22.0,23.4,1013,4.1,320,1.5,90,4,1
2020-03-27 20,22.2,68.1,20.05,20.27,23.4,1014,4.1,320,2.0,90,4,1
2020-03-27 21,18.97,86.6,20.82,20.0,20.78,1015,3.1,350,0.0,40,2,1
2020-03-27 22,18.9,92.83,21.96,19.3,20.0,1016,1.0,50,0.0,90,2,1
2020-03-27 23,19.23,92.28,21.85,18.75,20.2,1016,1.0,50,0.0,90,2,1
2020-03-28 00,19.3,91.68,21.02,18.66,19.0,1016,0.87,37,0.0,75,2,1
2020-03-28 01,19.12,94.43,20.76,17.6,20.0,1015,1.0,70,0.0,40,2,1
2020-03-28 02,18.98,96.6,19.97,17.13,19.2,1015,1.0,70,0.0,40,2,1
2020-03-28 03,18.32,98.12,19.82,16.92,19.0,1015,1.0,70,0.0,40,2,1
2020-03-28 04,18.8,96.2,20.0,16.8,19.0,1015,1.0,230,0.0,20,2,1
2020-03-28 05,18.57,91.6,19.42,16.8,18.4,1015,1.0,230,0.0,20,2,1
2020-03-28 06,17.38,96.73,19.34,16.8,18.0,1015,1.0,230,0.0,20,2,1
2020-03-28 07,17.1,98.05,19.19,16.8,19.6,1016,2.1,270,0.0,80,2,2
2020-03-28 08,19.88,87.35,19.99,16.8,20.0,1017,2.1,270,0.0,42,2,2
2020-03-28 09,21.8,76.68,21.57,16.8,22.0,1017,2.1,270,0.0,38,2,2
2020-03-28 10,23.48,70.25,23.18,22.31,26.11,1011,4.1,310,0.0,1,0,2
2020-03-28 11,24.93,62.65,23.07,24.0,26.11,1011,4.1,290,0.0,20,0,1
2020-03-28 12,26.1,55.68,23.45,24.0,26.11,1010,4.1,300,0.0,20,0,1
2020-03-28 13,27.25,50.05,24.97,25.0,27.4,1010,3.1,250,0.0,0,0,1
2020-03-28 14,27.93,46.4,26.16,26.8,27.74,1013,3.1,250,0.0,0,0,1
2020-03-28 15,28.52,44.2,26.6,26.95,28.0,1013,3.1,250,0.0,1,0,1
2020-03-28 16,28.33,41.52,27.21,26.8,27.6,1007,1.5,250,0.0,1,0,1
2020-03-28 17,27.9,43.3,27.01,26.0,27.78,1008,1.5,250,0.0,0,0,1
2020-03-28 18,26.77,46.9,26.09,25.0,27.6,1008,1.5,250,0.0,0,0,1
2020-03-28 19,24.95,50.73,25.65,22.6,24.69,1013,1.0,270,0.0,0,0,1
2020-03-28 20,24.05,56.02,23.78,22.0,22.71,1013,1.0,270,0.0,0,0,1
2020-03-28 21,23.32,60.15,22.92,21.0,22.65,1013,1.0,270,0.0,13,0,1
2020-03-28 22,22.62,65.12,22.2,20.0,21.0,1013,1.0,290,0.0,20,0,2
2020-03-28 23,22.42,65.75,22.27,20.0,21.4,1014,1.0,290,0.0,20,0,2
2020-03-29 00,21.85,68.27,22.15,20.0,21.0,1013,1.0,290,0.0,20,0,1
2020-03-29 01,21.18,71.82,19.7,18.8,20.0,1013,3.07,315,0.0,0,2,1
2020-03-29 02,20.75,73.35,19.57,18.8,20.0,1012,3.02,313,0.0,0,2,1
2020-03-29 03,20.43,73.88,18.52,17.81,19.0,1012,3.01,306,0.0,0,2,1
2020-03-29 04,19.82,76.78,18.77,17.73,18.4,1012,1.5,250,0.0,0,2,1
2020-03-29 05,19.98,75.08,19.15,18.0,19.16,1012,1.5,250,0.0,0,2,1
2020-03-29 06,19.98,75.45,19.3,18.0,19.08,1012,1.5,250,0.0,0,2,1
2020-03-29 07,19.95,74.62,18.72,18.0,22.4,1013,2.6,340,0.0,0,0,1
2020-03-29 08,21.35,67.33,19.59,19.0,22.4,1013,2.6,340,0.0,0,0,1
2020-03-29 09,23.3,59.08,20.87,20.0,23.0,1013,2.6,340,0.0,0,0,1
2020-03-29 10,25.45,50.92,23.63,24.99,27.4,1009,4.1,270,0.0,0,0,1
2020-03-29 11,27.38,40.15,25.34,26.67,27.8,1009,4.1,270,0.0,0,0,1
2020-03-29 12,28.83,38.42,25.09,26.67,27.56,1009,4.1,270,0.0,4,0,1
2020-03-29 13,29.5,33.67,25.5,28.0,29.8,1012,5.1,270,0.0,13,0,1
2020-03-29 14,30.03,31.42,26.35,28.96,30.0,1011,5.1,270,0.0,6,0,1
2020-03-29 15,30.1,28.07,25.79,27.92,29.8,1011,5.1,270,0.0,5,0,1
2020-03-29 16,30.05,27.88,26.96,27.2,29.0,1007,3.1,320,0.0,4,0,1
2020-03-29 17,29.48,29.88,24.2,27.2,28.0,1006,5.7,290,0.0,1,0,1
2020-03-29 18,27.92,35.35,24.89,27.0,28.33,1006,4.6,300,0.0,1,0,1
2020-03-29 19,26.22,43.33,25.92,23.6,25.1,1012,1.0,270,0.0,0,0,1
2020-03-29 20,25.23,47.15,24.23,22.55,24.0,1013,1.0,270,0.0,0,0,1
2020-03-29 21,24.52,50.67,24.47,22.54,24.0,1013,1.0,270,0.0,0,0,1
2020-03-29 22,23.77,54.28,24.19,21.04,24.0,1013,1.0,320,0.0,0,0,2
2020-03-29 23,23.02,58.0,23.26,20.66,23.0,1014,1.0,320,0.0,0,0,2
2020-03-30 00,22.4,62.45,22.8,20.87,22.0,1013,1.0,320,0.0,0,0,2
2020-03-30 01,22.02,64.5,22.84,19.75,22.0,1012,1.0,270,0.0,0,2,1
2020-03-30 02,21.43,65.82,21.48,18.98,21.0,1012,1.0,270,0.0,0,2,1
2020-03-30 03,20.95,66.35,21.42,17.65,21.0,1011,1.0,270,0.0,0,2,1
2020-03-30 04,20.15,72.28,21.02,17.4,21.0,1012,1.0,270,0.0,0,2,1
2020-03-30 05,19.7,74.6,19.69,17.4,19.2,1012,1.0,270,0.0,0,2,2
2020-03-30 06,19.2,76.38,18.95,17.4,18.0,1012,1.0,270,0.0,20,2,1
2020-03-30 07,19.57,73.53,18.5,18.0,20.6,1013,3.1,250,0.0,50,0,1
2020-03-30 08,21.72,61.48,19.58,19.4,20.6,1013,3.1,250,0.0,65,0,1
2020-03-30 09,23.6,52.8,21.53,19.4,23.0,1014,3.1,250,0.0,38,0,2
2020-03-30 10,25.2,47.92,23.49,25.0,27.2,1010,4.1,270,0.0,20,0,2
2020-03-30 11,27.2,40.2,25.04,26.62,27.8,1009,4.1,270,0.0,20,0,2
2020-03-30 12,28.9,31.55,24.48,26.0,27.24,1009,4.1,270,0.0,20,0,2
2020-03-30 13,29.8,28.1,26.05,28.0,29.6,1012,4.1,270,0.0,20,0,1
2020-03-30 14,30.15,24.23,27.08,29.11,30.0,1012,4.1,270,0.0,20,0,1
2020-03-30 15,30.23,26.38,26.26,27.74,29.6,1011,4.1,270,0.0,20,0,1
2020-03-30 16,29.85,27.55,26.8,27.0,28.24,1006,2.6,270,0.0,40,0,1
2020-03-30 17,28.77,29.8,26.5,27.0,28.2,1007,2.6,270,0.0,40,0,1
2020-03-30 18,27.1,30.88,24.25,26.74,27.37,1011,3.6,310,0.0,20,0,1
2020-03-30 19,26.0,36.85,23.65,23.41,25.0,1012,2.6,270,0.0,20,0,1
2020-03-30 20,25.0,41.98,21.86,21.81,24.0,1013,2.6,270,0.0,20,0,1
2020-03-30 21,24.3,46.1,21.18,21.69,23.6,1013,2.6,270,0.0,20,0,1
2020-03-30 22,23.45,50.48,21.76,19.4,21.0,1013,1.5,270,0.0,20,0,2
2020-03-30 23,23.05,52.05,21.52,19.4,21.0,1013,1.5,270,0.0,20,0,2
2020-03-31 00,22.18,55.77,20.98,19.4,20.0,1012,1.5,270,0.0,20,0,2
2020-03-31 01,21.9,57.02,19.58,18.2,19.0,1012,1.0,270,0.0,20,2,3
2020-03-31 02,21.62,59.52,19.62,18.2,19.2,1011,1.0,270,0.0,20,2,3
2020-03-31 03,20.75,63.98,19.04,17.12,19.0,1011,1.0,270,0.0,20,2,2
2020-03-31 04,20.32,66.0,19.1,17.13,19.0,1011,1.0,270,0.0,20,2,2
2020-03-31 05,20.05,66.75,16.78,18.0,18.33,1011,2.6,290,0.0,20,0,2
2020-03-31 06,19.88,67.43,17.97,18.0,18.39,1011,1.5,250,0.0,20,7,1
2020-03-31 07,19.92,67.53,19.65,18.0,22.2,1012,2.1,340,0.0,20,0,1
2020-03-31 08,22.45,54.88,21.09,19.98,22.2,1012,2.1,340,0.0,20,0,2
2020-03-31 09,24.0,49.62,22.41,20.96,24.0,1012,2.1,340,0.0,20,0,2
2020-03-31 10,25.85,45.7,25.17,24.85,29.0,1008,1.5,250,0.0,20,0,2
2020-03-31 11,28.23,38.08,26.73,27.0,29.0,1007,1.5,250,0.0,20,0,2
2020-03-31 12,30.45,29.43,27.62,27.36,29.0,1007,1.5,250,0.0,20,0,1
2020-03-31 13,32.0,25.88,27.51,29.43,31.0,1011,2.6,270,0.0,20,1,1
2020-03-31 14,32.95,24.38,30.11,29.85,32.2,1010,2.1,250,0.0,40,0,1
2020-03-31 15,32.73,26.25,29.47,28.57,32.2,1010,2.1,250,0.0,40,0,1
2020-03-31 16,31.38,28.52,28.58,28.19,30.4,1005,2.6,320,0.0,40,0,1
2020-03-31 17,31.0,30.73,28.39,27.85,30.4,1005,2.6,320,0.0,40,0,1
2020-03-31 18,29.88,32.4,26.59,28.09,29.44,1005,4.1,320,0.0,40,0,1
2020-03-31 19,27.62,43.78,27.85,25.59,29.44,1006,2.6,340,0.0,40,0,1
2020-03-31 20,26.35,40.6,24.9,23.01,26.0,1011,2.6,340,0.0,40,0,1
2020-03-31 21,24.62,47.75,21.58,21.0,25.8,1012,2.6,340,0.0,40,0,1
2020-03-31 22,23.68,53.25,23.3,19.4,21.56,1012,1.0,70,0.0,40,2,1
2020-03-31 23,20.7,79.78,22.41,19.4,21.27,1011,1.0,70,0.0,40,2,1
2020-04-01 00,20.9,78.1,22.46,19.4,21.42,1010,1.0,70,0.0,40,2,1
2020-04-01 01,21.43,68.18,21.62,19.2,20.81,1010,1.0,340,0.0,40,2,1
2020-04-01 02,20.5,68.62,20.74,18.73,19.61,1010,1.0,340,0.0,40,2,1
2020-04-01 03,20.2,69.53,20.44,18.33,19.2,1009,1.0,340,0.0,40,2,2
2020-04-01 04,19.98,70.85,20.45,18.8,19.32,1009,1.5,270,0.0,40,2,2
2020-04-01 05,20.5,66.72,20.9,18.8,20.88,1010,1.5,270,0.0,40,2,2
2020-04-01 06,19.7,71.53,20.87,18.8,20.76,1010,1.5,270,0.0,40,2,2
2020-04-01 07,19.17,76.6,20.91,19.0,25.2,1011,2.6,250,0.0,21,0,2
2020-04-01 08,23.23,60.43,22.03,19.4,25.2,1012,2.6,250,0.0,4,0,2
2020-04-01 09,26.02,47.77,22.26,19.4,25.2,1012,2.6,250,0.0,1,0,2
2020-04-01 10,28.05,42.92,27.03,24.0,28.6,1006,1.0,230,0.0,0,0,2
2020-04-01 11,30.15,38.88,29.67,27.78,29.4,1006,1.0,230,0.0,0,0,2
2020-04-01 12,32.12,32.55,30.71,28.0,31.6,1011,1.0,230,0.0,0,0,2
2020-04-01 13,33.17,28.07,31.12,30.0,32.8,1010,1.5,340,0.0,2,0,2
2020-04-01 14,33.38,26.75,31.62,31.0,32.8,1009,1.5,340,0.0,6,0,2
2020-04-01 15,33.3,27.68,31.07,30.1,32.8,1009,1.5,340,0.0,19,0,2
2020-04-01 16,33.02,29.07,31.02,29.4,31.0,1008,2.1,270,0.0,14,0,1
2020-04-01 17,31.73,32.25,30.43,29.4,30.4,1008,2.1,270,0.0,10,0,1
2020-04-01 18,30.05,37.4,29.9,29.0,30.4,1004,2.1,270,0.0,7,0,1
2020-04-01 19,28.1,43.33,27.89,26.0,27.75,1010,2.1,250,0.0,6,0,1
2020-04-01 20,26.9,47.33,26.42,25.01,26.0,1010,2.1,250,0.0,2,0,1
2020-04-01 21,26.25,48.17,25.04,24.0,26.0,1011,2.1,250,0.0,1,0,1
2020-04-01 22,25.75,49.42,24.73,23.0,23.8,1011,1.0,250,0.0,1,0,1
2020-04-01 23,24.8,54.7,24.53,22.6,23.8,1011,1.0,250,0.0,0,0,2
2020-04-02 00,23.98,58.7,23.86,22.0,23.8,1011,1.0,250,0.0,0,0,2
2020-04-02 01,23.35,62.02,22.08,20.94,22.0,1010,2.1,270,0.0,0,2,2
2020-04-02 02,22.73,63.82,20.32,20.57,21.03,1010,2.6,290,0.0,20,0,1
2020-04-02 03,21.98,66.4,18.63,18.59,19.0,1009,2.6,290,0.0,20,2,1
2020-04-02 04,21.4,67.1,18.68,18.73,19.0,1009,2.6,300,0.0,20,2,1
2020-04-02 05,21.23,66.8,19.62,19.0,20.49,1009,2.6,250,0.0,0,2,1
2020-04-02 06,20.77,68.07,18.75,18.0,20.18,1010,2.6,250,0.0,0,2,1
2020-04-02 07,20.95,66.7,19.51,18.0,22.6,1010,2.6,290,0.0,0,0,1
2020-04-02 08,22.88,59.95,20.89,20.2,21.6,1011,3.1,270,0.0,0,7,2
2020-04-02 09,24.65,55.33,22.8,20.2,24.0,1011,2.6,290,0.0,0,0,2
2020-04-02 10,27.17,48.05,25.68,24.82,28.89,1007,4.1,270,0.0,0,0,2
2020-04-02 11,28.62,43.85,27.18,27.65,29.0,1008,4.1,270,0.0,0,0,1
2020-04-02 12,29.65,37.6,27.42,27.8,29.0,1007,4.1,270,0.0,0,0,1
2020-04-02 13,30.6,33.5,26.31,29.41,30.0,1005,6.2,300,0.0,1,0,1
2020-04-02 14,31.1,31.07,28.33,29.91,31.2,1010,4.6,250,0.0,20,0,1
2020-04-02 15,31.12,28.8,27.41,28.69,30.6,1010,4.6,250,0.0,20,0,1
2020-04-02 16,30.98,26.32,28.25,28.71,30.0,1007,3.1,320,0.0,20,0,1
2020-04-02 17,30.6,23.45,27.56,28.4,29.44,1007,3.1,320,0.0,20,0,1
2020-04-02 18,29.23,24.85,26.7,27.0,29.44,1007,3.1,320,0.0,20,0,1
2020-04-02 19,27.2,30.73,26.53,24.4,26.2,1011,1.5,320,0.0,20,0,1
2020-04-02 20,26.18,34.58,25.02,23.75,25.4,1012,1.5,320,0.0,20,0,1
2020-04-02 21,25.07,37.35,25.25,23.86,25.0,1012,1.5,320,0.0,20,0,2
2020-04-02 22,24.2,38.67,21.88,21.76,24.0,1013,3.62,359,0.0,20,0,2
2020-04-02 23,23.77,38.28,21.13,21.4,23.0,1012,3.41,354,0.0,20,0,2
2020-04-03 00,22.9,40.4,20.82,21.38,22.2,1012,3.11,345,0.0,20,0,2
2020-04-03 01,22.25,41.67,20.12,19.71,21.0,1012,2.88,336,0.0,20,0,1
2020-04-03 02,22.08,40.9,19.8,18.75,21.8,1012,2.8,328,0.0,20,0,1
2020-04-03 03,21.1,44.47,18.59,16.92,20.8,1011,2.76,325,0.0,20,0,1
2020-04-03 04,20.27,47.5,17.86,16.56,19.0,1012,1.5,230,0.0,20,2,1
2020-04-03 05,20.05,47.02,17.48,16.8,18.8,1012,1.5,230,0.0,20,2,1
2020-04-03 06,19.35,50.08,16.24,16.0,17.87,1012,1.5,230,0.0,20,2,1
2020-04-03 07,20.0,46.75,17.02,16.0,21.0,1012,2.1,250,0.0,0,0,2
2020-04-03 08,22.57,39.38,19.88,19.91,21.6,1013,2.1,250,0.0,0,0,2
2020-04-03 09,24.98,32.9,20.63,20.18,22.0,1013,2.1,250,0.0,0,0,2
2020-04-03 10,26.7,29.83,23.66,24.0,28.89,1009,3.1,270,0.0,40,0,1
2020-04-03 11,28.18,25.4,25.38,26.0,28.8,1009,3.1,270,0.0,40,0,1
2020-04-03 12,28.95,23.5,25.0,26.94,27.6,1013,3.1,270,0.0,40,0,1
2020-04-03 13,29.62,22.18,25.45,27.0,30.0,1007,4.1,270,0.0,20,0,1
2020-04-03 14,30.1,22.43,26.62,29.0,30.0,1006,4.1,270,0.0,20,0,1
2020-04-03 15,30.15,22.28,26.86,28.23,30.0,1006,4.1,270,0.0,20,0,1
2020-04-03 16,30.25,23.7,27.68,28.0,30.0,1006,3.1,270,0.0,20,0,1
2020-04-03 17,29.68,25.3,26.78,27.92,29.44,1005,3.1,270,0.0,20,0,1
2020-04-03 18,28.2,26.45,26.27,27.47,29.0,1010,3.1,270,0.0,20,0,1
2020-04-03 19,26.52,29.0,26.46,23.4,27.0,1011,1.0,250,0.0,20,0,1
2020-04-03 20,25.55,32.65,24.84,22.25,26.0,1012,1.0,250,0.0,20,0,1
2020-04-03 21,24.4,37.75,23.72,22.37,24.0,1012,1.0,250,0.0,20,0,1
2020-04-03 22,23.52,42.6,23.31,19.4,24.0,1013,1.0,270,0.0,20,0,2
2020-04-03 23,23.07,44.45,21.01,19.4,21.6,1013,1.0,270,0.0,20,0,2
2020-04-04 00,22.88,45.23,22.59,19.4,23.0,1012,1.0,270,0.0,20,0,2
2020-04-04 01,21.7,47.83,20.57,18.6,22.0,1012,2.34,337,0.0,20,2,2
2020-04-04 02,20.48,52.53,19.45,17.95,21.0,1012,2.31,336,0.0,20,2,2
2020-04-04 03,20.77,51.15,18.5,16.28,20.0,1011,2.25,337,0.0,20,2,2
2020-04-04 04,19.15,58.0,18.52,16.0,19.0,1011,1.0,230,0.0,20,2,2
2020-04-04 05,19.55,54.98,16.82,16.8,18.03,1012,2.43,330,0.0,20,2,2
2020-04-04 06,18.23,61.2,16.97,16.0,17.92,1012,1.0,230,0.0,20,2,2
2020-04-04 07,20.1,54.8,18.91,17.0,21.8,1013,1.5,250,0.0,0,0,2
2020-04-04 08,23.07,46.05,21.27,18.6,22.0,1013,1.5,250,0.0,0,0,2
2020-04-04 09,25.27,41.17,23.3,20.6,24.0,1014,1.5,250,0.0,0,0,2
2020-04-04 10,27.17,37.45,25.99,25.0,28.8,1009,1.0,270,0.0,20,0,2
2020-04-04 11,29.25,31.25,27.89,28.0,28.8,1008,1.0,270,0.0,20,0,2
2020-04-04 12,31.0,25.4,28.44,28.2,29.0,1008,1.0,270,0.0,20,0,1
2020-04-04 13,31.98,21.77,27.81,30.0,32.2,1011,4.1,270,0.0,0,0,1
2020-04-04 14,32.8,20.7,28.57,31.0,32.2,1011,4.1,270,0.0,0,0,1
2020-04-04 15,33.28,18.77,27.36,30.13,31.2,1011,4.1,280,0.0,1,0,1
2020-04-04 16,32.82,18.12,29.58,29.8,32.0,1010,2.6,270,0.0,2,0,1
2020-04-04 17,31.95,19.8,26.93,29.73,30.34,1010,5.1,290,0.0,3,0,1
2020-04-04 18,30.52,21.55,26.06,28.53,29.8,1005,3.6,300,0.0,1,0,1
2020-04-04 19,28.48,27.53,27.53,24.6,29.44,1006,2.69,329,0.0,21,0,1
2020-04-04 20,26.12,36.02,26.12,23.07,28.89,1007,2.84,341,0.0,0,0,1
2020-04-04 21,22.88,47.97,24.31,23.16,25.0,1012,2.59,341,0.0,0,0,2
2020-04-04 22,21.5,54.6,23.02,20.58,24.0,1013,2.52,340,0.0,0,0,2
2020-04-04 23,20.83,57.25,22.01,20.06,23.0,1013,2.38,341,0.0,0,0,3
2020-04-05 00,20.58,59.88,22.54,20.54,23.0,1012,2.25,348,0.0,0,0,3
2020-04-05 01,21.35,53.78,21.48,18.8,22.0,1012,2.13,356,0.0,0,2,3
2020-04-05 02,22.35,48.83,19.94,18.63,20.2,1012,2.12,3,0.0,0,2,3
2020-04-05 03,19.95,59.27,19.28,17.43,20.0,1011,2.36,7,0.0,0,2,3
2020-04-05 04,19.22,63.45,19.85,17.2,20.0,1012,1.0,250,0.0,0,2,3
2020-04-05 05,20.93,54.88,20.37,17.6,20.0,1012,1.0,250,0.0,1,2,3
2020-04-05 06,19.25,64.12,20.45,17.6,20.16,1013,1.0,250,0.0,0,2,3
2020-04-05 07,19.72,63.73,21.57,21.0,23.0,1014,2.1,250,0.0,40,0,3
2020-04-05 08,24.73,45.05,22.68,20.91,24.6,1014,2.1,250,0.0,40,0,3
2020-04-05 09,27.18,39.17,23.77,21.4,25.0,1015,2.1,250,0.0,40,0,2
2020-04-05 10,28.4,36.93,26.61,26.4,28.6,1010,2.6,300,0.0,40,0,2
2020-04-05 11,29.43,34.5,28.79,28.0,30.0,1010,2.1,270,0.0,40,0,2
2020-04-05 12,30.82,31.97,29.59,28.53,30.0,1014,2.1,270,0.0,40,0,2
2020-04-05 13,31.73,30.45,29.24,30.98,31.61,1013,3.1,300,0.0,40,0,1
2020-04-05 14,31.93,29.32,33.63,31.87,33.2,1012,1.5,270,0.0,40,0,1
2020-04-05 15,32.58,28.33,33.53,30.9,33.0,1012,1.5,270,0.0,40,0,1
2020-04-05 16,33.12,26.8,33.82,30.0,33.0,1010,1.0,50,0.0,20,0,1
2020-04-05 17,32.85,26.88,33.45,31.16,32.6,1010,1.0,50,0.0,20,0,1
2020-04-05 18,31.05,31.45,32.91,30.0,33.0,1010,1.0,50,0.0,20,0,1
2020-04-05 19,29.23,36.17,30.7,26.6,30.56,1007,1.5,50,0.0,20,0,1
2020-04-05 20,27.9,39.83,28.32,24.24,28.0,1012,1.5,50,0.0,20,0,2
2020-04-05 21,27.23,41.12,28.04,25.05,27.0,1012,1.5,50,0.0,20,0,3
2020-04-05 22,25.73,46.3,25.65,22.8,25.0,1013,2.41,77,0.0,20,0,4
2020-04-05 23,23.65,55.3,25.03,22.8,24.2,1013,2.29,72,0.0,20,0,5
2020-04-06 00,22.45,59.88,24.64,22.73,24.0,1012,2.3,60,0.0,20,0,5
2020-04-06 01,22.05,61.77,23.73,20.8,23.0,1012,2.17,41,0.0,20,2,5
2020-04-06 02,23.0,55.33,22.78,20.8,22.43,1012,2.25,30,0.0,20,2,5
2020-04-06 03,22.8,56.17,22.77,20.29,22.0,1011,2.04,21,0.0,20,2,5
2020-04-06 04,21.73,62.7,22.79,19.6,22.0,1011,1.74,17,0.0,20,2,5
2020-04-06 05,20.48,69.35,22.22,19.6,22.0,1011,2.33,0,0.0,20,2,4
2020-04-06 06,20.12,71.75,23.08,19.6,22.0,1012,1.48,309,0.0,20,2,4
2020-04-06 07,20.5,70.17,23.81,21.0,24.12,1012,1.0,200,0.0,20,0,4
2020-04-06 08,26.75,49.15,26.4,21.0,27.4,1013,1.0,200,0.0,20,0,4
2020-04-06 09,29.88,39.42,28.45,21.0,30.0,1009,1.0,200,0.0,20,0,5
2020-04-06 10,32.0,29.75,30.99,30.0,31.8,1008,2.1,260,0.0,1,0,4
2020-04-06 11,33.8,27.07,29.62,30.56,34.2,1009,4.1,230,0.0,0,0,3
2020-04-06 12,35.15,19.2,31.88,31.8,33.0,1013,2.1,290,0.0,1,0,2
2020-04-06 13,35.8,17.0,32.05,33.76,34.31,1012,4.1,280,0.0,1,0,2
2020-04-06 14,36.27,16.73,32.84,33.95,35.6,1010,2.6,270,0.0,3,0,1
2020-04-06 15,36.5,15.8,32.59,32.78,35.6,1010,2.6,270,0.0,51,0,1
2020-04-06 16,36.2,15.9,32.78,32.6,35.0,1009,2.6,340,0.0,69,0,1
2020-04-06 17,35.45,17.6,32.3,32.0,35.0,1008,2.6,340,0.0,34,0,1
2020-04-06 18,33.75,21.15,29.59,32.39,33.0,1009,4.1,330,0.0,1,0,1
2020-04-06 19,31.43,28.23,31.95,28.6,31.11,1005,1.0,270,0.0,0,0,1
2020-04-06 20,30.1,31.0,29.89,27.4,30.0,1010,1.0,270,0.0,0,0,1
2020-04-06 21,,,29.96,26.71,30.56,1006,1.0,270,0.0,0,0,6
2020-04-06 22,,,28.26,24.39,30.0,1006,3.69,343,0.0,0,0,6
2020-04-06 23,,,25.77,23.65,27.0,1011,3.39,343,0.0,0,0,6
2020-04-07 00,,,25.71,24.03,26.2,1010,3.13,340,0.0,0,0,6
2020-04-07 01,,,24.69,22.38,26.0,1010,1.5,290,0.0,20,0,6
2020-04-07 02,,,22.62,21.38,24.0,1009,2.6,290,0.0,20,0,6
2020-04-07 03,,,21.99,19.79,24.0,1009,2.1,270,0.0,20,0,6
2020-04-07 04,,,21.97,19.4,22.0,1009,1.0,230,0.0,0,2,6
2020-04-07 05,,,20.91,19.0,20.66,1009,1.0,230,0.0,0,2,6
2020-04-07 06,,,20.5,19.0,20.3,1009,1.0,230,0.0,0,2,6
2020-04-07 07,,,21.77,20.0,25.2,1010,2.1,250,0.0,20,0,6
2020-04-07 08,,,23.81,20.8,25.2,1010,2.1,250,0.0,20,0,6
2020-04-07 09,,,25.15,20.8,26.0,1010,2.1,250,0.0,20,0,6
2020-04-07 10,,,27.58,26.0,29.44,1007,2.6,320,0.0,40,0,6
2020-04-07 11,,,30.13,29.0,30.6,1005,2.6,320,0.0,40,0,6
2020-04-07 12,,,29.5,29.0,30.35,1010,2.6,320,0.0,40,0,6
2020-04-07 13,,,30.5,30.0,33.2,1009,2.1,270,0.0,20,0,6
2020-04-07 14,34.6,20.5,32.51,31.65,33.6,1008,2.1,270,0.0,20,0,1
2020-04-07 15,34.88,19.02,32.45,31.01,33.2,1008,2.1,270,0.0,20,0,1
2020-04-07 16,34.35,20.78,29.51,30.0,32.36,1007,4.1,340,0.0,40,0,1
2020-04-07 17,32.98,22.95,29.09,29.47,32.2,1009,4.1,340,0.0,40,0,1
2020-04-07 18,31.05,25.12,27.01,28.91,30.81,1008,4.1,330,0.0,40,0,1
2020-04-07 19,29.1,29.58,27.98,27.0,29.0,1008,3.1,320,0.0,40,0,1
2020-04-07 20,27.2,36.0,25.54,24.63,27.0,1009,3.1,320,0.0,40,0,1
2020-04-07 21,26.18,37.2,25.24,24.37,27.0,1010,3.1,320,0.0,40,0,1
2020-04-07 22,25.88,37.45,25.88,23.29,26.0,1010,1.5,230,0.0,40,0,1
2020-04-07 23,25.48,38.33,24.85,22.5,25.0,1010,1.5,230,0.0,40,0,1
2020-04-08 00,24.65,41.68,24.61,21.74,25.0,1009,1.5,230,0.0,40,0,1
2020-04-08 01,23.95,44.7,23.85,20.47,24.0,1008,1.5,290,0.0,20,0,1
2020-04-08 02,24.02,43.97,23.13,20.11,23.2,1008,1.5,290,0.0,20,0,1
2020-04-08 03,23.33,44.88,22.87,19.79,23.0,1008,1.5,290,0.0,20,0,2
2020-04-08 04,23.15,43.73,21.16,19.88,22.0,1009,1.5,250,0.0,20,0,2
2020-04-08 05,22.65,41.45,20.49,20.46,21.01,1009,1.5,250,0.0,20,0,2
2020-04-08 06,21.55,44.35,21.4,20.65,22.0,1010,1.5,250,0.0,20,0,1
2020-04-08 07,21.52,44.05,19.69,21.0,23.0,1011,3.6,290,0.0,20,0,1
2020-04-08 08,23.2,39.55,20.16,19.4,23.2,1011,3.6,290,0.0,20,0,1
2020-04-08 09,24.52,39.2,22.05,22.0,25.0,1012,3.6,290,0.0,20,0,2
2020-04-08 10,27.52,33.5,27.66,27.83,29.8,1008,2.6,270,0.0,1,0,1
2020-04-08 11,29.88,28.92,28.87,29.0,30.4,1006,2.6,270,0.0,0,0,1
2020-04-08 12,31.65,26.32,29.4,29.4,30.75,1007,2.6,270,0.0,0,0,1
2020-04-08 13,32.6,24.83,31.29,31.6,32.68,1010,3.6,270,0.0,2,0,1
2020-04-08 14,33.47,24.05,31.33,31.6,32.8,1010,3.6,270,0.0,7,0,1
2020-04-08 15,33.97,22.5,31.0,31.12,32.2,1010,3.6,270,0.0,2,0,1
2020-04-08 16,33.9,21.7,32.2,30.6,33.0,1005,2.1,320,0.0,0,0,1
2020-04-08 17,33.17,21.65,31.51,30.6,32.4,1005,2.1,320,0.0,0,0,1
2020-04-08 18,31.3,24.83,27.68,29.52,31.67,1004,4.1,310,0.0,20,0,1
2020-04-08 19,29.27,27.8,28.29,25.6,29.0,1010,2.31,340,0.0,20,0,1
2020-04-08 20,27.98,30.02,26.7,24.59,28.0,1010,2.3,343,0.0,20,0,1
2020-04-08 21,26.98,31.38,25.86,24.64,26.0,1010,2.3,342,0.0,20,0,1
2020-04-08 22,26.57,32.12,24.91,22.2,26.0,1011,2.27,341,0.0,20,0,1
2020-04-08 23,26.27,32.95,24.22,22.2,26.0,1011,2.34,336,0.0,20,0,1
2020-04-09 00,25.07,36.57,24.17,22.2,25.0,1011,2.35,334,0.0,20,0,2
2020-04-09 01,24.12,39.35,22.77,21.08,24.0,1011,2.46,333,0.0,20,0,2
2020-04-09 02,23.45,40.35,21.32,20.84,22.8,1010,2.68,326,0.0,20,0,2
2020-04-09 03,22.75,42.72,20.95,18.44,23.0,1010,2.83,322,0.0,20,0,2
2020-04-09 04,22.32,43.73,19.52,18.28,22.0,1010,1.5,220,0.0,20,0,1
2020-04-09 05,21.68,45.88,19.56,18.78,20.0,1010,1.5,230,0.0,20,0,1
2020-04-09 06,21.27,47.83,16.69,17.0,18.93,1010,1.5,230,0.0,20,0,2
2020-04-09 07,21.12,50.98,19.19,19.0,23.2,1011,3.1,250,0.0,20,0,1
2020-04-09 08,24.4,43.45,20.86,19.8,23.4,1012,3.1,250,0.0,20,0,1
2020-04-09 09,26.25,40.85,21.43,19.8,23.2,1012,3.1,250,0.0,20,0,2
2020-04-09 10,28.55,35.02,26.3,26.0,29.6,1007,3.1,250,0.0,20,0,2
2020-04-09 11,30.1,32.6,27.75,28.0,29.6,1007,3.1,250,0.0,20,0,2
2020-04-09 12,31.4,29.55,27.96,28.23,29.6,1012,3.1,250,0.0,20,0,2
2020-04-09 13,32.17,26.5,26.47,30.0,31.59,1006,4.6,290,0.0,40,0,1
2020-04-09 14,33.27,24.57,31.49,31.0,33.2,1010,3.1,270,0.0,40,0,1
2020-04-09 15,33.72,24.62,31.17,30.46,32.8,1010,3.1,270,0.0,40,0,1
2020-04-09 16,32.3,24.23,32.67,30.6,32.0,1009,1.0,270,0.0,20,0,1
2020-04-09 17,32.42,23.73,32.0,30.5,31.2,1009,1.0,270,0.0,20,0,1
2020-04-09 18,31.07,25.5,27.68,29.64,30.6,1009,3.1,310,0.0,40,0,1
2020-04-09 19,29.7,28.5,29.69,25.97,30.56,1005,2.56,299,0.0,20,0,1
2020-04-09 20,28.4,32.33,26.94,24.47,28.0,1010,2.66,292,0.0,20,0,1
2020-04-09 21,25.35,40.8,26.96,24.55,27.0,1011,2.57,297,0.0,20,0,1
2020-04-09 22,24.2,44.3,25.26,21.4,26.0,1011,2.66,306,0.0,20,2,2
2020-04-09 23,23.02,48.35,23.77,21.37,25.0,1011,2.72,319,0.0,20,2,2
2020-04-10 00,22.12,52.33,24.71,21.4,25.0,1011,2.38,334,0.0,20,2,2
2020-04-10 01,22.88,47.67,23.38,20.0,24.0,1010,2.33,344,0.0,20,2,3
2020-04-10 02,23.38,43.6,21.15,19.85,21.2,1010,2.17,347,0.0,20,2,3
2020-04-10 03,21.12,51.6,22.23,18.09,23.0,1010,1.93,349,0.0,20,2,4
2020-04-10 04,20.35,57.02,20.55,17.8,21.0,1010,1.94,345,0.0,20,2,3
2020-04-10 05,19.77,60.98,20.06,19.77,21.0,1011,2.1,270,0.0,20,0,2
2020-04-10 06,19.7,62.23,19.88,19.93,21.0,1012,1.5,250,0.0,20,0,3
2020-04-10 07,22.08,53.38,24.13,20.6,24.8,1012,1.0,320,0.0,40,0,2
2020-04-10 08,26.38,40.72,24.92,20.6,24.8,1013,1.0,320,0.0,40,0,2
2020-04-10 09,29.1,35.12,26.65,20.6,27.0,1013,1.0,320,0.0,40,0,2
2020-04-10 10,31.48,30.6,29.34,29.82,32.2,1009,3.1,290,0.0,40,0,2
2020-04-10 11,32.67,28.05,30.68,30.78,32.2,1013,3.1,290,0.0,40,0,2
2020-04-10 12,34.33,22.85,31.6,31.13,33.0,1013,3.1,290,0.0,40,0,2
2020-04-10 13,35.02,20.2,33.48,34.0,35.2,1011,2.6,340,0.0,20,0,1
2020-04-10 14,35.75,17.8,34.11,34.0,35.8,1010,2.6,340,0.0,20,0,1
2020-04-10 15,36.5,16.52,33.34,33.53,35.2,1010,2.6,340,0.0,20,0,1
2020-04-10 16,36.35,16.27,33.56,33.39,35.0,1009,3.6,270,0.0,58,0,1
2020-04-10 17,36.23,16.62,33.27,33.06,35.0,1009,3.6,270,0.0,72,0,1
2020-04-10 18,34.88,18.1,32.31,32.63,34.6,1010,3.6,270,0.0,84,0,1
2020-04-10 19,31.75,23.45,29.16,29.46,32.0,1005,1.5,340,0.0,20,0,1
2020-04-10 20,28.35,32.42,32.23,27.2,31.67,1007,1.0,340,0.0,32,0,1
2020-04-10 21,26.5,39.3,30.53,26.69,29.0,1012,1.0,340,0.0,4,0,2
2020-04-10 22,25.5,43.25,30.37,24.0,30.56,1007,1.79,205,0.0,40,0,3
2020-04-10 23,24.88,47.88,28.56,24.0,28.2,1013,1.86,194,0.0,40,0,4
2020-04-11 00,25.05,47.8,27.45,24.0,27.0,1012,2.39,195,0.0,40,0,4
2020-04-11 01,24.15,50.75,26.99,22.8,26.0,1012,1.24,218,0.0,40,0,4
2020-04-11 02,23.4,53.78,25.75,22.64,25.0,1012,1.46,324,0.0,40,0,4
2020-04-11 03,22.88,54.75,23.86,20.05,24.0,1012,2.19,353,0.0,40,0,4
2020-04-11 04,22.55,55.67,23.2,20.17,23.0,1012,2.07,354,0.0,20,2,5
2020-04-11 05,22.25,58.1,23.97,21.2,23.4,1013,1.8,6,0.0,20,2,5
2020-04-11 06,21.62,59.65,24.09,21.2,23.0,1013,1.46,23,0.0,20,2,5
2020-04-11 07,22.43,59.4,26.11,22.6,26.4,1014,1.0,340,0.0,0,0,5
2020-04-11 08,27.95,43.2,27.39,22.6,27.0,1014,1.0,340,0.0,0,0,5
2020-04-11 09,31.55,31.9,29.1,22.6,29.0,1014,1.0,340,0.0,0,0,5
2020-04-11 10,33.92,26.57,30.21,31.0,33.8,1009,2.1,30,0.0,1,0,4
2020-04-11 11,35.08,24.05,34.28,33.0,34.6,1014,1.5,20,0.0,0,0,2
2020-04-11 12,36.55,21.02,34.45,33.35,34.2,1014,1.5,20,0.0,17,0,2
2020-04-11 13,36.58,21.0,33.29,35.0,35.81,1013,2.1,300,0.0,20,0,1
2020-04-11 14,37.27,19.5,36.35,35.0,36.8,1011,1.5,250,0.0,10,0,1
2020-04-11 15,37.62,19.88,36.29,34.18,36.8,1011,1.5,250,0.0,7,0,1
2020-04-11 16,37.2,21.1,35.94,34.0,35.2,1009,1.5,20,0.0,40,0,1
2020-04-11 17,35.73,23.28,35.59,33.88,35.2,1009,1.5,20,0.0,40,0,2
2020-04-11 18,35.03,24.22,34.06,32.0,35.2,1009,1.5,20,0.0,40,0,2
2020-04-11 19,33.0,28.27,31.49,29.72,31.0,1010,2.1,250,0.0,20,0,2
2020-04-11 20,32.2,28.6,31.48,27.3,33.33,1006,2.1,250,0.0,20,0,2
2020-04-11 21,31.2,31.1,30.64,27.2,32.22,1006,2.1,250,0.0,20,0,2
2020-04-11 22,30.05,33.15,30.12,25.31,31.67,1006,1.5,360,0.0,20,0,2
2020-04-11 23,29.07,33.17,28.34,25.33,29.0,1011,1.5,360,0.0,20,0,2
2020-04-12 00,27.98,34.62,28.01,25.71,28.0,1011,1.5,360,0.0,20,0,2
2020-04-12 01,27.05,36.35,27.23,24.16,27.0,1011,1.5,270,0.0,20,0,2
2020-04-12 02,26.27,38.67,26.51,23.7,26.4,1011,1.5,270,0.0,20,0,2
2020-04-12 03,25.4,40.82,25.77,21.97,26.0,1011,1.5,270,0.0,20,0,2
2020-04-12 04,24.45,43.85,24.95,21.2,25.0,1011,1.0,230,0.0,93,0,1
2020-04-12 05,24.2,44.78,23.48,22.58,23.0,1011,1.5,250,0.0,20,0,1
2020-04-12 06,23.9,47.47,22.47,21.0,22.8,1011,1.0,230,0.0,91,0,1
2020-04-12 07,24.1,48.5,24.02,22.8,25.4,1012,2.6,270,0.0,83,0,1
2020-04-12 08,26.57,42.23,24.74,22.8,25.57,1012,2.6,270,0.0,78,0,2
2020-04-12 09,28.57,37.58,26.32,22.8,27.0,1012,2.6,270,0.0,77,0,2
2020-04-12 10,31.02,33.45,29.14,29.0,32.8,1008,4.1,270,0.0,93,0,2
2020-04-12 11,33.12,30.55,31.18,31.0,33.0,1007,4.1,270,0.0,89,0,2
2020-04-12 12,34.88,25.6,31.83,31.94,33.0,1011,4.1,270,0.0,74,0,2
2020-04-12 13,36.17,22.77,31.69,34.0,35.0,1010,4.1,300,0.0,40,1,1
2020-04-12 14,36.88,22.08,36.53,34.56,36.8,1008,2.1,320,0.0,20,0,1
2020-04-12 15,37.3,21.38,36.69,33.83,37.0,1008,2.1,320,0.0,20,0,1
2020-04-12 16,37.4,19.88,34.45,33.84,35.2,1007,3.1,270,0.0,20,0,1
2020-04-12 17,36.8,20.23,34.08,33.0,35.2,1007,3.1,270,0.0,20,0,1
2020-04-12 18,34.95,23.3,33.46,32.67,35.2,1008,3.1,270,0.0,20,0,1
2020-04-12 19,33.47,25.23,33.72,29.13,32.78,1004,1.0,250,0.0,20,0,1
2020-04-12 20,30.85,31.67,31.55,26.23,32.78,1004,1.0,250,0.0,20,0,1
2020-04-12 21,28.9,36.62,31.71,26.79,32.22,1004,1.0,250,0.0,20,0,1
2020-04-12 22,27.62,40.15,31.29,25.2,31.67,1004,1.5,270,0.0,20,0,2
2020-04-12 23,27.05,41.0,28.99,24.65,28.0,1009,1.5,270,0.0,20,0,2
2020-04-13 00,28.02,37.5,28.44,24.56,27.0,1009,1.5,270,0.0,20,0,2
2020-04-13 01,25.35,45.35,27.66,23.26,26.0,1009,1.0,250,0.0,20,0,2
2020-04-13 02,24.05,49.88,27.13,22.19,26.0,1008,1.0,250,0.0,20,0,2
2020-04-13 03,23.3,52.77,26.08,20.97,25.0,1008,1.0,250,0.0,20,0,2
2020-04-13 04,23.35,50.98,25.62,20.96,25.0,1008,1.0,270,0.0,20,2,2
2020-04-13 05,23.0,52.12,25.49,22.0,24.0,1009,1.0,270,0.0,20,2,2
2020-04-13 06,22.57,53.27,25.1,22.0,23.0,1009,1.0,270,0.0,20,2,2
2020-04-13 07,23.57,56.27,25.25,23.8,27.4,1010,2.6,250,0.0,83,0,2
2020-04-13 08,28.62,41.85,26.77,23.8,27.6,1010,2.6,250,0.0,97,0,3
2020-04-13 09,31.38,33.92,27.61,23.8,28.0,1010,2.6,250,0.0,81,0,5
2020-04-13 10,33.65,28.12,31.08,30.0,33.8,1005,3.1,250,0.0,20,0,5
2020-04-13 11,35.77,24.15,34.15,32.0,36.2,1009,3.1,250,0.0,20,0,3
2020-04-13 12,36.62,22.65,34.17,33.8,34.74,1009,3.1,250,0.0,20,0,2
2020-04-13 13,37.62,20.85,35.92,36.0,37.6,1008,4.1,250,0.0,20,0,2
2020-04-13 14,38.8,19.17,37.05,36.0,38.6,1007,4.1,250,0.0,20,0,1
2020-04-13 15,38.73,19.32,36.24,35.69,37.6,1006,4.1,250,0.0,20,0,1
2020-04-13 16,38.3,20.3,36.62,35.8,37.0,1005,4.1,290,0.0,40,0,1
2020-04-13 17,37.73,20.4,36.24,34.8,37.2,1005,4.1,290,0.0,40,0,1
2020-04-13 18,36.52,22.18,34.94,34.48,37.0,1005,4.1,290,0.0,40,0,1
2020-04-13 19,34.5,25.98,35.86,31.4,34.0,1002,2.91,305,0.0,20,0,1
2020-04-13 20,31.12,34.45,33.92,29.15,33.0,1002,2.78,309,0.0,20,0,1
2020-04-13 21,29.38,40.73,33.78,29.27,32.22,1003,2.59,313,0.0,20,0,2
2020-04-13 22,28.35,44.83,31.92,26.71,32.22,1003,2.23,324,0.0,20,0,2
2020-04-13 23,28.77,41.67,30.33,26.75,29.8,1008,2.14,345,0.0,20,0,2
2020-04-14 00,28.65,40.55,30.5,27.11,29.8,1008,2.34,2,0.0,20,0,2
2020-04-14 01,27.55,43.5,29.18,25.18,28.0,1008,2.4,8,0.0,20,0,2
2020-04-14 02,27.27,44.15,27.68,24.22,27.0,1008,2.43,3,0.0,20,0,3
2020-04-14 03,27.85,41.55,27.0,23.0,26.6,1008,2.31,6,0.0,20,0,2
2020-04-14 04,25.77,50.03,27.4,22.84,26.0,1008,2.06,20,0.0,40,2,2
2020-04-14 05,25.62,51.38,27.89,24.38,25.4,1008,1.16,43,0.0,40,2,3
2020-04-14 06,24.77,56.15,28.21,24.55,25.09,1009,0.7,81,0.0,40,2,3
2020-04-14 07,25.83,55.95,30.83,25.0,31.11,1005,1.0,270,0.0,40,0,3
2020-04-14 08,30.05,44.42,31.9,25.8,30.4,1010,1.0,270,0.0,40,0,3
2020-04-14 09,32.73,35.42,33.1,25.8,30.4,1010,1.0,270,0.0,40,0,2
2020-04-14 10,34.58,30.15,35.38,32.0,35.2,1005,1.0,90,0.0,40,0,2
2020-04-14 11,36.23,25.93,37.17,34.0,35.23,1009,1.0,90,0.0,40,0,2
2020-04-14 12,36.82,24.6,38.39,34.51,36.0,1009,1.0,90,0.0,40,0,2
2020-04-14 13,37.25,24.17,39.22,37.0,39.2,1008,2.1,70,0.0,40,0,2
2020-04-14 14,38.92,21.35,40.44,37.49,39.6,1007,2.1,70,0.0,40,0,1
2020-04-14 15,39.95,17.62,40.34,36.74,39.2,1006,2.1,70,0.0,40,0,1
2020-04-14 16,40.17,16.25,40.5,35.4,38.0,1005,1.0,50,0.0,40,0,1
2020-04-14 17,39.17,18.25,39.12,35.0,38.0,1005,1.0,50,0.0,40,0,1
2020-04-14 18,35.65,26.02,39.17,35.0,38.0,1006,1.0,50,0.0,40,0,2
2020-04-14 19,32.98,33.05,33.32,32.45,35.0,1002,2.1,140,0.0,75,0,2
2020-04-14 20,30.65,39.9,37.27,29.55,34.2,1003,2.31,140,0.0,40,0,2
2020-04-14 21,29.7,41.95,36.49,30.09,33.89,1005,2.57,163,0.0,40,0,2
2020-04-14 22,28.75,42.83,35.51,27.35,33.89,1005,2.48,160,0.0,40,0,3
2020-04-14 23,28.27,42.5,34.24,26.94,33.89,1005,2.43,143,0.0,40,0,3
2020-04-15 00,27.62,44.0,33.8,27.75,32.78,1004,2.74,125,0.0,40,0,3
2020-04-15 01,27.35,43.12,31.15,25.6,30.0,1009,3.34,117,0.0,40,2,3
2020-04-15 02,26.55,44.8,29.73,25.6,29.0,1009,3.6,114,0.0,40,2,4
2020-04-15 03,26.4,43.6,28.72,24.45,28.0,1009,3.2,122,0.0,40,2,3
2020-04-15 04,28.12,37.75,28.42,24.36,28.0,1009,2.88,127,0.0,40,0,2
2020-04-15 05,27.98,40.77,28.36,25.2,28.0,1009,2.66,128,0.0,40,0,2
2020-04-15 06,27.57,45.25,28.22,25.2,27.0,1010,2.84,124,0.0,40,0,3
2020-04-15 07,28.0,46.82,29.55,26.2,28.6,1010,2.1,110,0.0,75,0,3
2020-04-15 08,29.05,45.45,30.22,25.78,30.4,1010,2.1,110,0.0,75,0,4
2020-04-15 09,30.77,40.75,31.79,25.99,32.22,1006,2.1,110,0.0,75,0,4
2020-04-15 10,33.12,34.57,32.46,30.48,35.8,1005,2.6,250,0.0,40,0,4
2020-04-15 11,35.97,23.1,34.26,34.0,35.8,1009,2.6,250,0.0,40,0,3
2020-04-15 12,38.1,21.2,36.78,35.03,38.0,1009,2.6,250,0.0,40,0,3
2020-04-15 13,39.42,15.38,33.78,37.38,38.03,1007,4.1,260,0.0,75,0,2
2020-04-15 14,39.75,13.43,36.05,37.6,39.6,1006,4.1,270,0.0,40,0,2
2020-04-15 15,40.12,11.8,35.96,37.6,39.6,1006,4.1,270,0.0,40,0,2
2020-04-15 16,40.5,11.1,36.74,36.6,39.2,1005,2.6,320,0.0,71,0,1
2020-04-15 17,39.9,10.57,36.12,36.28,39.2,1004,2.6,320,0.0,73,0,1
2020-04-15 18,38.38,11.33,35.68,35.08,39.2,1004,2.6,320,0.0,82,0,1
2020-04-15 19,34.4,16.1,37.51,29.6,37.0,1001,1.0,270,0.0,33,0,1
2020-04-15 20,29.67,25.15,32.94,28.69,34.44,1000,1.0,270,0.0,6,0,1
2020-04-15 21,27.97,30.8,31.01,27.6,30.0,1006,1.0,270,0.0,0,0,2
2020-04-15 22,28.32,31.73,27.87,24.86,28.0,1007,2.4,171,0.0,0,0,3
2020-04-15 23,26.95,36.15,28.04,25.2,27.6,1007,1.43,267,0.0,1,0,4
2020-04-16 00,26.17,41.65,27.43,25.86,26.4,1007,1.35,316,0.0,3,0,4
2020-04-16 01,26.0,47.18,26.68,24.53,26.0,1007,1.37,12,0.0,20,0,5
2020-04-16 02,25.48,51.5,26.17,24.48,26.0,1007,1.77,20,0.0,20,0,5
2020-04-16 03,26.9,43.18,26.17,23.03,26.0,1007,1.4,348,0.0,20,0,4
2020-04-16 04,26.48,39.92,24.72,23.18,25.0,1006,1.59,346,0.0,40,0,4
2020-04-16 05,26.23,39.4,24.68,23.2,25.0,1007,1.88,349,0.0,40,0,5
2020-04-16 06,24.68,47.35,24.76,24.61,25.04,1007,1.5,270,0.0,20,0,5
2020-04-16 07,25.93,51.0,28.23,26.0,27.8,1007,1.0,250,0.0,20,0,5
2020-04-16 08,28.62,44.12,29.26,26.4,28.17,1008,1.0,250,0.0,20,0,5
2020-04-16 09,31.5,38.75,30.25,26.4,29.0,1008,1.0,250,0.0,20,0,5
2020-04-16 10,33.98,34.77,31.25,31.0,34.0,1003,2.1,240,0.0,40,0,5
2020-04-16 11,35.58,30.85,33.1,32.0,35.4,1008,3.1,250,0.0,20,0,5
2020-04-16 12,37.7,24.77,34.34,34.0,35.51,1008,3.1,250,0.0,20,0,5
2020-04-16 13,39.0,18.58,35.62,36.0,38.8,1006,2.6,250,0.0,20,0,4
2020-04-16 14,39.3,15.2,36.43,37.0,38.8,1005,2.6,250,0.0,20,0,3
2020-04-16 15,39.48,12.98,36.47,36.39,38.8,1005,2.6,250,0.0,20,0,2
2020-04-16 16,39.2,13.25,35.76,36.52,38.0,1004,3.1,250,0.0,40,0,1
2020-04-16 17,38.47,12.52,34.9,35.4,37.6,1004,3.1,250,0.0,40,0,1
2020-04-16 18,37.08,12.78,33.99,34.32,37.6,1004,3.1,250,0.0,40,0,1
2020-04-16 19,34.93,13.97,34.67,29.2,35.0,1001,1.5,270,0.0,40,0,1
2020-04-16 20,33.08,15.92,32.13,27.91,34.0,1001,1.5,270,0.0,40,0,1
2020-04-16 21,32.42,17.25,32.7,28.5,33.33,1001,1.5,270,0.0,40,0,2
2020-04-16 22,32.3,18.23,32.0,26.2,33.33,1001,1.0,340,0.0,40,0,2
2020-04-16 23,31.57,19.25,29.37,26.2,31.0,1006,1.0,340,0.0,40,0,2
2020-04-17 00,30.5,24.1,31.65,26.2,33.89,1001,1.0,340,0.0,40,0,2
2020-04-17 01,29.72,27.82,30.96,24.0,33.89,1001,2.1,340,0.0,40,0,2
2020-04-17 02,29.15,27.85,27.6,24.0,30.0,1006,2.1,340,0.0,40,0,2
2020-04-17 03,28.75,26.93,28.19,24.0,29.0,1006,2.1,340,0.0,40,0,2
2020-04-17 04,28.5,27.58,26.52,27.01,28.4,1006,2.6,270,0.0,40,0,1
2020-04-17 05,29.1,26.75,25.91,24.8,28.66,1006,2.6,270,0.0,40,0,1
2020-04-17 06,29.12,28.7,27.39,27.68,29.0,1007,2.6,270,0.0,40,0,1
2020-04-17 07,29.12,29.65,27.71,25.8,30.0,1007,3.1,320,0.0,75,0,1
2020-04-17 08,28.82,31.95,27.41,25.8,30.0,1008,3.1,320,0.0,75,0,1
2020-04-17 09,28.92,35.02,28.47,28.2,30.0,1008,3.1,320,0.0,75,0,2
2020-04-17 10,30.33,33.75,32.15,31.0,33.33,1004,2.6,360,0.0,40,0,2
2020-04-17 11,32.67,30.35,33.41,32.36,33.5,1002,2.6,360,0.0,40,0,2
2020-04-17 12,34.95,24.85,34.14,32.91,34.0,1003,2.6,360,0.0,40,0,1
2020-04-17 13,36.15,21.3,34.75,34.44,36.8,1001,2.6,230,0.0,20,0,1
2020-04-17 14,37.27,18.7,36.22,35.2,38.0,1005,2.6,230,0.0,20,0,1
2020-04-17 15,38.0,18.18,35.29,34.24,36.8,1005,2.6,230,0.0,20,0,1
2020-04-17 16,37.85,17.98,36.6,33.05,37.6,999,2.6,50,0.0,20,0,1
2020-04-17 17,37.3,18.2,35.95,34.2,36.4,999,2.6,50,0.0,20,0,1
2020-04-17 18,35.58,20.53,34.19,32.0,37.6,1004,2.6,50,0.0,20,0,1
2020-04-17 19,32.98,25.73,32.36,29.0,33.33,1000,1.5,70,0.0,20,0,1
2020-04-17 20,28.47,42.2,30.86,28.17,29.8,1005,1.5,70,0.0,20,0,1
2020-04-17 21,29.6,37.35,30.41,27.83,29.4,1006,1.5,70,0.0,20,0,1
2020-04-17 22,29.28,38.7,29.58,26.65,29.0,1006,2.1,90,0.0,20,0,1
2020-04-17 23,29.5,37.25,28.84,26.64,28.2,1007,2.1,90,0.0,20,0,1
2020-04-18 00,28.48,40.78,28.8,26.62,28.2,1007,2.1,90,0.0,20,0,2
2020-04-18 01,26.85,49.38,28.1,25.34,28.2,1007,1.5,70,0.0,20,0,2
2020-04-18 02,26.43,47.2,28.14,25.02,28.2,1007,1.5,70,0.0,20,0,2
2020-04-18 03,26.2,46.1,27.53,23.6,28.2,1007,1.5,70,0.0,20,0,1
2020-04-18 04,25.55,48.3,26.83,24.18,27.0,1007,2.1,360,0.0,40,0,1
2020-04-18 05,24.88,50.25,25.96,24.36,26.0,1009,2.1,360,0.0,40,0,1
2020-04-18 06,24.25,52.38,24.92,24.0,25.4,1009,2.1,360,0.0,40,0,1
2020-04-18 07,23.83,54.4,26.77,24.0,26.72,1010,1.5,70,0.0,20,0,1
2020-04-18 08,25.77,47.77,28.06,25.79,27.0,1010,1.5,70,0.0,20,0,1
2020-04-18 09,28.62,39.0,28.29,24.0,28.0,1010,1.5,70,0.0,20,0,1
2020-04-18 10,30.88,32.7,31.67,29.87,33.4,1006,2.6,90,0.0,40,0,1
2020-04-18 11,33.1,28.88,33.39,31.99,33.4,1005,2.6,90,0.0,40,0,1
2020-04-18 12,34.7,25.23,35.09,32.54,35.0,1010,2.6,90,0.0,40,0,1
2020-04-18 13,35.5,23.0,35.41,33.33,36.0,1004,2.6,20,0.0,40,0,1
2020-04-18 14,36.2,21.52,36.15,33.8,36.6,1003,2.6,20,0.0,40,0,1
2020-04-18 15,36.15,21.07,36.34,33.8,36.0,1007,2.6,20,0.0,40,0,1
2020-04-18 16,36.25,20.6,35.36,31.6,36.0,1001,2.6,50,0.0,40,0,1
2020-04-18 17,35.65,21.57,34.85,31.6,35.6,1002,2.6,50,0.0,40,0,1
2020-04-18 18,33.85,25.18,32.81,31.0,35.6,1001,2.6,50,0.0,40,0,1
2020-04-18 19,25.22,62.2,32.12,26.0,32.78,1002,1.0,70,0.0,40,0,2
2020-04-18 20,24.3,76.1,31.26,26.0,30.6,1007,1.0,70,0.0,40,0,2
2020-04-18 21,26.73,57.35,30.53,26.0,28.22,1008,1.0,70,0.0,40,0,2
2020-04-18 22,26.3,51.85,29.64,21.6,26.0,1008,1.0,20,0.0,75,2,2
2020-04-18 23,24.62,56.23,28.87,21.6,25.79,1008,1.0,20,0.0,75,2,2
2020-04-19 00,25.1,49.52,27.96,21.6,25.55,1008,1.0,20,0.0,75,2,1
2020-04-19 01,24.48,51.1,24.76,23.97,25.0,1008,2.1,50,0.0,75,0,2
2020-04-19 02,23.82,55.15,25.01,23.72,25.08,1008,2.1,50,0.0,40,0,1
2020-04-19 03,23.58,56.1,25.1,21.2,23.4,1008,1.5,320,0.0,75,2,1
2020-04-19 04,23.6,54.5,23.0,21.89,23.08,1008,1.5,70,0.0,75,0,1
2020-04-19 05,22.55,63.85,26.18,20.6,24.33,1007,1.17,27,0.0,75,2,1
2020-04-19 06,21.67,70.22,24.94,20.6,24.31,1008,2.49,322,0.0,75,2,1
2020-04-19 07,23.7,68.97,25.96,22.8,24.89,1008,3.05,313,0.0,40,2,1
2020-04-19 08,26.57,56.88,27.3,22.8,26.0,1009,3.0,306,0.0,40,2,1
2020-04-19 09,27.88,52.73,27.74,22.8,26.0,1009,3.13,299,0.0,40,2,1
2020-04-19 10,29.08,47.1,29.26,27.0,32.22,1005,3.1,270,0.0,20,0,3
2020-04-19 11,31.12,39.3,31.73,30.0,32.22,1005,3.1,270,0.0,20,0,3
2020-04-19 12,32.62,33.83,32.63,31.2,32.22,1004,3.1,270,0.0,20,0,2
2020-04-19 13,34.1,29.65,33.47,32.78,34.2,1004,2.6,270,0.0,20,0,1
2020-04-19 14,34.98,24.48,34.22,33.33,34.8,1002,2.6,270,0.0,20,0,1
2020-04-19 15,35.67,18.18,34.76,33.33,35.0,1002,2.6,270,0.0,20,0,1
2020-04-19 16,35.7,18.6,33.77,32.78,35.0,1001,3.1,270,0.0,20,0,1
2020-04-19 17,35.12,20.55,33.56,33.33,34.89,1001,3.1,270,0.0,20,0,1
2020-04-19 18,34.48,19.43,32.27,32.0,34.6,1002,3.1,270,0.0,20,0,1
2020-04-19 19,31.77,23.38,32.31,27.0,32.0,1002,2.83,344,0.0,20,0,1
2020-04-19 20,28.12,32.1,28.95,26.9,29.0,1007,2.8,347,0.0,20,0,1
2020-04-19 21,27.2,38.17,28.1,27.0,28.04,1008,2.47,340,0.0,20,0,2
2020-04-19 22,26.02,44.58,28.41,24.0,27.0,1008,2.38,318,0.0,20,0,3
2020-04-19 23,25.05,50.7,27.94,24.0,27.0,1008,2.1,325,0.0,20,0,3
2020-04-20 00,24.07,52.65,27.39,24.0,26.0,1008,2.17,333,0.0,20,0,4
2020-04-20 01,23.2,57.6,27.43,22.6,26.0,1008,1.79,331,0.0,20,2,4
2020-04-20 02,22.77,61.95,26.68,22.6,25.4,1008,1.77,329,0.0,20,2,4
2020-04-20 03,22.35,63.52,25.43,21.13,24.0,1007,1.49,359,0.0,20,2,4
2020-04-20 04,21.92,68.78,25.57,21.35,24.0,1007,1.81,53,0.0,20,2,4
2020-04-20 05,21.95,67.15,25.34,21.4,24.0,1007,1.5,78,0.0,20,2,4
2020-04-20 06,22.38,63.58,25.54,21.4,23.0,1008,0.95,105,0.0,20,2,5
2020-04-20 07,23.98,59.35,26.2,23.2,26.0,1009,3.1,250,0.0,75,0,5
2020-04-20 08,26.4,49.45,25.94,23.2,26.0,1010,3.1,250,0.0,75,0,5
2020-04-20 09,27.05,41.55,27.16,23.2,27.0,1010,3.1,250,0.0,75,0,4
2020-04-20 10,27.12,38.7,27.23,27.0,28.6,1011,2.6,230,0.0,75,0,3
2020-04-20 11,27.38,39.58,28.35,27.0,31.11,1007,2.6,230,0.0,75,0,2
2020-04-20 12,29.15,36.22,29.46,28.6,30.65,1010,2.6,230,0.0,75,0,1
2020-04-20 13,30.62,33.15,31.1,31.0,32.4,1005,2.6,230,0.0,40,0,1
2020-04-20 14,32.38,26.23,30.96,30.43,32.4,1005,2.6,230,0.0,40,0,1
2020-04-20 15,31.4,27.2,30.48,28.45,32.4,1004,2.6,230,0.0,40,0,1
2020-04-20 16,31.62,26.02,29.27,28.43,31.67,1003,4.1,160,0.0,40,0,1
2020-04-20 17,31.98,24.18,29.02,28.79,31.67,1003,4.1,160,0.0,40,0,1
2020-04-20 18,30.9,25.75,28.71,27.8,31.67,1003,4.1,160,0.0,40,0,1
2020-04-20 19,29.17,30.45,29.74,25.94,29.0,1008,2.95,51,0.0,75,0,1
2020-04-20 20,26.4,42.3,29.46,22.95,31.67,1004,2.66,74,0.0,75,0,1
2020-04-20 21,25.05,47.17,29.7,23.2,30.56,1005,1.8,105,0.0,75,0,1
2020-04-20 22,25.65,45.78,25.74,21.67,25.0,1010,1.56,122,0.0,40,0,1
2020-04-20 23,24.4,52.98,25.73,21.12,25.2,1010,1.31,120,0.0,40,0,2
2020-04-21 00,23.47,59.28,24.86,21.27,24.0,1010,1.51,96,0.0,40,0,2
2020-04-21 01,22.95,60.77,23.92,20.46,23.0,1009,1.4,70,0.0,40,2,2
2020-04-21 02,22.05,63.85,23.75,20.42,23.0,1009,1.31,66,0.0,40,2,2
2020-04-21 03,21.38,65.17,22.3,18.64,22.0,1009,1.85,66,0.0,40,2,2
2020-04-21 04,21.28,67.28,22.47,18.37,22.0,1009,1.61,77,0.0,40,2,2
2020-04-21 05,19.9,74.1,22.1,20.2,21.0,1010,1.95,72,0.0,40,2,2
2020-04-21 06,19.82,75.85,21.34,20.7,21.28,1010,1.75,67,0.0,40,0,2
2020-04-21 07,22.9,62.02,24.11,21.0,25.6,1010,1.0,230,0.0,20,0,2
2020-04-21 08,27.32,46.4,26.25,23.4,25.6,1010,1.0,230,0.0,20,0,2
2020-04-21 09,28.48,43.67,28.03,23.4,28.0,1011,1.0,230,0.0,20,0,2
2020-04-21 10,30.42,35.4,30.41,28.66,32.2,1006,2.6,250,0.0,20,0,3
2020-04-21 11,32.02,29.23,31.63,30.56,32.2,1005,2.6,250,0.0,20,0,2
2020-04-21 12,33.1,28.15,32.25,30.95,32.2,1005,2.6,250,0.0,20,0,2
2020-04-21 13,33.78,26.43,33.59,32.98,34.2,1008,2.6,250,0.0,20,0,2
2020-04-21 14,34.27,25.0,34.41,33.2,34.6,1007,2.6,250,0.0,20,0,2
2020-04-21 15,34.57,23.6,29.25,32.76,33.2,1007,4.6,290,0.0,75,0,1
2020-04-21 16,34.35,23.3,32.3,31.6,32.98,1002,2.6,290,0.0,40,0,1
2020-04-21 17,33.77,22.72,32.63,31.6,33.5,1002,2.6,290,0.0,40,0,1
2020-04-21 18,32.83,23.6,31.72,31.0,32.93,1002,2.6,290,0.0,40,0,1
2020-04-21 19,31.25,26.15,27.4,29.75,31.67,1002,4.1,300,0.0,40,0,1
2020-04-21 20,30.02,29.52,30.98,27.33,30.0,1008,1.0,290,0.0,40,0,1
2020-04-21 21,28.2,33.9,32.04,27.17,31.11,1004,1.0,290,0.0,40,0,2
2020-04-21 22,26.18,40.9,31.59,23.6,31.11,1003,1.0,250,0.0,40,0,2
2020-04-21 23,27.38,36.0,28.49,23.6,28.0,1008,1.0,250,0.0,40,0,2
2020-04-22 00,26.67,37.27,28.98,23.6,27.0,1008,1.0,250,0.0,40,0,2
2020-04-22 01,23.47,48.15,27.0,21.8,26.0,1008,1.92,25,0.0,20,2,3
2020-04-22 02,22.1,53.5,25.13,21.48,25.0,1007,2.01,27,0.0,20,2,3
2020-04-22 03,21.65,56.5,25.15,20.29,25.0,1007,1.9,26,0.0,20,2,4
2020-04-22 04,21.1,59.12,23.88,19.87,24.0,1007,2.02,29,0.0,0,2,5
2020-04-22 05,21.07,61.62,23.1,20.2,23.0,1007,1.9,22,0.0,0,2,5
2020-04-22 06,21.05,62.05,24.31,20.2,23.32,1008,0.89,15,0.0,0,2,5
2020-04-22 07,23.23,54.3,26.41,23.2,26.8,1009,1.0,360,0.0,20,0,5
2020-04-22 08,28.45,37.05,27.62,23.2,26.8,1009,1.0,360,0.0,20,0,5
2020-04-22 09,30.98,30.75,30.1,23.2,31.11,1006,1.0,360,0.0,20,0,4
2020-04-22 10,32.48,28.45,30.35,29.93,33.2,1005,3.6,230,0.0,20,0,3
2020-04-22 11,33.55,25.57,32.06,31.11,33.8,1005,3.6,230,0.0,20,0,2
2020-04-22 12,34.15,24.2,31.94,31.67,33.2,1004,3.6,230,0.0,20,0,2
2020-04-22 13,34.65,22.48,34.34,33.0,35.4,1007,2.1,340,0.0,20,0,1
2020-04-22 14,35.17,21.15,35.53,33.8,35.4,1006,2.1,340,0.0,20,0,1
2020-04-22 15,35.78,18.92,36.14,33.8,36.0,1006,2.1,340,0.0,20,0,1
2020-04-22 16,36.28,16.62,35.24,34.11,35.6,1005,3.1,250,0.0,20,0,1
2020-04-22 17,36.1,16.25,35.1,33.99,35.6,1005,3.1,250,0.0,20,0,1
2020-04-22 18,34.83,16.95,34.03,32.8,34.6,1005,3.1,250,0.0,20,0,1
2020-04-22 19,32.35,22.2,30.93,29.95,33.0,1000,2.1,290,0.0,40,0,1
2020-04-22 20,29.67,29.6,32.07,27.4,31.67,1002,1.0,270,0.0,40,0,2
2020-04-22 21,27.2,38.0,32.7,27.4,32.22,1002,1.0,270,0.0,40,0,3
2020-04-22 22,26.9,40.08,29.54,25.01,29.0,1007,2.38,99,0.0,40,0,3
2020-04-22 23,27.15,38.83,29.26,24.14,29.0,1007,2.01,82,0.0,40,0,3
2020-04-23 00,27.52,37.43,28.72,25.2,28.0,1007,2.25,75,0.0,40,0,4
2020-04-23 01,28.1,34.32,29.79,23.4,28.0,1007,1.0,340,0.0,40,2,4
2020-04-23 02,27.6,35.92,29.29,23.4,28.0,1006,1.0,340,0.0,40,2,3
2020-04-23 03,26.33,41.5,28.81,23.4,27.0,1007,1.0,340,0.0,40,2,3
2020-04-23 04,27.12,38.82,28.85,23.46,27.0,1007,1.0,140,0.0,40,2,3
2020-04-23 05,27.27,37.88,29.1,24.0,27.0,1007,1.0,140,0.0,40,2,3
2020-04-23 06,27.03,39.65,29.06,24.0,27.29,1007,1.0,140,0.0,40,2,3
2020-04-23 07,26.53,44.25,28.69,27.0,28.95,1008,2.1,140,0.0,20,0,3
2020-04-23 08,29.6,36.38,30.77,27.0,31.67,1004,2.1,140,0.0,20,0,3
2020-04-23 09,31.1,32.45,32.21,27.0,32.22,1004,2.1,140,0.0,20,0,3
2020-04-23 10,33.67,25.75,31.47,31.3,33.0,1003,1.5,200,0.0,75,0,3
2020-04-23 11,34.58,24.3,34.49,32.0,34.2,1003,2.1,140,0.0,40,0,2
2020-04-23 12,35.12,23.58,34.89,32.0,34.2,1008,2.1,140,0.0,40,0,2
2020-04-23 13,33.9,25.95,33.27,31.67,34.81,1002,4.6,340,0.0,75,0,2
2020-04-23 14,33.25,24.75,32.58,32.0,35.0,1002,4.6,340,0.0,75,0,2
2020-04-23 15,33.62,19.8,32.07,32.0,33.31,1002,4.6,340,0.0,75,0,1
2020-04-23 16,32.17,20.88,32.89,30.0,32.94,1000,1.5,270,0.0,75,0,1
2020-04-23 17,31.1,25.07,32.19,30.0,32.22,1000,1.5,270,0.0,75,0,1
2020-04-23 18,30.32,27.58,31.38,30.0,31.59,1004,1.5,270,0.0,75,0,1
2020-04-23 19,27.95,33.17,30.41,27.4,29.25,1005,2.19,258,0.0,40,0,1
2020-04-23 20,25.15,40.17,28.19,26.62,27.4,1005,2.2,252,0.0,40,0,1
2020-04-23 21,24.1,44.47,28.3,26.99,27.4,1006,2.24,240,0.0,40,0,1
2020-04-23 22,23.57,47.15,25.0,25.82,26.11,1006,2.16,235,0.0,40,0,2
2020-04-23 23,23.62,49.25,27.59,24.6,26.2,1006,2.17,244,0.0,40,0,2
2020-04-24 00,23.55,53.72,27.62,24.6,26.0,1006,2.08,254,0.0,40,0,2
2020-04-24 01,23.42,59.25,27.08,23.4,26.0,1006,2.08,264,0.0,40,2,3
2020-04-24 02,22.43,64.25,26.31,23.4,25.6,1005,2.23,270,0.0,40,2,3
2020-04-24 03,23.6,61.85,25.57,21.65,24.0,1005,1.04,223,0.0,40,2,3
2020-04-24 04,24.27,58.58,25.78,21.6,23.0,1005,0.64,95,0.0,40,2,4
2020-04-24 05,22.27,66.8,25.91,21.6,24.34,1006,1.05,113,0.0,40,2,4
2020-04-24 06,21.82,69.25,24.26,23.0,24.37,1006,1.56,130,0.0,40,0,4
2020-04-24 07,24.25,60.28,27.32,22.4,26.36,1007,1.5,110,0.0,0,0,3
2020-04-24 08,27.3,45.65,28.86,22.4,28.8,1007,1.5,110,0.0,0,0,3
2020-04-24 09,29.45,38.38,29.82,22.4,29.0,1007,1.5,110,0.0,0,0,3
2020-04-24 10,31.9,33.4,31.29,30.55,32.4,1003,2.1,160,0.0,1,0,3
2020-04-24 11,33.45,29.62,34.17,32.22,33.73,1002,2.6,230,0.0,21,0,2
2020-04-24 12,34.88,25.2,35.67,32.4,35.0,1007,2.6,230,0.0,18,0,2
2020-04-24 13,36.12,23.02,36.61,34.6,36.6,1005,3.1,50,0.0,40,0,1
2020-04-24 14,36.7,21.42,37.18,34.6,37.0,1004,3.1,50,0.0,40,0,1
2020-04-24 15,37.12,20.8,36.6,34.6,36.6,1004,3.1,50,0.0,40,0,1
2020-04-24 16,37.1,20.15,36.01,34.0,35.4,1002,2.6,70,0.0,40,0,1
2020-04-24 17,37.05,20.17,37.18,34.0,36.8,1002,2.6,70,0.0,40,0,1
2020-04-24 18,35.67,22.25,35.82,32.78,36.8,998,2.6,70,0.0,40,0,1
2020-04-24 19,31.85,31.65,36.14,29.2,34.0,998,2.1,50,0.0,40,0,1
2020-04-24 20,29.55,35.88,34.41,28.26,33.33,999,2.1,50,0.0,40,0,2
2020-04-24 21,28.75,38.9,33.62,27.41,33.33,999,2.1,50,0.0,40,0,2
2020-04-24 22,27.67,43.62,30.4,25.92,30.0,1005,2.1,160,0.0,40,0,3
2020-04-24 23,28.27,42.33,31.45,26.05,32.78,1000,2.1,160,0.0,40,0,3
2020-04-25 00,27.73,44.77,30.04,26.65,29.0,1004,2.1,160,0.0,40,0,3
2020-04-25 01,28.02,39.27,29.41,24.87,28.0,1004,1.0,50,0.0,40,0,3
2020-04-25 02,25.62,45.42,27.47,24.33,26.6,1004,1.0,50,0.0,40,0,2
2020-04-25 03,26.57,42.9,27.11,24.13,26.6,1004,1.0,50,0.0,40,0,3
2020-04-25 04,27.77,37.62,25.97,23.78,25.2,1005,2.6,230,0.0,75,0,3
2020-04-25 05,26.05,42.47,26.15,24.3,25.2,1005,2.6,230,0.0,75,0,1
2020-04-25 06,27.02,40.62,26.32,24.67,25.22,1006,2.6,230,0.0,75,0,1
2020-04-25 07,27.05,42.25,26.82,25.0,27.6,1007,2.6,230,0.0,40,0,1
2020-04-25 08,27.83,41.5,28.34,25.6,28.0,1007,2.6,230,0.0,40,0,1
2020-04-25 09,30.27,36.1,29.8,25.6,30.0,1007,2.6,230,0.0,40,0,1
2020-04-25 10,33.03,29.52,30.93,30.9,33.0,1002,3.1,180,0.0,75,0,1
2020-04-25 11,34.45,26.43,34.54,32.34,34.6,1002,3.1,180,0.0,40,0,1
2020-04-25 12,35.5,23.35,35.23,33.3,34.6,1007,3.1,180,0.0,40,0,1
2020-04-25 13,35.75,23.55,38.48,34.65,37.2,1005,2.1,90,0.0,40,0,1
2020-04-25 14,36.45,22.2,37.84,33.33,37.4,1000,2.1,90,0.0,40,0,1
2020-04-25 15,36.9,20.5,37.79,31.22,37.2,1000,2.1,90,0.0,40,0,1
2020-04-25 16,36.53,23.23,36.45,32.24,35.8,999,2.1,50,0.0,40,0,1
2020-04-25 17,35.67,24.45,36.62,33.18,35.8,999,2.1,50,0.0,40,0,1
2020-04-25 18,34.52,25.12,36.04,32.69,35.8,999,2.1,50,0.0,40,0,1
2020-04-25 19,32.35,29.48,35.77,29.4,33.33,1000,1.41,146,0.0,20,0,1
2020-04-25 20,29.05,38.33,33.54,27.98,32.78,1000,1.72,128,0.0,20,0,1
2020-04-25 21,28.45,40.4,32.67,27.89,31.0,1006,1.59,111,0.0,20,0,2
2020-04-25 22,29.65,36.1,31.5,26.06,30.0,1007,1.8,105,0.0,24,0,2
2020-04-25 23,27.35,43.6,30.64,25.83,29.6,1007,2.04,115,0.0,23,0,2
2020-04-26 00,27.35,43.62,30.53,26.14,29.0,1007,2.05,129,0.0,21,0,3
2020-04-26 01,27.93,42.08,29.47,24.57,28.0,1006,1.77,126,0.0,19,0,4
2020-04-26 02,26.65,46.95,28.62,24.68,28.0,1006,2.77,123,0.0,19,0,4
2020-04-26 03,27.18,44.65,27.19,24.18,26.0,1006,2.68,133,0.0,69,0,3
2020-04-26 04,27.6,46.72,27.45,23.96,26.0,1007,2.1,90,0.0,40,0,3
2020-04-26 05,27.12,52.42,27.35,24.8,25.87,1007,2.1,90,0.0,40,0,3
2020-04-26 06,26.77,55.15,25.23,25.35,26.0,1009,4.1,330,0.0,40,0,3
2020-04-26 07,27.0,56.55,28.86,24.0,27.0,1008,1.5,90,0.0,75,1,3
2020-04-26 08,26.83,64.08,29.7,24.6,27.0,1009,1.5,90,0.0,75,1,3
2020-04-26 09,29.25,52.45,28.86,24.0,27.0,1009,1.5,90,0.0,75,1,3
2020-04-26 10,29.23,49.45,30.27,25.0,31.11,1005,2.6,50,0.7,40,4,3
2020-04-26 10,29.23,49.45,30.27,25.0,31.11,1005,2.6,50,0.7,40,0,3
2020-04-26 11,30.05,45.3,32.27,26.28,31.67,1005,2.6,50,0.7,40,4,3
2020-04-26 11,30.05,45.3,32.27,26.28,31.67,1005,2.6,50,0.7,40,0,3
2020-04-26 12,29.07,49.08,33.13,27.29,32.22,1005,2.6,50,0.7,40,4,3
2020-04-26 12,29.07,49.08,33.13,27.29,32.22,1005,2.6,50,0.7,40,0,3
2020-04-26 13,25.38,58.75,24.06,23.2,26.56,1010,5.1,50,0.0,75,1,2
2020-04-26 14,24.6,60.02,23.81,22.8,27.82,1009,5.1,50,0.0,75,1,1
2020-04-26 15,25.35,54.7,24.31,23.2,27.02,1008,5.1,50,0.0,75,1,1
2020-04-26 16,25.8,51.25,27.22,26.0,28.4,1006,4.1,70,0.0,40,0,1
2020-04-26 17,27.0,46.35,27.1,25.6,28.4,1006,4.1,70,0.0,40,0,1
2020-04-26 18,26.28,47.65,25.5,23.4,26.8,1007,4.1,70,0.0,40,0,1
2020-04-26 19,25.35,49.62,21.97,24.0,24.96,1008,4.6,110,0.0,40,0,1
2020-04-26 20,24.1,54.7,25.17,21.6,23.31,1009,1.5,90,0.0,20,2,1
2020-04-26 21,23.43,59.17,24.8,22.0,23.25,1010,1.5,90,0.0,20,2,1
2020-04-26 22,23.02,63.4,22.59,20.82,22.09,1010,2.6,90,0.0,1,2,1
2020-04-26 23,22.73,64.93,22.3,20.0,22.17,1010,2.6,90,0.0,1,2,1
2020-04-27 00,22.35,67.18,22.65,21.0,22.08,1010,2.6,90,0.0,1,2,1
2020-04-27 01,21.9,70.88,21.58,20.0,21.46,1010,2.1,70,0.0,5,2,1
2020-04-27 02,21.3,75.03,21.38,19.4,21.85,1010,2.1,70,0.0,2,2,1
2020-04-27 03,20.88,78.1,21.28,20.0,20.4,1009,2.1,70,0.0,4,2,1
2020-04-27 04,20.28,81.75,21.44,19.4,20.43,1010,2.6,70,0.0,2,2,2
2020-04-27 05,20.3,82.67,21.32,19.0,21.95,1011,2.6,70,0.0,2,2,2
2020-04-27 06,20.58,81.62,21.82,19.4,21.72,1011,2.6,70,0.0,1,2,2
2020-04-27 07,21.4,78.42,22.15,21.0,23.8,1012,3.6,90,0.0,4,2,1
2020-04-27 08,23.7,68.9,22.92,19.94,23.8,1013,3.6,90,0.0,1,2,1
2020-04-27 09,25.9,59.48,25.9,19.72,28.33,1009,3.6,90,0.0,2,2,1
2020-04-27 10,28.1,53.15,28.25,22.96,30.8,1009,2.6,110,0.0,12,0,1
2020-04-27 11,29.5,48.1,30.46,26.66,30.8,1009,2.6,110,0.0,27,0,1
2020-04-27 12,30.77,44.05,31.14,28.14,30.8,1013,2.6,110,0.0,46,0,1
2020-04-27 13,31.8,42.1,31.52,28.25,33.2,1011,5.1,90,0.0,40,0,1
2020-04-27 14,32.15,41.82,32.54,29.05,34.0,1010,5.1,90,0.0,40,0,1
2020-04-27 15,32.52,39.15,32.71,29.03,34.0,1010,5.1,90,0.0,40,0,1
2020-04-27 16,32.98,37.45,32.31,27.4,33.6,1009,4.6,70,0.0,40,0,1
2020-04-27 17,32.5,38.38,30.6,25.89,33.6,1009,4.6,70,0.0,40,0,1
2020-04-27 18,30.62,46.95,29.6,26.2,33.6,1009,4.6,70,0.0,40,0,1
2020-04-27 19,28.65,55.4,31.39,25.92,30.0,1010,4.1,70,0.0,20,2,2
2020-04-27 20,26.98,64.4,29.6,25.17,28.0,1011,4.1,70,0.0,20,2,2
2020-04-27 21,26.15,67.12,28.9,25.38,27.4,1012,4.1,70,0.0,20,2,2
2020-04-27 22,25.88,66.45,28.41,23.57,26.0,1013,2.6,70,0.0,20,2,2
2020-04-27 23,25.23,65.22,28.22,23.4,26.0,1012,2.6,70,0.0,20,2,2
2020-04-28 00,24.75,67.17,27.67,23.61,25.2,1012,2.6,70,0.0,20,2,1
2020-04-28 01,24.65,65.53,26.85,22.76,25.0,1012,3.1,90,0.0,20,2,2
2020-04-28 02,24.73,62.48,26.21,22.62,24.4,1012,3.1,90,0.0,20,2,2
2020-04-28 03,24.48,63.83,25.53,21.18,24.0,1012,3.1,90,0.0,20,2,1
2020-04-28 04,23.77,68.47,25.32,21.0,24.0,1012,2.1,90,0.0,40,2,2
2020-04-28 05,23.33,70.3,25.88,22.91,24.0,1013,2.1,90,0.0,40,2,2
2020-04-28 06,22.88,72.05,26.06,23.01,24.0,1013,2.1,90,0.0,40,2,2
2020-04-28 07,23.73,66.28,27.26,24.04,26.0,1014,2.6,70,0.0,20,0,2
2020-04-28 08,26.2,52.4,27.35,23.78,26.6,1014,2.6,70,0.0,20,0,2
2020-04-28 09,28.15,46.4,28.59,24.62,28.0,1014,2.6,70,0.0,20,0,2
2020-04-28 10,29.57,44.85,31.96,27.41,31.8,1009,3.1,70,0.0,3,0,2
2020-04-28 11,30.88,43.65,33.99,29.61,32.2,1013,3.1,70,0.0,5,0,2
2020-04-28 12,31.85,42.52,34.31,29.77,32.0,1012,3.1,70,0.0,21,0,2
2020-04-28 13,32.83,40.52,37.51,31.95,33.0,1011,1.0,90,0.0,40,0,2
2020-04-28 14,32.85,40.02,37.42,32.0,33.4,1010,1.0,90,0.0,40,0,2
2020-04-28 15,34.1,36.53,32.66,31.98,32.5,1009,2.1,120,0.0,40,0,2
2020-04-28 16,34.02,36.48,36.89,32.0,33.6,1008,1.0,50,0.0,20,0,2
2020-04-28 17,33.65,37.22,36.83,31.63,33.6,1007,1.0,50,0.0,20,0,2
2020-04-28 18,32.72,38.35,36.4,31.99,33.6,1008,1.0,50,0.0,20,0,2
2020-04-28 19,30.95,43.35,35.99,29.6,31.0,1002,0.8,68,0.0,40,0,2
2020-04-28 20,29.8,47.03,34.59,28.04,30.56,1004,0.96,136,0.0,40,0,2
2020-04-28 21,30.17,44.67,34.14,28.02,30.56,1004,1.12,135,0.0,40,0,3
2020-04-28 22,29.6,46.52,33.83,25.73,30.56,1004,1.0,20,0.0,40,2,3
2020-04-28 23,28.53,50.58,32.93,25.46,30.0,1005,1.0,20,0.0,40,2,4
2020-04-29 00,27.12,56.95,32.2,25.6,28.0,1009,1.0,20,0.0,40,2,3
2020-04-29 01,25.55,64.5,31.3,24.71,27.0,1009,1.34,154,0.0,40,2,3
2020-04-29 02,24.7,68.55,30.95,23.92,27.0,1009,0.94,204,0.0,40,2,2
2020-04-29 03,24.48,69.6,29.95,22.99,26.6,1009,1.39,165,0.0,40,2,2
2020-04-29 04,24.33,70.42,28.67,22.9,25.0,1009,1.0,160,0.0,0,2,2
2020-04-29 05,24.55,69.5,29.16,23.8,25.06,1009,1.0,160,0.0,0,2,2
2020-04-29 06,24.75,70.22,29.43,23.8,25.5,1009,1.0,160,0.0,0,2,3
2020-04-29 07,26.62,64.03,29.99,26.0,27.34,1010,1.5,180,0.0,0,2,3
2020-04-29 08,28.98,54.0,31.68,26.0,29.0,1010,1.5,180,0.0,0,2,3
2020-04-29 09,30.18,49.1,33.1,26.0,30.56,1007,1.5,180,0.0,0,2,3
2020-04-29 10,31.9,45.62,32.49,29.81,32.0,1005,2.6,160,0.0,1,0,3
2020-04-29 11,33.23,42.22,37.04,31.6,34.2,1010,2.1,110,0.0,20,0,3
2020-04-29 12,34.58,37.85,38.22,31.6,35.0,1010,2.1,110,0.0,20,0,2
2020-04-29 13,35.35,32.5,36.41,33.73,35.4,1008,4.6,230,0.0,40,0,2
2020-04-29 14,36.0,31.82,37.23,33.86,36.0,1007,4.6,230,0.0,40,0,2
2020-04-29 15,35.97,31.0,36.38,32.0,36.0,1007,4.6,230,0.0,40,0,2
2020-04-29 16,36.17,29.88,37.73,32.2,36.6,1005,2.1,90,0.0,40,0,2
2020-04-29 17,36.3,29.5,38.38,33.83,36.6,1005,2.1,90,0.0,40,0,2
2020-04-29 18,35.25,31.5,36.71,32.2,35.2,1005,2.1,90,0.0,40,0,2
2020-04-29 19,33.33,35.65,36.68,30.2,33.0,1006,1.0,360,0.0,1,0,2
2020-04-29 20,32.15,40.88,34.72,28.94,32.0,1007,1.0,360,0.0,1,0,2
2020-04-29 21,31.25,47.73,34.38,28.96,31.0,1007,1.0,360,0.0,1,0,3
2020-04-29 22,30.1,53.02,32.71,27.14,30.0,1008,2.1,110,0.0,3,0,2
2020-04-29 23,29.5,55.4,32.08,26.68,30.0,1008,2.1,110,0.0,2,0,2
2020-04-30 00,28.95,56.92,31.01,26.46,28.4,1008,2.1,110,0.0,3,0,2
2020-04-30 01,28.55,58.38,30.37,25.23,28.0,1008,2.6,90,0.0,40,2,2
2020-04-30 02,28.12,59.62,29.96,25.13,28.0,1008,2.6,90,0.0,40,2,2
2020-04-30 03,27.9,61.2,30.15,24.8,28.0,1008,2.6,90,0.0,40,2,2
2020-04-30 04,27.77,59.47,30.23,24.75,27.0,1008,1.5,140,0.0,40,2,2
2020-04-30 05,27.3,60.42,30.39,25.8,27.0,1008,1.5,140,0.0,40,2,2
2020-04-30 06,27.33,60.27,30.82,26.3,27.0,1009,1.5,140,0.0,40,2,2
2020-04-30 07,27.75,59.45,31.69,27.0,28.2,1009,1.5,110,0.0,40,2,2
2020-04-30 08,29.43,53.08,32.76,27.2,29.0,1009,1.5,110,0.0,40,2,2
2020-04-30 09,31.05,46.88,34.82,27.2,31.67,1006,1.5,110,0.0,40,2,2
2020-04-30 10,32.85,42.75,35.27,30.62,34.6,1010,2.6,140,0.0,20,0,2
2020-04-30 11,34.52,37.15,37.22,32.8,35.2,1009,2.6,140,0.0,20,0,2
2020-04-30 12,36.38,32.85,36.95,32.8,34.6,1009,2.6,140,0.0,20,0,2
2020-04-30 13,37.3,28.5,38.59,35.4,37.8,1007,3.1,320,0.0,20,0,2
2020-04-30 14,38.48,24.83,39.0,35.4,38.2,1006,3.1,320,0.0,20,0,2
2020-04-30 15,38.77,24.27,38.67,35.12,38.0,1006,3.1,320,0.0,20,0,2
2020-04-30 16,38.9,23.35,39.72,34.6,37.8,1004,2.6,50,0.0,75,0,2
2020-04-30 17,38.3,24.23,39.79,34.6,37.8,1004,2.6,50,0.0,75,0,2
2020-04-30 18,35.88,30.65,39.03,34.6,37.8,1005,2.6,50,0.0,75,0,2
2020-04-30 19,30.43,43.03,37.46,28.93,34.44,1001,1.0,90,0.0,40,0,2
2020-04-30 20,30.05,43.38,34.29,27.05,31.0,1006,1.0,90,0.0,40,0,2
2020-04-30 21,29.02,48.58,33.66,27.47,30.2,1007,1.0,90,0.0,40,0,2
2020-04-30 22,28.65,50.95,32.13,26.07,30.0,1007,2.1,50,0.0,40,0,2
2020-04-30 23,29.68,51.28,30.59,25.72,28.2,1007,2.1,50,0.0,40,0,3
2020-05-01 00,29.52,57.62,30.5,25.61,28.0,1007,2.1,50,0.0,40,0,3
2020-05-01 01,29.4,59.67,31.03,24.54,28.0,1007,1.0,90,0.0,40,2,3
2020-05-01 02,28.73,61.47,30.17,24.49,27.0,1007,1.0,90,0.0,40,2,3
2020-05-01 03,27.85,68.92,29.17,23.34,26.8,1006,1.0,90,0.0,40,2,3
2020-05-01 04,27.55,70.85,28.41,23.27,26.0,1006,2.1,70,0.0,0,2,3
2020-05-01 05,26.68,76.5,28.0,24.32,25.8,1006,2.1,70,0.0,0,2,3
2020-05-01 06,25.93,73.62,28.06,24.42,25.8,1007,2.1,70,0.0,0,2,3
2020-05-01 07,26.77,69.5,30.64,26.32,28.6,1008,2.6,90,0.0,0,2,3
2020-05-01 08,28.25,64.47,31.71,26.26,29.0,1008,2.6,90,0.0,0,2,2
2020-05-01 09,29.5,59.42,33.32,26.79,31.0,1008,2.6,90,0.0,0,2,2
2020-05-01 10,32.15,51.35,34.3,31.05,33.0,1009,2.1,240,0.0,1,0,3
2020-05-01 11,35.08,40.97,38.59,31.8,36.4,1008,1.5,270,0.0,0,0,3
2020-05-01 12,36.38,34.22,40.36,31.8,37.0,1007,1.5,270,0.0,0,0,3
2020-05-01 13,36.75,34.98,40.33,33.8,38.4,1005,1.0,360,0.0,11,0,3
2020-05-01 14,37.15,31.7,41.67,33.8,39.0,1005,1.0,360,0.0,28,0,2
2020-05-01 15,37.6,29.55,41.91,33.8,39.0,1004,1.0,360,0.0,30,0,2
2020-05-01 16,37.57,29.4,42.82,35.93,39.6,1003,2.1,50,0.0,24,0,2
2020-05-01 17,37.2,29.85,42.02,35.38,39.6,1002,2.1,50,0.0,30,0,2
2020-05-01 18,35.42,37.73,39.06,32.2,37.4,1003,2.1,50,0.0,16,0,2
2020-05-01 19,32.95,46.55,38.63,31.8,35.56,999,3.1,70,0.0,22,0,2
2020-05-01 20,31.45,52.45,35.4,30.13,32.0,1004,3.1,70,0.0,44,0,2
2020-05-01 21,30.18,58.1,34.65,29.55,31.8,1005,3.1,70,0.0,68,0,2
2020-05-01 22,29.32,59.12,31.97,27.0,29.0,1006,3.1,90,0.0,58,2,2
2020-05-01 23,28.62,60.15,31.15,26.64,28.8,1005,3.1,90,0.0,13,2,2
2020-05-02 00,28.15,61.33,31.05,26.72,28.8,1005,3.1,90,0.0,0,2,2
2020-05-02 01,27.62,63.33,30.79,25.44,27.2,1005,2.6,70,0.0,13,2,2
2020-05-02 02,27.12,65.25,30.83,25.24,27.4,1005,2.6,70,0.0,17,2,2
2020-05-02 03,26.77,66.53,29.42,24.36,27.2,1005,2.6,70,0.0,11,2,2
2020-05-02 04,26.4,67.62,28.59,24.43,26.0,1005,3.1,90,0.0,12,2,2
2020-05-02 05,26.07,68.33,28.52,25.0,26.46,1005,3.1,90,0.0,8,2,2
2020-05-02 06,25.77,68.57,28.27,25.0,26.18,1006,3.1,90,0.0,32,2,2
2020-05-02 07,25.95,67.42,29.04,26.0,27.6,1007,3.1,90,0.0,20,2,2
2020-05-02 08,26.77,65.03,29.72,26.2,27.6,1007,3.1,90,0.0,20,2,2
2020-05-02 09,28.55,58.05,30.86,26.2,29.0,1008,3.1,90,0.0,20,2,2
2020-05-02 10,30.12,51.9,30.1,29.72,32.78,1002,5.7,80,0.0,20,0,2
2020-05-02 11,31.73,46.52,32.26,31.0,32.52,1008,6.2,110,0.0,20,0,2
2020-05-02 12,33.7,40.77,36.23,32.21,33.8,1007,3.6,110,0.0,3,0,2
2020-05-02 13,35.0,36.55,37.26,33.0,37.2,1005,4.1,90,0.0,4,0,2
2020-05-02 14,35.55,35.15,38.25,33.0,37.2,1004,4.1,90,0.0,29,0,2
2020-05-02 15,36.1,33.4,37.93,33.0,37.2,1004,4.1,90,0.0,45,0,1
2020-05-02 16,36.45,32.5,39.19,34.14,36.4,1003,3.6,90,0.0,20,0,1
2020-05-02 17,36.12,33.55,39.14,33.94,36.4,1003,3.6,90,0.0,20,0,1
2020-05-02 18,34.88,36.25,39.15,34.14,36.4,1003,3.6,90,0.0,20,0,1
2020-05-02 19,33.0,41.72,36.58,31.6,33.25,1005,2.6,70,0.0,40,0,2
2020-05-02 20,31.95,45.6,35.42,30.2,32.2,1005,2.6,70,0.0,40,0,2
2020-05-02 21,31.25,49.5,35.24,29.96,32.2,1005,2.6,70,0.0,40,0,2
2020-05-02 22,30.67,51.25,33.46,28.59,30.4,1006,2.1,50,0.0,20,0,2
2020-05-02 23,30.35,49.95,33.36,28.27,30.4,1006,2.1,50,0.0,20,0,2
2020-05-03 00,29.8,51.55,33.16,27.84,30.4,1006,2.1,50,0.0,20,0,1
2020-05-03 01,29.3,52.57,31.09,26.32,28.0,1005,2.1,70,0.0,40,2,2
2020-05-03 02,28.95,53.7,30.97,26.12,28.0,1005,2.1,70,0.0,40,2,1
2020-05-03 03,28.48,55.45,30.42,25.24,28.0,1006,2.1,70,0.0,40,2,1
2020-05-03 04,27.58,61.1,29.93,25.19,27.2,1006,2.1,110,0.0,40,2,2
2020-05-03 05,27.4,62.2,30.49,26.08,27.2,1006,2.1,110,0.0,40,2,2
2020-05-03 06,27.62,60.5,30.39,25.93,27.2,1007,2.1,110,0.0,40,2,2
2020-05-03 07,27.45,63.65,29.32,25.0,27.41,1007,4.1,110,1.5,90,5,2
2020-05-03 08,26.23,76.08,29.29,25.0,27.33,1007,4.1,110,1.5,90,5,2
2020-05-03 09,25.98,79.22,29.56,25.0,27.64,1007,4.1,110,1.5,90,5,2
2020-05-03 10,27.93,68.98,34.86,29.75,30.8,1008,3.1,70,5.0,40,4,2
2020-05-03 10,27.93,68.98,34.86,29.75,30.8,1008,3.1,70,5.0,40,2,2
2020-05-03 11,28.52,65.25,35.99,29.8,33.26,1008,3.1,70,5.0,40,4,2
2020-05-03 11,28.52,65.25,35.99,29.8,33.26,1008,3.1,70,5.0,40,2,2
2020-05-03 12,31.08,56.25,36.96,29.8,33.83,1008,3.1,70,0.0,40,2,2
2020-05-03 13,33.08,46.95,38.47,32.8,36.0,1007,3.6,70,0.0,40,0,2
2020-05-03 14,33.45,42.6,37.4,32.15,35.18,1006,3.6,70,0.0,40,0,2
2020-05-03 15,32.92,42.97,32.28,31.0,32.8,1005,4.1,90,0.0,90,5,2
2020-05-03 16,31.8,47.38,36.79,30.0,32.33,1004,1.0,90,0.0,90,8,2
2020-05-03 17,30.95,57.2,36.79,30.2,32.04,1004,1.0,90,0.0,90,8,2
2020-05-03 18,30.98,53.45,35.9,29.0,31.6,1005,1.0,90,0.0,90,8,2
2020-05-03 19,30.05,52.78,30.51,23.6,29.0,1008,3.1,290,0.0,90,8,2
2020-05-03 20,26.17,65.1,26.42,23.6,24.67,1009,3.1,290,0.0,90,8,2
2020-05-03 21,23.93,71.08,26.52,23.6,24.65,1008,3.1,290,0.0,90,8,1
2020-05-03 22,22.98,74.15,27.87,23.0,24.48,1008,1.0,50,0.5,90,4,1
2020-05-03 23,22.95,74.72,26.7,22.4,24.11,1008,1.0,50,0.5,90,4,1
2020-05-04 00,22.67,77.65,26.89,23.0,24.02,1008,1.0,50,0.5,90,4,1
2020-05-04 01,22.73,79.35,26.44,22.6,23.03,1008,1.5,140,0.0,40,2,1
2020-05-04 02,22.55,78.77,26.29,22.6,23.01,1008,1.5,140,0.0,40,2,1
2020-05-04 03,22.23,79.62,25.72,20.75,23.0,1007,1.5,140,0.0,40,2,1
2020-05-04 04,21.68,81.65,24.77,20.7,23.0,1007,2.43,63,0.0,40,2,1
2020-05-04 05,20.7,86.85,24.68,21.0,22.82,1008,1.95,77,0.0,40,2,1
2020-05-04 06,20.7,87.58,24.53,22.0,22.96,1009,2.18,95,0.0,40,2,1
2020-05-04 07,23.48,76.4,26.5,24.0,25.2,1010,3.1,20,0.0,0,2,1
2020-05-04 08,24.1,74.75,27.21,24.4,25.21,1011,3.1,20,0.0,22,2,2
2020-05-04 09,26.27,66.25,28.21,24.4,26.0,1011,3.1,20,0.0,76,2,2
2020-05-04 10,28.27,57.88,31.72,28.0,30.0,1011,2.1,70,0.0,40,0,1
2020-05-04 11,30.48,47.28,33.45,28.66,30.81,1010,2.1,70,0.0,40,0,1
2020-05-04 12,32.25,41.25,33.52,27.83,31.0,1010,2.1,70,0.0,40,0,2
2020-05-04 13,33.85,35.95,33.81,30.48,33.0,1009,1.5,330,0.0,40,0,2
2020-05-04 14,34.6,31.12,36.27,31.6,35.0,1008,2.6,90,0.0,20,0,1
2020-05-04 15,35.65,28.8,36.44,31.6,35.0,1007,2.6,90,0.0,20,0,1
2020-05-04 16,35.1,29.38,36.73,32.0,34.6,1006,2.1,50,0.0,40,0,1
2020-05-04 17,34.67,31.75,36.36,32.0,34.6,1006,2.1,50,0.0,40,0,1
2020-05-04 18,34.1,32.6,35.2,32.0,34.0,1007,2.1,50,0.0,40,0,1
2020-05-04 19,31.95,37.4,36.32,29.4,32.0,1007,1.22,1,0.0,20,0,1
2020-05-04 20,30.45,43.42,33.28,26.53,30.0,1007,0.92,10,0.0,20,0,1
2020-05-04 21,29.95,45.83,33.65,26.45,30.0,1008,0.76,92,0.0,20,0,2
2020-05-04 22,29.42,47.52,33.11,25.73,30.0,1009,0.71,113,0.0,70,0,3
2020-05-04 23,28.82,50.5,31.41,25.34,29.0,1008,0.61,104,0.0,47,0,4
2020-05-05 00,28.05,55.68,31.71,25.4,28.0,1008,0.43,78,0.0,51,0,4
2020-05-05 01,26.62,62.55,30.93,24.74,27.0,1008,0.5,59,0.0,51,2,3
2020-05-05 02,24.52,72.35,30.58,24.61,27.0,1008,0.86,65,0.0,48,2,3
2020-05-05 03,24.32,73.95,29.06,22.98,26.2,1008,1.16,18,0.0,76,2,3
2020-05-05 04,24.08,76.5,29.55,22.9,26.0,1007,1.19,27,0.0,56,2,4
2020-05-05 05,24.3,76.7,28.76,24.0,25.4,1008,1.35,42,0.0,39,2,4
2020-05-05 06,24.35,77.08,28.94,25.0,25.72,1008,0.57,75,0.0,75,2,5
2020-05-05 07,27.42,61.9,33.35,27.81,29.0,1009,0.18,196,0.0,40,0,5
2020-05-05 08,29.6,52.97,33.92,28.21,29.0,1009,0.42,268,0.0,40,0,5
2020-05-05 09,32.25,44.33,34.72,26.8,31.0,1009,0.93,312,0.0,40,0,4
2020-05-05 10,34.27,35.7,32.98,31.12,33.2,1009,3.1,270,0.0,20,0,3
2020-05-05 11,35.08,30.75,34.01,33.0,34.6,1009,2.1,340,0.0,20,0,2
2020-05-05 12,35.75,28.33,34.63,33.2,34.19,1008,2.6,300,0.0,40,0,2
2020-05-05 13,36.53,27.1,35.09,34.52,35.27,1007,3.1,330,0.0,40,0,1
2020-05-05 14,37.6,24.65,37.9,34.51,36.6,1005,3.1,320,0.0,40,0,1
2020-05-05 15,37.62,23.98,37.58,34.29,36.6,1005,3.1,320,0.0,40,0,2
2020-05-05 16,37.8,23.02,38.36,34.2,36.4,1004,2.6,270,0.0,40,0,2
2020-05-05 17,37.38,23.15,37.98,34.2,36.4,1004,2.6,270,0.0,40,0,1
2020-05-05 18,36.45,23.97,37.43,32.84,36.4,1004,2.6,270,0.0,40,0,1
2020-05-05 19,34.4,28.25,36.39,29.1,33.0,1005,1.0,50,0.0,40,0,1
2020-05-05 20,32.48,32.65,34.94,27.15,32.0,1006,1.0,50,0.0,40,0,2
2020-05-05 21,30.88,34.8,33.46,27.43,31.2,1006,1.0,50,0.0,40,0,3
2020-05-05 22,28.2,43.23,32.88,25.73,30.0,1007,1.0,50,0.0,40,0,3
2020-05-05 23,26.85,47.9,31.72,25.23,29.0,1007,1.0,50,0.0,40,0,3
2020-05-06 00,27.62,46.17,31.4,25.63,28.0,1007,1.0,50,0.0,40,0,3
2020-05-06 01,28.35,47.68,29.91,24.4,28.0,1007,2.6,230,0.0,75,2,3
2020-05-06 02,28.48,48.95,29.45,23.7,28.0,1006,2.6,230,0.0,75,2,2
2020-05-06 03,27.9,51.75,28.81,23.07,27.0,1005,2.6,230,0.0,75,2,2
2020-05-06 04,27.1,56.0,28.92,22.27,26.0,1005,1.0,90,0.0,75,2,2
2020-05-06 05,26.33,60.95,28.43,23.67,25.2,1005,1.0,90,0.0,75,2,2
2020-05-06 06,25.75,65.45,29.28,23.76,26.0,1006,1.0,90,0.0,75,2,2
2020-05-06 07,25.35,67.95,29.43,25.5,27.6,1007,2.6,140,0.0,40,2,2
2020-05-06 08,26.62,62.67,30.43,25.43,29.0,1007,2.6,140,0.0,40,2,2
2020-05-06 09,29.85,49.7,31.47,25.6,30.0,1008,2.6,140,0.0,40,2,2
2020-05-06 10,32.38,36.35,28.85,29.09,31.0,1009,4.1,320,0.0,75,9,2
2020-05-06 11,32.7,34.48,31.26,29.8,33.6,1008,4.1,360,0.0,40,0,2
2020-05-06 12,33.4,33.08,32.09,31.42,33.6,1008,4.1,360,0.0,40,0,3
2020-05-06 13,35.25,28.32,33.54,33.0,34.05,1007,2.6,90,0.0,75,9,2
2020-05-06 14,33.1,34.3,33.44,32.6,34.04,1006,2.6,90,0.0,75,9,2
2020-05-06 15,32.95,33.55,33.36,32.77,33.6,1006,2.6,90,0.0,75,9,2
2020-05-06 16,34.68,29.72,34.12,32.6,34.0,1005,1.5,50,0.0,20,0,2
2020-05-06 17,34.72,26.85,34.79,32.6,35.2,1004,1.5,50,0.0,20,0,2
2020-05-06 18,33.9,27.9,33.33,32.0,34.0,1004,1.5,50,0.0,20,0,2
2020-05-06 19,31.75,32.88,30.52,30.44,31.28,1005,1.5,90,0.0,40,0,2
2020-05-06 20,28.35,42.48,30.66,27.73,30.0,1006,2.56,74,0.0,20,0,2
2020-05-06 21,28.23,42.25,30.63,27.68,30.0,1007,2.89,84,0.0,20,0,3
2020-05-06 22,29.55,38.35,29.58,26.2,30.0,1007,3.55,81,0.0,20,0,3
2020-05-06 23,28.67,41.67,27.02,25.16,27.0,1007,3.39,83,0.0,20,0,4
2020-05-07 00,27.62,47.15,28.16,25.42,28.0,1008,3.11,92,0.0,20,0,3
2020-05-07 01,24.75,67.67,27.05,24.5,27.0,1007,2.72,96,0.0,20,0,3
2020-05-07 02,23.9,58.72,26.19,23.96,26.0,1007,2.59,104,0.0,20,0,2
2020-05-07 03,23.73,55.65,24.81,21.78,25.4,1007,2.55,88,0.0,20,0,1
2020-05-07 04,23.45,52.92,23.95,21.64,25.0,1008,2.1,50,0.0,20,0,1
2020-05-07 05,22.83,54.45,23.88,23.0,24.2,1008,2.1,50,0.0,20,0,1
2020-05-07 06,22.58,53.92,23.87,23.0,24.0,1008,2.1,50,0.0,20,0,1
2020-05-07 07,23.92,48.08,23.88,24.8,25.25,1008,3.1,140,0.0,0,0,1
2020-05-07 08,25.75,43.1,24.88,24.2,27.4,1009,3.1,140,0.0,0,0,1
2020-05-07 09,28.02,37.52,26.04,24.2,29.0,1009,3.1,140,0.0,0,0,1
2020-05-07 10,30.3,33.08,28.93,29.2,31.0,1010,2.6,150,0.0,1,3,1
2020-05-07 11,32.23,29.73,31.65,29.2,35.0,1009,2.6,110,0.0,0,0,1
2020-05-07 12,34.15,26.12,32.75,31.8,34.0,1008,2.6,110,0.0,0,0,1
2020-05-07 13,35.4,23.9,34.7,33.4,36.6,1007,2.1,140,0.0,0,0,1
2020-05-07 14,36.77,20.55,34.88,33.4,36.6,1006,2.1,140,0.0,0,0,1
2020-05-07 15,37.65,18.93,35.19,34.86,36.6,1005,2.1,140,0.0,13,0,1
2020-05-07 16,37.62,18.02,36.22,34.93,37.0,1004,2.1,20,0.0,4,0,1
2020-05-07 17,37.33,18.38,36.02,34.7,37.0,1004,2.1,20,0.0,1,0,1
2020-05-07 18,36.2,20.55,35.53,34.32,36.8,1004,2.1,20,0.0,12,0,1
2020-05-07 19,33.23,26.55,35.08,30.2,34.0,1006,1.47,10,0.0,2,0,1
2020-05-07 20,31.75,31.73,32.21,28.63,32.0,1006,1.64,42,0.0,69,0,2
2020-05-07 21,30.85,34.23,30.3,28.29,30.2,1006,2.4,24,0.0,96,0,2
2020-05-07 22,29.62,37.55,30.04,26.11,30.0,1007,2.44,18,0.0,98,0,3
2020-05-07 23,27.35,46.62,28.11,26.4,27.8,1007,2.78,22,0.0,96,0,4
2020-05-08 00,25.5,56.3,29.29,26.4,29.0,1007,2.96,26,0.0,78,0,4
2020-05-08 01,26.23,59.4,28.01,24.6,27.0,1006,2.51,32,0.0,54,0,3
2020-05-08 02,26.3,63.53,27.09,23.53,27.0,1006,2.67,49,0.0,0,0,3
2020-05-08 03,25.08,68.92,27.55,21.62,27.0,1006,2.27,115,0.0,0,0,2
2020-05-08 04,24.83,69.85,27.66,21.41,26.0,1005,1.0,180,0.0,0,2,2
2020-05-08 05,25.93,63.1,27.29,23.33,25.0,1006,1.0,180,0.0,0,2,2
2020-05-08 06,25.25,65.7,28.59,24.0,26.0,1006,1.0,180,0.0,0,2,2
2020-05-08 07,27.4,56.35,29.37,27.71,29.0,1007,2.6,160,0.0,0,0,2
2020-05-08 08,29.8,47.05,31.02,28.15,31.0,1006,2.6,160,0.0,0,0,2
2020-05-08 09,32.6,38.98,32.38,25.6,33.0,1007,2.6,160,0.0,0,0,2
2020-05-08 10,34.58,32.88,32.84,32.53,34.0,1007,3.1,180,0.0,1,0,2
2020-05-08 11,36.23,26.33,37.39,34.78,37.0,1006,1.5,160,0.0,0,0,2
2020-05-08 12,37.75,22.6,37.44,34.94,37.0,1006,1.5,160,0.0,0,0,2
2020-05-08 13,38.95,18.65,38.45,37.19,39.2,1005,2.1,110,0.0,9,0,2
2020-05-08 14,39.62,17.48,38.85,35.2,40.2,1004,2.1,110,0.0,18,0,2
2020-05-08 15,40.05,16.77,38.35,35.2,39.2,1004,2.1,110,0.0,18,0,1
2020-05-08 16,40.1,17.38,38.44,36.43,39.0,1003,2.1,50,0.0,12,0,1
2020-05-08 17,39.02,18.6,38.28,36.39,38.4,1002,2.1,50,0.0,52,0,2
2020-05-08 18,36.95,24.33,37.1,34.8,38.4,1003,2.1,50,0.0,74,0,2
2020-05-08 19,35.07,28.95,36.89,32.44,35.0,1004,1.5,50,0.0,82,0,2
2020-05-08 20,33.35,36.6,34.11,29.01,33.0,1004,1.5,50,0.0,31,0,2
2020-05-08 21,32.08,44.65,33.48,28.73,32.6,1005,1.5,50,0.0,0,0,3
2020-05-08 22,31.27,48.4,33.73,26.93,31.0,1005,1.0,90,0.0,0,0,3
2020-05-08 23,30.5,52.55,32.7,26.46,30.0,1005,1.0,90,0.0,1,0,3
2020-05-09 00,29.65,55.5,32.87,26.84,30.0,1005,1.0,90,0.0,0,0,3
2020-05-09 01,29.38,54.85,30.99,25.61,28.6,1005,1.0,140,0.0,0,0,3
2020-05-09 02,27.9,60.15,30.4,24.99,28.6,1005,1.0,140,0.0,0,0,2
2020-05-09 03,28.82,53.33,29.84,24.36,28.6,1005,1.0,140,0.0,0,0,2
2020-05-09 04,28.62,52.58,29.22,24.31,27.6,1006,1.0,140,0.0,0,0,2
2020-05-09 05,28.5,52.33,29.58,25.96,27.6,1006,1.0,140,0.0,0,0,2
2020-05-09 06,28.15,56.18,28.66,25.0,27.6,1007,1.0,140,0.0,0,0,2
2020-05-09 07,29.12,55.05,31.48,28.0,29.2,1008,1.5,140,0.0,0,0,2
2020-05-09 08,31.25,49.15,32.29,28.0,30.0,1008,1.5,140,0.0,0,0,3
2020-05-09 09,33.25,43.67,34.57,28.2,33.0,1008,1.5,140,0.0,0,0,3
2020-05-09 10,34.7,38.6,35.18,32.15,35.0,1008,2.6,140,0.0,1,0,3
2020-05-09 11,36.4,33.4,38.09,33.4,38.6,1007,2.6,140,0.0,0,0,2
2020-05-09 12,37.85,29.57,38.41,33.4,38.0,1007,2.6,140,0.0,0,0,2
2020-05-09 13,38.92,24.45,39.88,36.0,40.4,1005,1.0,90,0.0,20,0,2
2020-05-09 14,40.2,21.2,41.4,36.0,41.2,1005,1.0,90,0.0,20,0,2
2020-05-09 15,41.35,16.98,41.65,36.0,41.0,1004,1.0,90,0.0,20,0,2
2020-05-09 16,41.28,15.05,41.56,37.77,40.6,1003,1.0,70,0.0,56,0,2
2020-05-09 17,40.92,16.15,41.64,37.23,40.6,1002,1.0,70,0.0,68,0,1
2020-05-09 18,38.53,27.85,40.81,37.03,40.6,1003,1.0,70,0.0,71,0,2
2020-05-09 19,35.88,37.3,38.61,33.6,36.0,1004,3.1,50,0.0,20,0,2
2020-05-09 20,34.1,42.92,36.63,32.52,34.4,1005,3.1,50,0.0,20,0,2
2020-05-09 21,32.98,44.75,35.82,32.16,33.73,1006,3.1,50,0.0,20,0,2
2020-05-09 22,32.12,46.92,36.66,30.5,32.0,1007,2.1,90,0.0,20,0,3
2020-05-09 23,31.62,48.98,35.83,30.17,31.4,1006,2.1,90,0.0,20,0,3
2020-05-10 00,31.45,49.17,35.61,29.74,31.4,1007,2.1,90,0.0,20,0,3
2020-05-10 01,31.02,50.08,32.8,28.16,30.0,1006,2.1,110,0.0,40,0,2
2020-05-10 02,30.85,50.7,32.77,28.17,30.0,1006,2.1,110,0.0,40,0,2
2020-05-10 03,30.4,51.95,32.03,26.38,30.0,1005,2.1,110,0.0,40,0,2
2020-05-10 04,29.82,54.6,30.34,26.34,28.0,1005,2.6,110,0.0,20,0,2
2020-05-10 05,28.93,59.1,30.84,27.44,28.2,1006,2.6,110,0.0,20,0,3
2020-05-10 06,28.6,60.8,30.72,27.36,28.0,1007,2.6,110,0.0,20,0,3
2020-05-10 07,29.43,56.92,30.33,28.46,30.2,1008,4.1,100,0.0,40,0,3
2020-05-10 08,30.62,53.6,31.87,28.08,31.2,1007,4.1,110,0.0,40,0,3
2020-05-10 09,31.23,52.22,33.22,28.7,33.0,1007,4.1,110,0.0,40,0,3
2020-05-10 10,32.5,48.73,34.68,30.3,35.2,1008,3.1,90,0.0,75,0,3
2020-05-10 11,34.17,44.62,35.73,31.2,35.6,1008,3.1,90,0.0,75,0,3
2020-05-10 12,26.15,68.3,30.44,26.0,35.2,1010,3.1,90,0.0,75,0,3
2020-05-10 13,23.65,68.28,28.76,23.2,34.06,1009,3.6,50,0.0,90,0,3
2020-05-10 14,25.55,54.83,29.11,23.2,34.3,1008,3.6,50,0.0,90,0,1
2020-05-10 15,26.6,49.48,28.19,23.2,30.32,1007,3.6,50,0.0,90,0,1
2020-05-10 16,26.95,46.97,29.73,29.0,31.0,1006,3.1,50,0.0,40,0,1
2020-05-10 17,28.95,40.12,29.96,28.95,31.0,1006,3.1,50,0.0,40,0,1
2020-05-10 18,28.25,42.62,28.48,27.0,31.0,1006,3.1,50,0.0,40,0,1
2020-05-10 19,26.57,47.65,27.41,26.79,28.45,1007,1.5,140,0.0,40,0,1
2020-05-10 20,23.93,61.73,27.26,24.8,26.96,1008,2.1,160,0.0,40,0,1
2020-05-10 21,23.62,60.52,27.26,24.8,26.56,1008,2.1,160,0.0,40,0,1
2020-05-10 22,25.23,51.45,25.87,24.2,25.32,1008,2.1,70,0.0,40,0,1
2020-05-10 23,24.75,53.07,25.66,24.2,25.02,1008,2.1,70,0.0,40,0,1
2020-05-11 00,24.15,56.92,25.81,24.2,25.0,1007,2.1,70,0.0,40,0,1
2020-05-11 01,23.25,63.35,25.43,23.0,25.0,1008,2.1,70,0.0,40,0,2
2020-05-11 02,22.8,66.72,23.98,23.0,23.71,1008,2.1,70,0.0,40,0,2
2020-05-11 03,22.7,67.15,23.46,21.61,23.0,1007,2.1,70,0.0,40,0,1
2020-05-11 04,22.18,70.6,22.74,21.7,22.0,1008,2.1,90,0.0,40,0,1
2020-05-11 05,22.02,72.15,23.04,21.4,23.6,1009,2.1,90,0.0,40,0,2
2020-05-11 06,21.62,75.7,23.21,22.0,23.44,1009,2.1,90,0.0,40,0,2
2020-05-11 07,22.75,71.9,26.34,24.0,27.3,1010,2.6,110,0.0,40,0,2
2020-05-11 08,24.92,64.0,27.43,25.0,26.2,1010,2.6,110,0.0,40,0,2
2020-05-11 09,27.47,54.58,29.45,25.0,29.0,1010,2.6,110,0.0,40,0,2
2020-05-11 10,29.83,47.17,30.85,30.2,31.0,1010,3.6,110,0.0,20,0,2
2020-05-11 11,31.9,41.97,34.56,30.2,34.8,1010,2.6,140,0.0,20,0,2
2020-05-11 12,33.62,39.25,35.29,31.88,34.0,1010,2.6,140,0.0,20,0,2
2020-05-11 13,34.65,36.8,37.3,33.6,35.0,1008,2.1,70,0.0,75,0,2
2020-05-11 14,34.28,39.45,37.3,33.38,35.4,1008,2.1,70,0.0,75,0,2
2020-05-11 15,33.98,40.08,37.26,33.59,35.0,1007,2.1,70,0.0,75,0,2
2020-05-11 16,35.12,37.65,35.89,31.8,34.23,1005,2.6,90,0.0,40,0,2
2020-05-11 17,34.65,38.83,36.82,31.8,36.8,1005,2.6,90,0.0,40,0,2
2020-05-11 18,33.4,42.28,35.33,31.8,34.5,1006,2.6,90,0.0,40,0,1
2020-05-11 19,31.93,46.7,34.99,30.2,32.91,1007,1.5,70,0.0,20,0,2
2020-05-11 20,30.83,50.7,33.25,26.54,31.0,1007,1.5,70,0.0,20,0,2
2020-05-11 21,30.1,52.73,33.46,27.1,31.0,1008,1.5,70,0.0,20,0,2
2020-05-11 22,29.53,55.17,31.64,26.57,30.0,1009,1.12,244,0.0,40,0,3
2020-05-11 23,28.55,59.58,31.06,26.81,30.0,1009,1.5,251,0.0,40,0,3
2020-05-12 00,28.57,59.03,31.32,26.68,29.0,1008,0.64,44,0.0,40,0,2
2020-05-12 01,28.42,58.5,29.55,24.57,28.0,1008,2.17,79,0.0,20,0,2
2020-05-12 02,27.98,60.25,28.23,24.57,28.0,1007,3.46,94,0.0,20,0,2
2020-05-12 03,27.3,56.12,27.98,23.77,27.0,1008,2.87,69,0.0,20,0,3
2020-05-12 04,26.03,52.05,26.74,23.6,27.0,1008,2.6,20,0.0,40,0,2
2020-05-12 05,25.6,53.5,26.22,24.57,26.0,1009,2.6,20,0.0,40,0,1
2020-05-12 06,25.62,58.47,26.33,24.57,26.0,1009,2.6,20,0.0,40,0,2
2020-05-12 07,25.88,62.05,28.73,25.0,27.2,1010,2.1,70,0.0,40,0,2
2020-05-12 08,27.35,56.02,29.2,25.0,28.0,1010,2.1,70,0.0,40,0,2
2020-05-12 09,29.05,49.77,30.94,25.0,30.0,1010,2.1,70,0.0,40,0,2
2020-05-12 10,29.48,45.5,31.32,29.99,32.0,1010,3.6,140,0.0,40,0,2
2020-05-12 11,31.9,41.4,35.24,31.2,35.2,1009,1.5,50,0.0,40,0,2
2020-05-12 12,33.02,39.88,36.31,31.2,36.0,1009,1.5,50,0.0,40,0,2
2020-05-12 13,33.5,38.05,36.61,33.2,37.0,1008,2.1,50,0.0,40,0,2
2020-05-12 14,35.73,31.23,37.25,33.2,37.4,1007,2.1,50,0.0,40,0,2
2020-05-12 15,36.12,31.5,37.12,33.2,37.0,1006,2.1,50,0.0,40,0,2
2020-05-12 16,36.45,29.65,37.51,33.95,36.6,1005,1.5,70,0.0,20,0,1
2020-05-12 17,36.5,29.72,36.43,32.2,36.6,1005,1.5,70,0.0,20,0,1
2020-05-12 18,35.08,35.1,35.81,32.2,36.6,1005,1.5,70,0.0,20,0,1
2020-05-12 19,32.98,45.23,37.26,31.54,34.0,1006,1.5,50,0.0,20,0,2
2020-05-12 20,31.8,48.95,35.14,29.0,33.0,1006,1.5,50,0.0,20,0,2
2020-05-12 21,31.12,52.12,34.06,28.9,31.8,1007,1.5,50,0.0,20,0,3
2020-05-12 22,30.3,55.2,32.99,27.43,30.0,1007,2.1,50,0.0,20,0,3
2020-05-12 23,29.68,58.8,32.61,27.39,30.0,1006,2.1,50,0.0,20,0,4
2020-05-13 00,28.8,61.83,33.1,27.81,30.0,1006,2.1,50,0.0,20,0,3
2020-05-13 01,28.38,63.32,31.95,26.85,29.0,1006,2.1,50,0.0,20,0,3
2020-05-13 02,27.55,66.92,31.4,26.76,29.0,1006,2.1,50,0.0,20,0,3
2020-05-13 03,27.18,69.22,30.59,25.19,28.4,1006,2.1,50,0.0,20,0,2
2020-05-13 04,27.25,69.3,30.53,25.47,28.0,1007,2.1,250,0.0,40,0,2
2020-05-13 05,26.45,73.85,30.15,26.27,28.0,1007,2.1,250,0.0,40,0,2
2020-05-13 06,27.95,67.68,30.92,26.76,28.0,1008,2.1,250,0.0,40,0,3
2020-05-13 07,28.68,60.17,30.31,27.56,29.2,1009,2.1,250,0.0,40,0,3
2020-05-13 08,29.05,54.85,30.84,27.85,29.2,1009,2.1,250,0.0,40,0,4
2020-05-13 09,31.02,46.95,31.73,28.2,30.0,1009,2.1,250,0.0,40,0,4
2020-05-13 10,30.68,45.67,31.72,28.2,31.6,1009,3.1,50,0.0,40,0,3
2020-05-13 11,30.95,44.72,32.71,29.93,31.61,1008,3.1,50,0.0,40,0,3
2020-05-13 12,31.0,44.3,33.11,29.87,32.0,1008,3.1,50,0.0,40,0,2
2020-05-13 13,33.4,38.85,33.02,31.83,33.0,1007,2.6,40,0.0,75,0,3
2020-05-13 14,34.23,37.2,35.85,32.2,35.0,1006,2.6,70,0.0,40,0,3
2020-05-13 15,35.83,33.7,35.85,33.06,34.4,1006,2.6,70,0.0,40,0,3
2020-05-13 16,36.3,31.45,36.14,32.6,34.6,1004,2.1,320,0.0,40,0,2
2020-05-13 17,35.0,32.05,36.05,32.0,35.0,1003,2.1,320,0.0,40,0,2
2020-05-13 18,33.88,39.35,33.64,32.0,33.42,1004,2.1,40,0.0,75,0,2
2020-05-13 19,32.73,41.58,35.58,30.2,33.0,1005,2.1,180,0.0,40,0,2
2020-05-13 20,31.25,47.6,32.15,28.68,30.2,1005,2.1,180,0.0,40,0,3
2020-05-13 21,29.97,50.83,32.61,28.8,30.2,1006,2.1,180,0.0,40,0,3
2020-05-13 22,28.68,54.47,31.59,26.66,29.0,1007,0.94,120,0.0,40,0,3
2020-05-13 23,27.4,60.52,30.79,27.4,28.35,1006,1.21,149,0.0,40,0,3
2020-05-14 00,27.32,59.38,30.29,28.0,28.35,1006,1.44,154,0.0,40,0,2
2020-05-14 01,26.45,63.75,29.64,26.96,27.53,1006,1.53,164,0.0,40,0,2
2020-05-14 02,26.0,67.1,29.47,26.2,27.55,1005,1.56,167,0.0,20,0,2
2020-05-14 03,25.77,69.22,27.84,23.62,26.2,1005,1.45,126,0.0,20,0,2
2020-05-14 04,25.32,72.27,28.82,23.65,26.0,1005,1.34,102,0.0,20,2,2
2020-05-14 05,24.8,76.17,29.33,26.0,26.79,1005,1.12,89,0.0,20,0,2
2020-05-14 06,25.38,74.8,29.06,26.31,27.0,1006,2.01,106,0.0,40,0,3
2020-05-14 07,28.02,63.95,30.83,28.72,29.8,1007,2.6,140,0.0,0,0,4
2020-05-14 08,31.27,49.8,31.1,28.58,30.0,1007,2.6,140,0.0,0,0,3
2020-05-14 09,32.57,45.03,32.26,26.8,32.0,1007,2.6,140,0.0,0,0,4
2020-05-14 10,34.15,40.65,36.4,32.14,35.2,1007,2.1,180,0.0,0,0,3
2020-05-14 11,36.1,33.12,38.36,34.8,36.0,1007,2.1,180,0.0,1,0,3
2020-05-14 12,37.2,29.25,39.33,34.8,37.0,1007,2.1,180,0.0,6,0,3
2020-05-14 13,38.15,26.5,39.64,37.34,39.2,1005,2.6,230,0.0,6,0,2
2020-05-14 14,39.35,24.48,39.7,37.61,39.2,1004,2.6,230,0.0,8,0,2
2020-05-14 15,39.67,24.15,39.87,35.89,39.2,1004,2.6,230,0.0,37,0,2
2020-05-14 16,39.8,23.98,39.04,35.47,38.6,1003,1.0,200,0.0,75,0,2
2020-05-14 17,38.95,24.7,38.32,34.14,38.6,1003,1.0,200,0.0,75,0,2
2020-05-14 18,29.88,59.58,30.53,26.0,38.6,1004,1.0,200,0.0,75,0,2
2020-05-14 19,24.1,84.47,29.17,26.0,31.14,1006,3.1,70,0.0,40,0,2
2020-05-14 20,26.12,65.88,29.0,26.2,28.23,1006,3.1,70,0.0,40,0,2
2020-05-14 21,26.02,68.3,29.41,26.2,28.4,1006,3.1,70,0.0,40,0,2
2020-05-14 22,24.77,80.93,30.26,26.52,27.2,1006,1.0,250,0.0,40,0,2
2020-05-14 23,25.27,79.2,30.32,25.67,27.8,1006,1.0,250,0.0,40,0,2
2020-05-15 00,25.3,82.55,30.08,25.96,27.0,1006,1.0,250,0.0,40,0,2
2020-05-15 01,26.6,70.5,28.97,25.68,27.0,1006,3.1,270,0.0,40,2,2
2020-05-15 02,26.95,53.67,28.99,25.68,27.2,1006,3.1,270,0.0,40,2,2
2020-05-15 03,26.02,60.72,28.73,25.06,27.0,1006,3.1,270,0.0,40,2,1
2020-05-15 04,24.62,65.6,27.58,24.87,26.0,1006,1.0,230,0.0,40,0,1
2020-05-15 05,24.27,65.2,27.75,24.6,27.1,1006,1.0,230,0.0,40,0,2
2020-05-15 06,24.55,61.2,27.82,26.78,27.06,1006,2.1,280,0.0,20,0,2
2020-05-15 07,26.6,52.05,30.04,27.4,29.4,1007,2.1,270,0.0,20,0,2
2020-05-15 08,29.55,41.83,30.3,27.4,30.0,1007,2.1,270,0.0,20,0,2
2020-05-15 09,32.05,36.67,31.92,27.4,32.0,1007,2.1,270,0.0,20,0,1
2020-05-15 10,33.8,34.5,34.67,32.96,36.2,1007,2.6,320,0.0,1,0,1
2020-05-15 11,35.45,31.62,36.46,35.0,36.8,1006,2.6,320,0.0,0,0,1
2020-05-15 12,37.28,27.7,37.22,35.66,37.0,1006,2.6,320,0.0,2,0,1
2020-05-15 13,38.1,25.55,37.69,37.82,38.2,1005,4.1,270,0.0,14,0,1
2020-05-15 14,38.85,24.07,38.1,37.94,39.0,1004,4.1,270,0.0,4,0,2
2020-05-15 15,39.17,21.02,37.95,36.74,39.0,1004,4.1,270,0.0,20,0,2
2020-05-15 16,39.15,19.23,35.33,36.2,38.0,1003,4.6,250,0.0,20,0,2
2020-05-15 17,38.33,18.5,34.91,35.83,38.0,1002,4.6,250,0.0,20,0,1
2020-05-15 18,37.03,21.05,34.22,35.33,36.6,1003,4.1,300,0.0,40,1,1
2020-05-15 19,34.85,24.4,34.52,33.0,35.0,1003,2.1,270,0.0,26,0,1
2020-05-15 20,33.1,27.98,33.13,31.48,34.0,1003,2.1,270,0.0,2,0,2
2020-05-15 21,31.43,32.3,32.65,31.03,33.0,1004,2.1,270,0.0,0,0,3
2020-05-15 22,30.73,33.58,30.03,28.14,31.0,1004,3.39,314,0.0,0,0,3
2020-05-15 23,29.83,36.02,29.39,27.95,30.0,1004,3.2,319,0.0,0,0,5
2020-05-16 00,28.48,41.0,28.9,27.89,29.8,1004,3.02,321,0.0,0,0,5
2020-05-16 01,28.98,39.08,28.59,26.18,28.0,1004,2.9,317,0.0,0,0,5
2020-05-16 02,28.4,41.62,28.37,25.93,28.0,1004,2.92,313,0.0,0,0,5
2020-05-16 03,28.05,43.42,27.71,25.37,27.0,1004,2.52,309,0.0,0,0,5
2020-05-16 04,27.3,47.35,27.6,24.6,26.0,1005,1.5,230,0.0,0,0,4
2020-05-16 05,26.88,49.65,28.62,24.6,27.45,1005,1.5,230,0.0,0,0,3
2020-05-16 06,26.08,54.9,28.22,24.6,27.15,1006,1.5,230,0.0,0,0,3
2020-05-16 07,28.1,49.5,30.17,28.0,30.8,1006,2.1,270,0.0,0,0,3
2020-05-16 08,30.77,42.35,31.14,28.2,30.8,1006,2.1,270,0.0,0,0,3
2020-05-16 09,32.7,38.62,32.5,28.2,32.0,1006,2.1,270,0.0,0,0,3
2020-05-16 10,34.5,34.67,33.68,32.75,36.0,1002,3.1,320,0.0,0,0,2
2020-05-16 11,36.33,27.1,35.34,34.44,36.0,1000,3.1,320,0.0,0,0,2
2020-05-16 12,37.62,21.6,37.06,35.81,38.0,1005,3.1,320,0.0,0,0,2
2020-05-16 13,39.0,15.85,36.06,38.08,39.4,1004,4.1,250,0.0,0,0,2
2020-05-16 14,39.55,14.32,36.66,38.19,40.2,1003,4.1,250,0.0,0,0,1
2020-05-16 15,39.88,12.8,36.45,37.44,40.0,1003,4.1,250,0.0,0,0,2
2020-05-16 16,39.97,12.18,35.27,37.0,39.0,1001,4.6,320,0.0,0,0,1
2020-05-16 17,39.52,12.22,34.88,36.92,38.8,1001,4.6,320,0.0,0,0,1
2020-05-16 18,38.28,15.48,33.92,35.84,38.2,1001,4.6,320,0.0,11,0,1
2020-05-16 19,36.35,19.12,35.93,32.41,35.0,997,1.0,270,0.0,6,0,1
2020-05-16 20,33.25,26.35,34.15,29.38,34.44,998,1.0,270,0.0,6,0,2
2020-05-16 21,31.4,31.25,33.84,29.13,33.89,998,1.0,270,0.0,22,0,2
2020-05-16 22,31.48,28.98,33.37,26.74,34.44,998,1.0,320,0.0,29,0,3
2020-05-16 23,30.3,32.12,31.65,26.81,31.0,1004,1.0,320,0.0,41,0,4
2020-05-17 00,27.77,39.2,31.05,26.91,30.0,1003,1.0,320,0.0,41,0,5
2020-05-17 01,26.88,43.7,28.97,25.8,29.0,1003,2.56,335,0.0,11,0,5
2020-05-17 02,26.98,42.23,28.03,25.46,28.0,1003,2.39,332,0.0,4,0,4
2020-05-17 03,27.1,40.55,27.03,23.93,27.0,1003,2.28,342,0.0,0,0,4
2020-05-17 04,27.25,40.68,26.05,23.66,26.0,1003,2.36,351,0.0,0,0,4
2020-05-17 05,26.07,46.05,26.24,24.6,26.4,1003,2.45,4,0.0,8,0,4
2020-05-17 06,27.6,42.45,25.96,24.0,26.86,1004,1.9,13,0.0,1,0,4
2020-05-17 07,28.9,43.52,29.85,27.8,32.0,1004,1.5,230,0.0,20,0,5
2020-05-17 08,32.8,34.23,31.97,27.8,32.4,1004,1.5,230,0.0,20,0,5
2020-05-17 09,35.57,25.65,34.27,27.8,35.0,1000,1.5,230,0.0,20,0,5
2020-05-17 10,37.58,19.78,35.63,35.0,38.6,1000,2.1,230,0.0,20,0,4
2020-05-17 11,39.3,17.17,37.81,37.0,39.6,1004,2.1,230,0.0,20,0,3
2020-05-17 12,40.3,16.15,38.28,37.5,39.0,1004,2.1,230,0.0,20,0,2
2020-05-17 13,40.25,17.23,36.44,38.95,39.6,1003,4.1,230,0.0,40,0,2
2020-05-17 14,41.03,15.35,38.43,39.15,40.4,1002,3.6,250,0.0,40,0,2
2020-05-17 15,40.27,15.65,37.36,37.18,40.4,1001,3.6,250,0.0,40,0,2
2020-05-17 16,39.22,17.35,38.19,37.0,39.0,1000,2.6,250,0.0,40,0,2
2020-05-17 17,38.62,19.5,37.36,36.86,38.2,1000,2.6,250,0.0,40,0,2
2020-05-17 18,36.48,25.52,35.62,35.0,37.6,1000,2.6,250,0.0,40,0,2
2020-05-17 19,35.9,24.82,34.96,31.8,34.41,1001,2.48,236,0.0,20,0,2
2020-05-17 20,33.48,27.95,33.55,30.43,33.83,1001,2.45,229,0.0,20,0,2
2020-05-17 21,30.43,35.7,31.92,29.32,31.8,1002,2.45,229,0.0,20,0,2
2020-05-17 22,31.1,34.3,30.45,27.06,30.0,1002,2.46,247,0.0,20,0,3
2020-05-17 23,29.85,36.82,29.87,27.0,29.2,1002,2.09,277,0.0,20,0,3
2020-05-18 00,27.33,44.25,29.0,27.33,28.0,1002,2.33,306,0.0,20,0,3
2020-05-18 01,26.38,47.8,27.85,26.0,27.0,1002,2.32,323,0.0,20,0,3
2020-05-18 02,25.75,50.85,27.86,26.0,27.2,1002,2.36,339,0.0,20,0,4
2020-05-18 03,25.95,50.05,27.07,23.51,27.0,1002,2.23,8,0.0,20,0,4
2020-05-18 04,26.97,43.38,27.45,23.19,26.0,1002,1.0,180,0.0,20,0,5
2020-05-18 05,25.45,49.03,28.32,24.2,26.8,1003,1.0,180,0.0,20,0,5
2020-05-18 06,24.8,53.28,28.53,24.2,27.05,1003,1.0,180,0.0,20,0,5
2020-05-18 07,29.35,40.93,28.33,27.0,31.4,1004,3.1,230,0.0,20,0,5
2020-05-18 08,31.38,34.15,29.89,28.2,31.4,1004,3.1,230,0.0,20,0,5
2020-05-18 09,34.08,28.73,31.18,28.2,32.0,1004,3.1,230,0.0,20,0,5
2020-05-18 10,36.35,24.48,34.96,34.44,37.6,998,2.6,260,0.0,20,0,5
2020-05-18 11,38.52,20.1,36.43,36.8,38.2,1003,2.6,230,0.0,20,0,5
2020-05-18 12,39.95,15.65,36.74,37.16,38.2,1003,2.6,230,0.0,20,0,4
2020-05-18 13,40.92,11.8,37.67,39.32,40.4,1001,3.1,290,0.0,20,0,3
2020-05-18 14,41.3,8.9,35.09,39.44,40.0,1001,7.2,290,0.0,2,3,2
2020-05-18 15,41.45,8.65,37.85,37.96,41.0,1000,3.1,290,0.0,20,0,2
2020-05-18 16,41.2,9.23,36.5,37.6,40.0,999,3.1,270,0.0,20,0,2
2020-05-18 17,40.27,10.1,36.02,37.36,39.6,999,3.1,270,0.0,20,0,2
2020-05-18 18,39.02,11.22,34.93,35.46,39.4,999,3.1,270,0.0,20,0,2
2020-05-18 19,37.05,13.25,33.93,31.98,37.0,996,3.25,311,0.0,20,0,1
2020-05-18 20,32.77,20.1,32.2,30.01,36.0,996,3.08,317,0.0,20,0,2
2020-05-18 21,30.48,23.88,32.11,29.71,35.0,996,2.71,336,0.0,20,0,2
2020-05-18 22,30.43,23.88,31.75,26.6,34.44,997,3.04,358,0.0,20,0,3
2020-05-18 23,27.92,29.05,28.51,26.25,31.0,1002,2.69,12,0.0,20,0,4
2020-05-19 00,27.05,33.7,30.62,25.99,34.44,997,2.85,11,0.0,20,0,4
2020-05-19 01,26.85,34.5,28.2,24.8,30.0,1002,3.04,351,0.0,20,0,5
2020-05-19 02,26.2,36.62,25.44,23.88,26.4,1001,2.77,328,0.0,20,0,5
2020-05-19 03,25.25,39.17,25.06,22.28,26.0,1001,1.92,358,0.0,20,0,5
2020-05-19 04,24.85,41.15,26.51,21.7,26.0,1002,0.14,260,0.0,20,0,5
2020-05-19 05,24.23,45.02,25.93,22.95,26.62,1002,0.45,198,0.0,20,0,5
2020-05-19 06,24.5,47.12,27.55,23.4,27.0,1002,0.78,199,0.0,20,0,5
2020-05-19 07,27.32,43.07,31.15,28.98,33.4,1002,0.34,286,0.0,20,0,5
2020-05-19 08,33.1,30.05,33.53,30.01,34.44,998,0.88,313,0.0,20,0,5
2020-05-19 09,36.73,23.23,35.45,30.2,36.0,998,1.46,321,0.0,20,0,5
2020-05-19 10,38.8,18.25,36.41,35.0,38.6,998,1.5,320,0.0,0,0,5
2020-05-19 11,39.3,17.4,38.05,37.44,39.6,1002,1.5,320,0.0,20,0,4
2020-05-19 12,40.62,11.78,38.48,37.57,40.0,1002,1.5,320,0.0,28,0,4
2020-05-19 13,41.1,10.7,38.67,39.12,41.0,1000,1.5,340,0.0,40,0,2
2020-05-19 14,41.25,10.15,38.38,39.04,41.0,1000,1.5,340,0.0,40,0,2
2020-05-19 15,41.55,8.9,38.45,38.31,41.0,1000,1.5,340,0.0,40,0,2
2020-05-19 16,40.65,10.25,38.06,37.2,40.0,1000,3.1,340,0.0,75,0,2
2020-05-19 17,39.55,12.62,37.4,37.2,39.8,999,3.1,340,0.0,75,0,2
2020-05-19 18,38.42,13.47,36.73,36.86,39.8,999,3.1,340,0.0,75,0,2
2020-05-19 19,36.28,17.82,35.79,32.97,36.67,995,2.63,9,0.0,40,0,2
2020-05-19 20,32.12,25.27,33.15,32.27,34.0,1000,3.32,17,0.0,40,0,2
2020-05-19 21,29.05,31.9,32.45,32.35,33.2,1001,3.44,4,0.0,40,0,3
2020-05-19 22,28.0,35.8,34.63,27.4,36.67,997,1.0,270,0.0,20,0,4
2020-05-19 23,28.62,30.85,31.4,26.22,33.0,1001,1.0,270,0.0,20,0,5
2020-05-20 00,27.35,32.77,31.03,26.41,31.0,1002,1.0,270,0.0,20,0,5
2020-05-20 01,26.93,32.0,28.67,25.2,30.0,1001,3.01,327,0.0,20,0,4
2020-05-20 02,27.77,26.98,27.59,25.16,29.0,1001,2.9,324,0.0,20,0,3
2020-05-20 03,28.62,24.3,26.84,23.82,28.0,1001,2.86,319,0.0,20,0,2
2020-05-20 04,27.9,25.77,26.22,23.6,27.0,1001,1.0,270,0.0,0,0,3
2020-05-20 05,28.1,24.7,25.46,23.6,26.0,1001,1.0,270,0.0,0,0,3
2020-05-20 06,27.27,26.3,24.92,26.38,27.0,1001,2.1,270,0.0,20,0,4
2020-05-20 07,28.55,25.1,28.62,28.0,30.4,1001,1.0,270,0.0,0,0,3
2020-05-20 08,30.88,23.07,29.54,28.4,30.4,1002,1.0,270,0.0,0,0,3
2020-05-20 09,33.8,19.47,30.72,28.4,32.0,1002,1.0,270,0.0,0,0,3
2020-05-20 10,35.95,18.05,33.47,33.36,37.4,998,2.1,360,0.0,0,0,2
2020-05-20 11,37.75,14.85,35.0,35.56,37.4,996,2.1,360,0.0,0,0,2
2020-05-20 12,38.38,13.48,35.73,35.56,38.0,997,2.1,360,0.0,0,0,2
2020-05-20 13,39.55,11.88,37.04,37.83,40.0,1001,3.1,320,0.0,0,0,1
2020-05-20 14,40.17,11.15,36.42,37.74,39.4,1000,3.1,320,0.0,0,0,2
2020-05-20 15,40.42,11.32,36.36,37.34,39.4,999,3.1,320,0.0,0,0,2
2020-05-20 16,40.3,11.75,36.64,37.0,39.6,998,3.1,270,0.0,0,0,2
2020-05-20 17,39.83,11.75,36.63,37.0,39.6,998,3.1,270,0.0,0,0,1
2020-05-20 18,38.83,12.1,35.88,36.24,39.6,999,3.1,270,0.0,0,0,1
2020-05-20 19,36.95,14.5,34.6,32.51,36.0,995,2.6,270,0.0,0,0,1
2020-05-20 20,34.65,17.88,32.93,30.04,35.0,995,2.6,270,0.0,0,0,2
2020-05-20 21,33.17,20.1,32.89,30.12,35.0,996,2.6,270,0.0,0,0,2
2020-05-20 22,33.43,19.55,32.08,28.24,35.0,996,1.5,270,0.0,0,0,3
2020-05-20 23,32.95,20.35,31.65,27.49,35.0,996,1.5,270,0.0,0,0,3
2020-05-21 00,32.3,21.3,31.8,27.87,34.44,996,1.5,270,0.0,0,0,3
2020-05-21 01,31.85,22.5,30.8,26.33,34.44,996,1.5,290,0.0,0,0,3
2020-05-21 02,31.05,24.05,30.44,25.48,35.56,995,1.5,290,0.0,0,0,2
2020-05-21 03,30.73,24.52,30.58,24.42,35.56,996,1.5,290,0.0,0,0,2
2020-05-21 04,30.02,25.9,28.95,24.66,30.0,1001,1.0,250,0.0,0,0,2
2020-05-21 05,29.3,27.25,27.89,25.8,28.0,1001,1.0,250,0.0,0,0,2
2020-05-21 06,28.23,29.85,27.08,25.8,27.57,1001,1.0,250,0.0,0,0,2
2020-05-21 07,30.25,27.6,28.91,29.0,30.6,1001,2.6,250,0.0,0,0,2
2020-05-21 08,33.0,22.55,29.56,29.4,31.0,1001,2.6,250,0.0,0,0,3
2020-05-21 09,35.15,20.12,31.74,30.4,34.0,1001,2.6,250,0.0,0,0,3
2020-05-21 10,37.1,17.7,34.12,35.1,37.8,997,3.6,230,0.0,0,0,2
2020-05-21 11,39.05,13.93,35.76,36.8,39.0,1001,3.6,230,0.0,0,0,2
2020-05-21 12,40.5,11.95,36.73,36.8,40.0,1000,3.6,230,0.0,0,0,1
2020-05-21 13,41.17,11.27,37.83,39.73,41.4,1000,4.1,320,0.0,0,0,1
2020-05-21 14,42.23,10.3,38.01,40.28,41.4,999,4.1,320,0.0,0,0,1
2020-05-21 15,42.67,9.45,38.37,39.53,42.0,999,4.1,320,0.0,0,0,1
2020-05-21 16,42.62,9.38,38.04,39.2,42.0,997,4.1,320,0.0,0,0,1
2020-05-21 17,42.2,9.35,37.38,38.84,41.2,997,4.1,320,0.0,0,0,1
2020-05-21 18,41.12,9.95,36.52,37.2,41.2,998,4.1,320,0.0,0,0,1
2020-05-21 19,39.23,11.85,38.78,32.45,39.0,994,1.0,250,0.0,0,0,1
2020-05-21 20,33.98,19.3,36.04,29.78,36.67,994,1.0,250,0.0,0,0,2
2020-05-21 21,31.35,25.52,35.57,30.1,35.56,994,1.0,250,0.0,0,0,2
2020-05-21 22,29.85,29.88,33.48,27.17,36.11,994,2.62,313,0.0,0,0,3
2020-05-21 23,29.02,31.1,30.33,26.47,32.0,999,2.7,308,0.0,0,0,3
2020-05-22 00,28.62,32.83,32.49,26.53,35.56,994,2.74,304,0.0,0,0,3
2020-05-22 01,28.05,34.9,28.82,24.89,30.0,999,2.88,302,0.0,0,0,4
2020-05-22 02,27.6,35.9,27.99,24.71,29.0,999,2.89,302,0.0,0,0,4
2020-05-22 03,27.3,36.42,28.63,24.01,29.0,999,1.65,316,0.0,0,0,4
2020-05-22 04,26.82,37.55,28.53,24.41,29.0,999,0.72,293,0.0,0,0,4
2020-05-22 05,26.5,38.5,28.26,24.6,29.0,999,0.3,254,0.0,0,0,4
2020-05-22 06,25.62,42.23,29.35,24.6,29.0,1000,0.22,232,0.0,0,0,5
2020-05-22 07,29.15,36.78,30.56,29.6,34.0,1000,2.1,230,0.0,1,0,5
2020-05-22 08,34.45,23.7,31.28,29.6,34.0,1000,2.1,230,0.0,1,0,5
2020-05-22 09,36.65,19.17,32.99,29.6,35.0,997,2.1,230,0.0,1,0,5
2020-05-22 10,39.25,16.23,34.71,35.38,39.4,1002,2.1,280,0.0,1,0,5
2020-05-22 11,40.95,14.7,39.57,38.3,42.6,1001,2.6,230,0.0,0,0,4
2020-05-22 12,42.98,12.38,39.52,38.73,41.6,1001,2.6,230,0.0,0,0,3
2020-05-22 13,43.3,11.15,38.89,40.99,42.12,1001,3.1,270,0.0,1,0,2
2020-05-22 14,43.95,11.47,41.07,41.29,44.6,999,3.1,250,0.0,0,0,2
2020-05-22 15,44.47,10.25,41.07,40.87,44.0,999,3.1,250,0.0,0,0,2
2020-05-22 16,44.4,9.9,40.93,40.4,43.2,998,3.1,270,0.0,1,0,2
2020-05-22 17,43.5,11.35,40.93,40.25,43.4,998,3.1,270,0.0,3,0,2
2020-05-22 18,41.45,15.1,39.96,38.96,43.2,998,3.1,270,0.0,2,0,2
2020-05-22 19,38.73,18.92,41.21,33.93,40.0,1000,2.12,98,0.0,1,0,2
2020-05-22 20,34.38,28.12,38.02,31.26,38.0,1000,2.21,116,0.0,0,0,3
2020-05-22 21,32.45,32.88,37.83,31.29,37.0,1001,2.28,135,0.0,0,0,3
2020-05-22 22,31.35,36.52,37.24,28.77,36.0,996,2.24,155,0.0,0,0,4
2020-05-22 23,30.78,38.5,35.78,28.28,35.56,996,2.2,173,0.0,0,0,4
2020-05-23 00,30.52,41.77,36.54,28.3,35.56,996,2.16,191,0.0,0,0,4
2020-05-23 01,29.8,44.67,35.72,27.42,35.56,996,2.49,204,0.0,0,0,5
2020-05-23 02,29.57,42.83,34.91,27.73,35.0,996,1.52,186,0.0,0,0,5
2020-05-23 03,29.12,42.3,35.43,25.68,35.0,995,1.25,118,0.0,0,0,4
2020-05-23 04,28.98,38.85,31.78,25.48,31.0,1000,1.75,96,0.0,20,0,4
2020-05-23 05,28.55,41.0,31.23,27.0,31.0,1000,2.01,97,0.0,20,0,5
2020-05-23 06,29.2,40.42,31.11,27.0,30.0,1001,2.65,108,0.0,20,0,5
2020-05-23 07,31.2,40.65,31.45,30.2,33.2,1002,3.1,250,0.0,20,0,5
2020-05-23 08,36.15,26.6,33.93,30.2,35.56,998,3.1,250,0.0,20,0,5
2020-05-23 09,37.95,19.38,34.2,30.2,36.0,1003,3.1,250,0.0,20,0,4
2020-05-23 10,39.23,18.3,34.24,34.78,38.0,1003,3.1,280,0.0,40,0,3
2020-05-23 11,40.8,16.8,38.74,35.0,42.4,1002,2.6,250,0.0,20,0,3
2020-05-23 12,42.05,16.23,39.75,35.0,43.0,1002,2.6,250,0.0,20,0,3
2020-05-23 13,43.9,14.0,41.07,40.4,44.0,1001,3.6,280,0.0,20,0,3
2020-05-23 14,44.75,12.6,40.3,40.4,44.2,1000,4.1,270,0.0,20,0,2
2020-05-23 15,44.7,11.95,40.79,40.4,44.0,1000,3.1,270,0.0,20,0,2
2020-05-23 16,43.98,11.07,41.45,40.17,43.0,999,3.1,290,0.0,20,0,2
2020-05-23 17,44.07,11.12,40.14,39.73,43.6,998,4.6,290,0.0,40,0,1
2020-05-23 18,43.42,11.35,41.1,38.8,43.0,999,1.5,320,0.0,40,0,1
2020-05-23 19,39.58,17.85,39.81,35.89,42.0,1000,1.5,320,0.0,40,0,1
2020-05-23 20,37.42,26.68,39.21,32.13,39.0,1001,2.13,122,0.0,40,0,3
2020-05-23 21,36.93,34.5,38.77,31.84,38.0,1002,1.99,125,0.0,40,0,3
2020-05-23 22,37.98,21.33,35.05,31.15,37.0,998,2.6,250,0.0,40,0,3
2020-05-23 23,36.17,20.45,34.75,30.72,37.22,998,2.6,250,0.0,40,0,3
2020-05-24 00,36.08,21.35,34.3,30.44,36.2,998,2.6,250,0.0,40,0,2
2020-05-24 01,36.9,18.82,34.35,29.37,36.0,998,2.1,230,0.0,40,0,2
2020-05-24 02,36.3,20.25,34.26,28.64,36.0,997,2.1,230,0.0,40,0,2
2020-05-24 03,34.0,33.6,33.3,27.86,35.0,997,2.1,230,0.0,40,0,3
2020-05-24 04,33.17,42.85,33.69,27.15,35.0,997,2.1,230,0.0,20,0,4
2020-05-24 05,31.48,55.25,33.14,27.62,35.0,997,2.1,230,0.0,20,0,5
2020-05-24 06,30.25,61.02,32.7,29.8,32.0,1002,2.1,230,0.0,20,0,5
2020-05-24 07,32.8,50.03,35.83,31.87,35.0,997,1.0,290,0.0,40,0,5
2020-05-24 08,36.7,35.62,37.32,31.6,38.0,999,1.0,290,0.0,40,0,5
2020-05-24 09,39.3,24.77,38.34,31.91,39.0,999,1.0,290,0.0,40,0,5
2020-05-24 10,41.02,19.58,37.47,36.02,42.6,1003,4.1,250,0.0,20,0,4
2020-05-24 11,42.75,15.9,39.74,38.54,43.8,1002,4.1,250,0.0,20,0,3
2020-05-24 12,44.03,13.4,40.02,39.41,43.0,1002,4.1,250,0.0,20,0,2
2020-05-24 13,44.98,10.6,41.15,41.63,45.0,1001,4.1,270,0.0,20,0,2
2020-05-24 14,45.3,10.12,40.82,41.61,45.0,1000,4.1,270,0.0,20,0,1
2020-05-24 15,45.48,9.25,40.39,40.9,44.0,1000,4.1,270,0.0,20,0,1
2020-05-24 16,44.4,10.85,40.81,40.4,43.0,999,3.1,320,0.0,20,0,1
2020-05-24 17,43.75,11.25,40.65,40.16,43.2,999,3.1,320,0.0,20,0,1
2020-05-24 18,42.27,13.07,39.87,39.02,42.6,999,3.1,320,0.0,20,0,1
2020-05-24 19,40.25,16.15,40.23,35.11,40.0,1000,1.0,270,0.0,20,0,1
2020-05-24 20,37.98,20.48,38.68,33.42,39.0,996,1.0,270,0.0,20,0,2
2020-05-24 21,36.88,21.7,38.71,34.78,38.0,996,1.0,270,0.0,20,0,3
2020-05-24 22,37.05,19.77,38.23,31.6,37.0,997,1.0,270,0.0,20,0,3
2020-05-24 23,36.0,21.33,36.92,31.21,36.67,997,1.0,270,0.0,20,0,3
2020-05-25 00,35.2,22.62,36.57,30.98,36.11,997,1.0,270,0.0,20,0,2
2020-05-25 01,34.75,23.1,34.67,28.81,35.56,996,2.42,327,0.0,20,0,2
2020-05-25 02,34.08,24.12,33.37,28.29,35.0,995,2.36,304,0.0,20,0,2
2020-05-25 03,33.83,24.27,31.34,27.53,31.0,1001,2.09,288,0.0,20,0,2
2020-05-25 04,32.95,26.12,28.84,27.15,29.0,1001,2.1,230,0.0,20,0,2
2020-05-25 05,31.9,29.6,29.45,28.8,29.56,1001,2.1,230,0.0,20,0,3
2020-05-25 06,32.18,28.6,31.04,28.8,31.0,1002,2.1,230,0.0,20,0,3
2020-05-25 07,33.4,27.83,32.28,32.0,34.6,999,3.6,250,0.0,0,0,4
2020-05-25 08,35.45,25.62,33.23,32.65,34.8,999,3.6,250,0.0,0,0,4
2020-05-25 09,37.48,23.18,34.44,33.03,36.0,1003,3.6,250,0.0,0,0,4
2020-05-25 10,39.95,19.77,38.6,37.29,40.6,1003,4.1,270,0.0,0,0,3
2020-05-25 11,41.62,17.52,40.38,39.8,41.0,1002,4.1,270,0.0,0,0,3
2020-05-25 12,42.98,14.88,41.83,40.17,43.0,1002,4.1,270,0.0,0,0,2
2020-05-25 13,44.08,12.95,39.67,42.25,43.24,1002,4.1,300,0.0,1,9,1
2020-05-25 14,44.52,13.05,40.32,42.48,44.0,1001,6.2,250,0.0,20,0,1
2020-05-25 15,44.98,12.7,40.29,41.77,44.0,1000,6.2,250,0.0,20,0,1
2020-05-25 16,44.55,12.38,41.77,41.2,44.0,999,4.1,250,0.0,40,0,1
2020-05-25 17,44.3,12.1,41.27,40.9,43.8,998,4.1,250,0.0,40,0,1
2020-05-25 18,43.08,13.22,40.26,40.0,43.6,999,4.1,250,0.0,40,0,1
2020-05-25 19,41.12,15.03,41.92,35.95,42.0,1000,2.84,332,0.0,20,0,1
2020-05-25 20,37.73,20.6,38.44,32.9,39.0,1000,2.45,358,0.0,20,0,1
2020-05-25 21,34.9,25.27,38.37,33.6,38.0,1000,2.53,16,0.0,20,0,2
2020-05-25 22,33.05,29.08,37.39,30.55,37.0,1001,2.85,21,0.0,1,0,2
2020-05-25 23,32.5,30.65,34.3,29.78,34.0,1000,3.04,21,0.0,4,0,2
2020-05-26 00,32.02,32.45,36.47,31.17,34.0,1000,1.65,359,0.0,11,0,2
2020-05-26 01,31.85,32.38,36.88,30.4,34.0,999,1.0,340,0.0,15,0,2
2020-05-26 02,31.0,34.98,34.72,29.0,32.0,999,1.0,340,0.0,24,0,2
2020-05-26 03,30.6,37.5,33.71,26.54,32.0,999,1.0,340,0.0,37,0,3
2020-05-26 04,30.12,39.47,32.94,26.58,32.0,999,1.0,270,0.0,75,0,3
2020-05-26 05,31.22,34.35,33.3,28.33,32.0,1000,1.0,270,0.0,75,0,3
2020-05-26 06,31.93,30.75,33.91,29.4,32.0,1000,1.0,270,0.0,75,0,2
2020-05-26 07,34.52,24.8,33.26,32.88,35.8,1001,4.1,290,0.0,20,0,2
2020-05-26 08,36.82,20.43,33.92,33.26,36.2,1001,4.1,290,0.0,20,0,2
2020-05-26 09,38.47,19.2,35.03,33.61,38.0,1001,4.1,290,0.0,20,0,2
2020-05-26 10,40.45,18.22,38.72,38.46,42.8,1001,5.1,250,0.0,0,0,2
2020-05-26 11,42.38,16.62,41.3,40.87,43.4,1000,5.1,250,0.0,0,0,2
2020-05-26 12,44.27,14.18,41.92,41.28,44.0,1000,5.1,250,0.0,19,0,2
2020-05-26 13,45.4,11.82,41.78,43.2,45.6,999,5.1,250,0.0,20,0,1
2020-05-26 14,46.3,10.2,41.58,43.6,45.6,998,5.1,250,0.0,20,0,1
2020-05-26 15,46.27,9.43,41.59,42.51,45.6,998,5.1,250,0.0,20,0,1
2020-05-26 16,46.48,7.77,43.1,42.26,44.0,997,2.6,250,0.0,20,0,1
2020-05-26 17,45.9,7.7,42.81,41.46,44.0,996,2.6,250,0.0,20,0,1
2020-05-26 18,44.4,9.3,42.23,41.46,44.0,997,2.6,250,0.0,20,0,1
2020-05-26 19,40.92,13.53,43.36,36.6,42.0,998,1.66,324,0.0,20,0,1
2020-05-26 20,36.32,20.9,38.96,34.01,38.6,998,2.38,40,0.0,20,0,1
2020-05-26 21,34.9,24.25,38.12,34.33,38.0,999,3.07,56,0.0,20,0,1
2020-05-26 22,35.88,26.32,37.04,31.85,37.0,999,2.1,70,0.0,20,0,2
2020-05-26 23,35.2,30.42,35.12,30.96,35.0,999,2.1,70,0.0,20,0,3
2020-05-27 00,34.3,26.55,34.47,30.21,34.8,999,2.1,70,0.0,20,0,2
2020-05-27 01,33.33,27.38,33.79,28.26,34.0,999,2.1,70,0.0,20,0,2
2020-05-27 02,33.12,27.05,32.94,27.7,33.0,998,2.1,70,0.0,20,0,2
2020-05-27 03,32.47,28.35,31.9,26.45,32.8,998,2.1,70,0.0,20,0,2
2020-05-27 04,31.77,29.12,31.61,26.79,32.0,998,1.0,180,0.0,20,0,1
2020-05-27 05,31.88,29.35,30.76,27.03,31.0,998,1.0,180,0.0,20,0,1
2020-05-27 06,31.82,30.23,31.7,28.84,31.0,998,1.0,180,0.0,20,0,1
2020-05-27 07,32.85,32.58,33.63,32.13,35.4,999,2.6,230,0.0,40,0,1
2020-05-27 08,36.88,23.68,35.53,32.55,37.0,998,2.6,230,0.0,40,0,1
2020-05-27 09,39.05,20.98,37.24,33.35,39.0,999,2.6,230,0.0,40,0,2
2020-05-27 10,40.3,21.6,38.83,36.87,41.8,999,2.6,250,0.0,0,0,2
2020-05-27 11,41.2,20.6,41.59,39.2,44.2,999,2.6,250,0.0,1,0,6
2020-05-27 12,42.9,18.5,42.02,39.2,44.0,999,2.6,250,0.0,10,0,2
2020-05-27 13,44.75,14.6,41.39,41.2,45.2,997,3.6,270,0.0,40,0,6
2020-05-27 14,45.4,14.1,42.13,41.2,46.2,996,3.6,270,0.0,40,0,6
2020-05-27 15,44.6,14.2,41.56,41.19,45.2,996,3.6,270,0.0,40,0,2
2020-05-27 16,,,41.65,39.6,45.0,995,3.1,50,0.0,40,0,6
2020-05-27 17,43.38,14.57,40.78,39.5,45.0,995,3.1,50,0.0,40,0,2
2020-05-27 18,41.9,18.52,38.54,39.22,42.0,996,3.1,50,0.0,40,9,2
2020-05-27 19,39.9,21.43,39.84,35.66,40.0,997,2.1,70,0.0,20,0,2
2020-05-27 20,38.45,25.95,37.01,31.58,38.0,997,2.1,70,0.0,20,0,2
2020-05-27 21,37.72,28.0,36.43,31.45,37.0,998,2.1,70,0.0,20,0,2
2020-05-27 22,35.75,27.73,32.87,28.99,36.0,999,3.1,50,0.0,40,0,2
2020-05-27 23,34.85,23.5,31.81,28.01,35.0,999,3.1,50,0.0,40,0,2
2020-05-28 00,34.47,23.15,32.24,29.15,35.0,999,3.1,50,0.0,40,0,1
2020-05-28 01,33.48,25.2,31.16,29.1,34.0,999,3.1,50,0.0,40,0,1
2020-05-28 02,33.27,28.4,30.33,28.8,33.0,999,3.1,50,0.0,40,0,1
2020-05-28 03,32.52,43.15,29.81,28.8,32.0,999,3.1,50,0.0,40,0,1
2020-05-28 04,31.75,46.85,30.24,28.38,31.0,1000,4.1,230,0.0,75,0,2
2020-05-28 05,31.38,47.08,30.43,29.02,31.0,1000,4.1,230,0.0,75,0,1
2020-05-28 06,31.07,48.7,30.41,29.01,31.0,1000,4.1,230,0.0,75,0,1
2020-05-28 07,30.85,50.25,32.38,29.42,32.4,1000,3.1,90,0.0,75,0,2
2020-05-28 08,31.73,48.28,32.61,29.17,32.4,1001,3.1,90,0.0,75,0,2
2020-05-28 09,32.3,46.2,34.18,29.83,34.6,1000,3.1,90,0.0,75,0,2
2020-05-28 10,33.9,42.18,33.75,30.0,37.2,1001,4.1,90,0.0,40,0,2
2020-05-28 11,36.05,37.03,36.82,34.0,39.4,1000,4.1,90,0.0,40,0,2
2020-05-28 12,36.6,35.95,36.81,34.27,37.2,1000,4.1,90,0.0,40,0,2
2020-05-28 13,36.88,34.23,38.76,36.76,39.6,999,4.1,110,0.0,40,9,2
2020-05-28 14,37.52,32.12,40.16,37.21,40.6,998,4.1,110,0.0,40,9,2
2020-05-28 15,38.23,29.8,38.27,34.2,39.6,997,4.1,110,0.0,40,9,1
2020-05-28 16,38.25,30.2,39.54,35.79,39.8,996,3.6,110,0.0,40,9,2
2020-05-28 17,37.75,32.0,38.8,35.56,39.8,996,3.6,110,0.0,40,9,2
2020-05-28 18,36.95,33.6,37.45,33.2,39.8,997,3.6,110,0.0,40,9,2
2020-05-28 19,35.17,38.67,36.41,32.6,36.0,999,4.1,70,0.0,75,9,2
2020-05-28 20,32.12,52.65,32.47,28.65,32.6,1000,4.1,70,0.0,75,9,2
2020-05-28 21,29.52,59.33,29.69,28.0,32.6,1004,4.1,70,0.0,75,9,2
2020-05-28 22,25.67,79.57,26.99,23.8,28.69,1005,5.7,50,1.5,75,4,2
2020-05-28 23,24.38,79.62,26.69,23.8,28.56,1005,5.7,50,1.5,75,4,1
2020-05-29 00,25.47,71.28,27.19,27.0,30.56,996,6.2,110,0.0,90,0,1
2020-05-29 01,26.5,62.2,30.0,26.43,27.65,1001,4.1,70,0.0,90,1,1
2020-05-29 02,27.32,53.7,29.87,26.22,27.56,1000,4.1,70,0.0,90,1,1
2020-05-29 03,27.35,54.45,29.31,24.86,27.0,1002,4.1,70,0.0,90,1,1
2020-05-29 04,27.52,53.27,27.8,24.2,26.0,1001,3.1,50,0.0,90,1,1
2020-05-29 05,27.55,51.73,28.28,24.2,27.18,1002,3.1,50,0.0,90,1,1
2020-05-29 06,27.1,55.08,27.77,26.22,27.0,1003,3.1,90,0.0,90,0,1
2020-05-29 07,27.47,55.52,28.81,27.0,28.8,1004,3.6,90,0.0,75,0,1
2020-05-29 08,28.68,55.42,29.99,27.2,29.2,1004,3.6,90,0.0,75,0,1
2020-05-29 09,29.7,53.15,30.63,27.2,30.0,1005,3.6,90,0.0,75,0,2
2020-05-29 10,30.95,49.33,32.36,30.26,33.33,1000,4.1,90,0.0,75,0,2
2020-05-29 11,32.1,47.35,32.98,30.6,33.2,1004,4.1,90,0.0,75,0,1
2020-05-29 12,33.25,44.4,34.15,31.97,33.2,1004,4.1,90,0.0,75,0,1
2020-05-29 13,34.28,41.7,35.8,32.49,34.27,1003,4.1,50,0.0,90,0,1
2020-05-29 14,35.65,37.4,36.36,31.0,36.6,1002,4.1,50,0.0,90,0,1
2020-05-29 15,34.97,45.35,35.65,31.0,35.0,1002,4.1,50,0.0,90,0,1
2020-05-29 16,33.8,48.9,35.2,32.32,34.44,997,4.1,50,0.0,90,0,2
2020-05-29 17,32.88,48.5,34.57,32.0,33.89,997,4.1,50,0.0,90,0,2
2020-05-29 18,31.48,54.43,32.38,28.3,33.89,999,4.1,50,0.0,90,0,2
2020-05-29 19,28.9,71.85,31.94,25.8,28.0,1004,2.6,50,0.0,75,2,2
2020-05-29 20,27.02,83.75,29.16,23.28,26.0,1003,2.6,50,0.0,75,2,2
2020-05-29 21,26.85,78.2,29.54,24.05,26.0,1004,2.6,50,0.0,75,2,2
2020-05-29 22,27.2,69.12,30.65,23.71,26.0,1005,1.0,270,0.0,75,2,1
2020-05-29 23,27.38,65.65,30.6,23.73,26.0,1005,1.0,270,0.0,75,2,1
2020-05-30 00,27.1,66.4,25.27,24.4,25.28,1004,4.6,160,0.0,75,0,1
2020-05-30 01,26.43,65.3,28.91,23.3,25.0,1004,1.0,50,0.0,75,2,1
2020-05-30 02,25.9,67.75,28.54,22.44,25.0,1004,1.0,50,0.0,75,2,1
2020-05-30 03,25.48,70.67,28.59,22.58,25.0,1005,1.0,50,0.0,75,2,1
2020-05-30 04,25.75,69.7,27.38,22.4,25.0,1005,1.0,90,0.0,40,2,1
2020-05-30 05,25.75,69.97,27.12,23.8,24.8,1005,1.0,90,0.0,40,2,1
2020-05-30 06,25.42,70.5,27.11,23.68,24.8,1006,1.0,90,0.0,40,2,1
2020-05-30 07,25.52,70.72,28.17,24.98,27.6,1005,2.1,140,0.0,40,0,1
2020-05-30 08,26.5,68.57,29.54,25.18,27.6,1006,2.1,140,0.0,40,0,1
2020-05-30 09,28.17,62.15,29.91,24.51,28.0,1006,2.1,140,0.0,40,0,1
2020-05-30 10,29.62,55.25,30.78,26.6,31.11,1003,3.1,160,0.0,20,0,1
2020-05-30 11,31.62,47.6,31.98,27.31,32.8,1003,3.1,160,0.0,20,0,1
2020-05-30 12,32.08,48.02,31.23,27.26,31.0,1007,3.1,160,0.0,20,0,1
2020-05-30 13,33.25,43.97,33.37,28.86,34.2,1001,2.1,180,0.0,40,0,1
2020-05-30 14,33.72,42.12,34.44,30.02,34.2,1001,2.1,180,0.0,40,0,1
2020-05-30 15,34.45,38.4,32.77,31.01,33.0,999,4.1,160,0.0,40,0,1
2020-05-30 16,33.92,39.05,35.29,31.03,34.6,999,2.6,90,0.0,40,0,1
2020-05-30 17,33.65,41.03,34.65,28.4,34.6,1003,2.6,90,0.0,40,0,1
2020-05-30 18,32.33,43.97,34.1,28.4,34.6,1004,2.6,90,0.0,40,0,1
2020-05-30 19,31.67,43.88,34.04,29.15,31.67,999,2.6,90,0.0,40,0,1
2020-05-30 20,29.73,60.1,32.45,26.38,31.67,999,2.6,90,0.0,40,0,1
2020-05-30 21,28.62,66.88,31.97,26.03,31.67,1000,2.6,90,0.0,40,0,2
2020-05-30 22,27.93,70.85,30.53,24.43,28.0,1006,2.6,90,0.0,40,2,2
2020-05-30 23,27.67,71.22,29.86,24.56,27.6,1006,2.6,90,0.0,40,2,2
2020-05-31 00,27.4,71.8,28.28,24.97,27.6,1006,2.6,90,0.0,40,2,1
2020-05-31 01,27.2,73.7,29.82,24.15,26.0,1006,1.5,200,0.0,75,2,2
2020-05-31 02,26.85,77.53,30.16,24.11,26.0,1006,1.5,200,0.0,75,2,2
2020-05-31 03,25.0,88.85,24.88,23.11,24.0,1007,5.7,300,0.0,75,5,2
2020-05-31 04,21.12,99.1,26.22,21.4,23.42,1008,1.0,50,0.0,75,2,2
2020-05-31 05,20.12,99.3,26.55,21.4,24.37,1008,1.0,50,0.0,75,2,1
2020-05-31 06,20.93,99.3,26.33,23.0,24.1,1008,2.6,80,0.0,75,2,1
2020-05-31 07,23.05,96.62,27.31,23.8,25.4,1008,2.1,90,0.0,20,2,1
2020-05-31 08,25.55,81.25,28.74,23.8,26.4,1008,2.1,90,0.0,20,2,1
2020-05-31 09,27.6,73.67,29.91,23.8,28.0,1008,2.1,90,0.0,20,2,1
2020-05-31 10,29.08,69.42,32.25,27.14,31.0,1008,2.1,90,0.0,20,0,1
2020-05-31 11,30.52,63.2,33.17,27.2,31.0,1008,2.1,90,0.0,20,0,2
2020-05-31 12,31.15,57.28,33.8,27.2,31.67,1003,2.1,90,0.0,20,0,1
2020-05-31 13,31.73,52.77,31.03,29.91,31.0,1007,5.1,100,0.0,75,0,1
2020-05-31 14,32.58,48.62,34.7,30.0,33.6,1002,2.6,50,0.0,75,0,1
2020-05-31 15,32.65,47.12,34.08,29.61,33.6,1001,2.6,50,0.0,75,0,1
2020-05-31 16,30.75,52.72,32.04,23.0,31.11,1002,2.1,160,0.5,90,4,1
2020-05-31 17,28.25,67.8,29.52,22.6,30.17,1006,2.1,160,0.5,90,4,1
2020-05-31 18,23.18,90.0,30.26,24.2,28.4,1006,2.1,160,0.5,90,4,1
2020-05-31 19,24.4,81.6,26.06,24.0,26.87,1007,4.1,230,0.0,75,2,1
2020-05-31 20,24.65,79.45,24.45,22.6,25.2,1007,4.1,230,0.0,75,2,1
2020-05-31 21,25.12,70.32,24.44,23.0,24.6,1007,4.1,230,0.0,75,2,1
2020-05-31 22,24.77,73.35,26.36,23.19,24.18,1008,1.83,83,0.0,75,2,1
2020-05-31 23,24.15,82.62,25.74,22.2,24.0,1008,1.73,104,0.0,75,2,1
2020-06-01 00,23.58,82.25,25.93,22.99,24.0,1008,1.27,131,0.0,75,2,2
2020-06-01 01,23.17,84.8,25.52,22.69,23.42,1008,1.0,340,0.0,40,2,1
2020-06-01 02,22.77,87.43,25.23,22.2,23.37,1008,1.0,340,0.0,40,2,2
2020-06-01 03,22.38,89.3,25.29,21.7,23.2,1007,1.0,340,0.0,40,2,2
2020-06-01 04,22.08,91.17,25.28,21.54,22.66,1007,1.0,340,0.0,80,2,2
2020-06-01 05,21.65,92.45,25.47,21.4,23.34,1008,1.0,340,0.0,79,2,2
2020-06-01 06,21.95,93.97,25.72,22.0,23.44,1008,1.0,340,0.0,66,2,1
2020-06-01 07,23.77,84.9,27.68,24.0,25.4,1009,1.0,70,0.0,20,2,2
2020-06-01 08,25.73,76.85,29.19,24.54,28.0,1009,1.0,70,0.0,20,2,3
2020-06-01 09,28.2,67.78,31.6,25.0,30.0,1005,1.0,70,0.0,20,2,2
2020-06-01 10,29.65,63.2,32.58,27.89,31.8,1005,1.5,90,0.0,9,0,2
2020-06-01 11,30.9,57.55,34.59,29.8,32.0,1009,1.5,90,0.0,4,0,3
2020-06-01 12,32.45,48.97,35.52,29.8,33.0,1009,1.5,90,0.0,0,0,2
2020-06-01 13,33.8,42.9,37.01,32.2,35.0,1007,1.5,70,0.0,0,0,2
2020-06-01 14,34.35,40.85,37.42,32.2,35.2,1007,1.5,70,0.0,1,0,2
2020-06-01 15,34.55,40.7,37.42,32.2,35.0,1007,1.5,70,0.0,8,0,2
2020-06-01 16,34.62,41.22,37.15,31.2,35.0,1005,1.5,70,0.0,20,0,2
2020-06-01 17,33.88,43.1,36.19,31.2,34.2,1004,1.5,70,0.0,20,0,2
2020-06-01 18,32.9,45.3,35.86,31.2,34.2,1005,1.5,70,0.0,20,0,2
2020-06-01 19,31.55,50.08,35.91,30.4,32.0,1006,1.8,310,0.0,20,0,2
2020-06-01 20,30.02,59.2,34.32,28.3,31.0,1006,1.65,329,0.0,20,0,3
2020-06-01 21,28.3,70.88,33.7,28.21,30.4,1006,1.63,336,0.0,20,0,3
2020-06-01 22,27.62,79.38,33.83,26.38,31.11,1002,1.73,329,0.0,40,0,3
2020-06-01 23,28.12,75.72,33.39,25.76,31.11,1001,1.56,309,0.0,40,0,4
2020-06-02 00,28.43,72.3,33.29,26.16,31.11,1001,1.5,301,0.0,40,0,4
2020-06-02 01,27.17,80.33,33.3,25.1,31.11,1001,1.69,304,0.0,40,2,4
2020-06-02 02,27.15,79.18,31.18,24.85,28.0,1006,1.69,316,0.0,40,2,4
2020-06-02 03,27.4,76.12,34.07,24.86,31.11,1001,0.41,63,0.0,40,2,4
2020-06-02 04,26.05,84.65,30.25,24.63,27.0,1006,2.1,90,0.0,20,2,3
2020-06-02 05,26.48,82.47,30.42,25.61,27.0,1006,2.1,90,0.0,20,2,3
2020-06-02 06,27.38,75.88,29.92,25.75,26.8,1007,2.1,90,0.0,20,2,3
2020-06-02 07,26.0,77.17,28.95,25.2,30.56,1003,3.1,320,0.0,40,0,3
2020-06-02 08,24.62,76.65,29.82,25.2,30.56,1004,3.1,320,0.0,40,0,2
2020-06-02 09,27.05,62.25,30.55,25.2,31.11,1003,3.1,320,0.0,40,0,1
2020-06-02 10,30.9,45.42,31.53,30.0,31.11,1003,2.6,90,0.0,20,0,1
2020-06-02 11,33.52,40.4,34.91,32.5,34.4,1007,3.1,180,0.0,20,0,1
2020-06-02 12,34.45,40.85,34.64,31.0,34.0,1007,3.1,180,0.0,20,0,1
2020-06-02 13,35.6,37.27,33.13,30.84,36.0,1005,4.1,200,0.0,40,0,2
2020-06-02 14,36.38,33.4,33.86,30.33,36.2,1004,4.1,200,0.0,40,0,1
2020-06-02 15,36.62,33.3,35.1,33.0,36.0,1004,4.1,200,0.0,40,0,1
2020-06-02 16,36.42,33.25,35.2,31.67,36.4,998,2.6,230,0.0,40,0,1
2020-06-02 17,35.27,41.62,35.18,32.22,36.4,998,2.6,230,0.0,40,0,1
2020-06-02 18,34.15,46.35,34.06,33.06,35.0,1003,2.1,260,0.0,40,0,1
2020-06-02 19,,,37.5,31.4,35.0,1003,3.1,320,0.0,40,0,6
2020-06-02 20,,,33.86,28.48,32.0,1004,3.1,320,0.0,40,0,6
2020-06-02 21,,,33.0,27.78,31.4,1005,3.1,320,0.0,40,0,6
2020-06-02 22,,,33.83,26.31,32.22,1000,1.0,230,0.0,20,0,6
2020-06-02 23,,,33.36,25.93,32.22,1000,1.0,230,0.0,20,0,6
2020-06-03 00,,,32.13,26.31,29.2,1005,1.0,230,0.0,20,0,6
2020-06-03 01,,,31.82,25.64,29.0,1004,1.47,17,0.0,20,0,6
2020-06-03 02,,,31.29,25.33,29.0,1004,1.27,20,0.0,20,0,6
2020-06-03 03,,,30.7,24.48,28.0,1003,1.47,35,0.0,20,0,6
2020-06-03 04,,,31.25,24.23,28.0,1003,1.0,50,0.0,20,2,6
2020-06-03 05,,,31.03,25.8,27.0,1004,1.0,50,0.0,20,2,6
2020-06-03 06,,,31.33,25.8,27.11,1004,1.0,50,0.0,20,2,6
2020-06-03 07,,,32.78,28.03,30.0,1005,2.1,90,0.0,1,0,6
2020-06-03 08,,,33.48,27.73,31.67,1000,2.1,90,0.0,0,0,6
2020-06-03 09,,,33.04,28.14,30.6,1005,2.1,90,0.0,0,0,6
2020-06-03 10,34.0,44.3,34.89,30.99,33.0,1005,1.0,0,0.0,1,0,3
2020-06-03 11,35.08,39.25,36.48,32.8,35.8,1004,2.6,320,0.0,0,0,3
2020-06-03 12,36.15,36.98,36.33,32.8,35.0,1004,2.6,320,0.0,5,0,2
2020-06-03 13,36.4,35.32,35.91,34.41,35.0,1003,3.1,280,0.0,75,0,6
2020-06-03 14,36.65,32.88,37.38,34.1,36.2,1002,2.6,320,0.0,40,0,2
2020-06-03 15,36.9,32.45,37.28,33.81,36.0,1002,2.6,320,0.0,40,0,2
2020-06-03 16,36.15,34.22,38.23,33.07,36.0,1001,2.1,340,0.0,40,0,2
2020-06-03 17,35.3,33.05,37.54,32.08,36.0,1001,2.1,340,0.0,40,0,2
2020-06-03 18,34.33,37.42,36.56,32.48,34.4,1001,2.1,340,0.0,40,0,2
2020-06-03 19,33.4,40.88,36.31,29.72,32.0,1002,1.89,322,0.0,40,0,2
2020-06-03 20,31.52,47.88,34.24,27.53,31.0,1003,1.91,356,0.0,40,0,2
2020-06-03 21,29.73,57.92,33.82,27.66,30.0,1004,1.9,359,0.0,40,0,2
2020-06-03 22,28.55,61.15,33.92,26.51,30.0,1004,2.02,12,0.0,40,2,2
2020-06-03 23,27.73,66.57,33.24,25.95,30.0,1004,1.76,39,0.0,40,2,2
2020-06-04 00,27.8,65.35,34.05,26.37,30.0,1004,1.81,55,0.0,40,2,2
2020-06-04 01,27.7,68.9,33.3,25.37,29.0,1003,1.53,61,0.0,40,2,2
2020-06-04 02,27.55,70.03,31.87,24.96,28.0,1003,1.49,55,0.0,40,2,3
2020-06-04 03,28.52,64.55,31.24,25.02,27.0,1003,2.0,57,0.0,40,2,4
2020-06-04 04,27.55,69.65,30.08,25.02,27.0,1003,1.74,51,0.0,40,2,5
2020-06-04 05,27.35,71.25,30.16,26.0,27.26,1003,1.54,50,0.0,40,2,5
2020-06-04 06,27.97,69.2,29.62,26.0,27.53,1003,2.23,42,0.0,40,2,5
2020-06-04 07,29.12,65.1,31.89,27.0,30.6,1003,2.6,320,0.0,40,0,5
2020-06-04 08,30.8,55.65,34.94,28.5,32.22,999,2.6,320,0.0,40,0,5
2020-06-04 09,31.17,54.5,34.62,28.98,31.0,1003,2.6,320,0.0,40,0,5
2020-06-04 10,32.48,48.72,33.6,31.91,33.0,1004,3.6,90,0.0,75,0,4
2020-06-04 11,34.03,45.3,37.21,32.2,35.6,1003,2.6,320,0.0,40,0,3
2020-06-04 12,34.6,42.42,37.07,33.47,34.6,1003,2.6,320,0.0,40,0,3
2020-06-04 13,34.52,41.55,37.41,32.93,34.6,1002,2.1,70,0.0,75,0,2
2020-06-04 14,34.1,43.38,36.61,31.69,34.6,1002,2.1,70,0.0,75,0,2
2020-06-04 15,33.2,46.75,33.53,30.17,32.0,1001,2.1,210,0.0,90,0,2
2020-06-04 16,32.67,46.7,33.32,30.8,32.22,996,2.6,130,0.0,75,0,2
2020-06-04 17,31.8,48.5,32.77,30.0,32.22,996,5.1,180,0.0,75,0,2
2020-06-04 18,30.07,51.55,29.23,26.0,31.2,1001,5.1,180,0.0,75,0,2
2020-06-04 19,28.9,53.1,31.03,26.0,29.28,1002,1.0,270,0.0,75,0,2
2020-06-04 20,28.33,57.15,29.72,25.6,27.4,1003,1.0,270,0.0,75,0,2
2020-06-04 21,27.7,61.7,29.75,26.0,27.4,1003,1.0,270,0.0,75,0,2
2020-06-04 22,28.35,59.4,27.91,25.9,26.44,1004,2.6,80,0.0,75,0,2
2020-06-04 23,28.48,58.95,29.9,25.95,27.8,1004,1.0,50,0.0,75,0,2
2020-06-05 00,27.7,65.55,29.68,25.51,27.8,1004,1.0,50,0.0,75,0,2
2020-06-05 01,27.25,68.8,29.63,24.53,26.8,1003,1.0,50,0.0,75,2,3
2020-06-05 02,26.7,71.9,29.39,24.4,26.8,1003,1.0,50,0.0,75,2,3
2020-06-05 03,26.65,76.05,29.41,24.08,26.8,1003,1.0,50,0.0,75,2,3
2020-06-05 04,26.17,78.97,28.92,24.26,26.2,1003,1.0,140,0.0,75,0,3
2020-06-05 05,26.27,78.6,29.08,25.02,26.2,1003,1.0,140,0.0,75,0,2
2020-06-05 06,26.42,78.03,29.2,24.9,26.2,1004,1.0,140,0.0,75,0,2
2020-06-05 07,26.42,77.62,30.41,24.4,29.0,1004,1.0,110,0.0,40,0,2
2020-06-05 08,26.83,74.78,31.22,24.4,29.0,1004,1.0,110,0.0,40,0,2
2020-06-05 09,28.93,64.5,32.22,24.4,30.0,1004,1.0,110,0.0,40,0,2
2020-06-05 10,30.47,56.85,33.17,28.2,32.6,1000,1.5,160,0.0,40,0,2
2020-06-05 11,31.62,49.83,34.36,28.2,33.4,999,1.5,160,0.0,40,0,2
2020-06-05 12,32.83,47.2,35.51,30.14,33.0,999,1.5,160,0.0,40,0,2
2020-06-05 13,34.08,42.17,34.69,31.6,35.2,998,3.1,90,0.0,40,0,2
2020-06-05 14,34.38,40.05,34.98,31.6,35.2,997,3.1,90,0.0,40,0,2
2020-06-05 15,33.9,40.1,34.5,30.78,35.2,997,3.1,90,0.0,40,0,2
2020-06-05 16,33.3,40.28,28.45,29.0,30.48,1001,6.2,160,0.0,90,0,2
2020-06-05 17,31.75,45.95,31.82,29.0,32.78,996,3.6,110,0.0,40,0,2
2020-06-05 18,30.08,51.8,31.71,29.4,32.78,996,2.1,90,0.0,75,0,2
2020-06-05 19,30.3,50.17,35.07,28.2,30.0,1002,1.0,250,0.0,75,2,1
2020-06-05 20,29.95,51.5,33.23,27.25,29.0,1002,1.0,250,0.0,75,2,2
2020-06-05 21,29.55,55.58,33.15,26.39,29.0,1002,1.0,250,0.0,75,2,2
2020-06-05 22,29.35,60.25,30.31,25.78,28.4,1003,3.1,160,0.0,75,0,2
2020-06-05 23,28.55,66.73,30.27,25.63,28.4,1003,3.1,160,0.0,75,0,2
2020-06-06 00,27.98,67.77,30.28,25.65,28.4,1003,3.1,160,0.0,75,0,2
2020-06-06 01,27.32,69.47,29.93,24.93,27.0,1003,2.1,180,0.0,40,2,2
2020-06-06 02,26.85,68.75,29.32,24.92,26.8,1003,2.1,180,0.0,40,2,2
2020-06-06 03,26.38,70.4,28.93,24.44,26.8,1003,2.1,180,0.0,40,2,1
2020-06-06 04,26.02,72.38,28.46,24.21,25.2,1002,1.5,230,0.0,75,2,1
2020-06-06 05,25.65,75.0,28.93,25.0,25.86,1003,1.5,230,0.0,75,2,1
2020-06-06 06,25.73,75.92,28.86,25.0,25.62,1003,1.5,230,0.0,75,2,1
2020-06-06 07,26.5,74.57,30.28,25.8,29.4,1003,2.6,230,0.0,20,0,1
2020-06-06 08,28.25,68.88,31.32,25.8,29.4,1003,2.6,230,0.0,20,0,1
2020-06-06 09,29.45,64.33,31.78,25.8,29.4,1004,2.6,230,0.0,20,0,2
2020-06-06 10,31.18,57.58,33.93,30.24,32.22,999,2.6,120,0.0,40,0,2
2020-06-06 11,32.7,51.95,35.77,30.6,33.2,998,1.5,320,0.0,20,0,2
2020-06-06 12,33.6,47.5,36.32,30.6,33.2,998,1.5,320,0.0,20,0,2
2020-06-06 13,34.48,43.48,35.26,32.78,35.05,997,2.6,120,0.0,75,0,2
2020-06-06 14,34.83,41.3,37.27,32.8,36.6,1001,3.1,320,0.0,20,0,1
2020-06-06 15,35.2,39.0,35.74,32.8,34.29,1001,2.1,140,0.0,75,0,1
2020-06-06 16,34.95,38.9,37.29,32.4,35.6,1000,2.1,320,0.0,20,0,2
2020-06-06 17,35.02,39.6,37.96,32.4,35.6,999,2.1,320,0.0,20,0,2
2020-06-06 18,34.85,39.23,35.52,32.4,34.0,1000,1.5,110,0.0,40,0,2
2020-06-06 19,33.38,43.2,38.3,31.16,33.33,996,1.0,320,0.0,20,0,2
2020-06-06 20,31.78,50.62,37.37,28.97,33.89,996,1.0,320,0.0,20,0,2
2020-06-06 21,31.52,54.95,36.31,29.1,33.33,997,1.0,320,0.0,20,0,2
2020-06-06 22,31.2,55.5,33.92,27.72,30.0,1002,1.86,120,0.0,15,0,2
2020-06-06 23,30.83,58.17,33.68,27.92,30.0,1002,1.88,127,0.0,14,0,2
2020-06-07 00,30.32,59.5,34.08,28.3,30.0,1002,1.88,128,0.0,18,0,2
2020-06-07 01,30.3,57.67,33.18,27.37,29.0,1002,2.02,131,0.0,20,0,2
2020-06-07 02,29.95,58.8,32.68,26.54,29.0,1002,2.26,153,0.0,20,0,2
2020-06-07 03,29.73,59.53,31.71,25.82,28.0,1002,2.12,203,0.0,20,0,2
2020-06-07 04,29.48,60.6,30.23,25.69,28.0,1002,3.6,200,1.5,90,5,2
2020-06-07 05,29.1,62.08,29.74,26.2,28.0,1003,3.6,200,1.5,90,5,2
2020-06-07 06,29.07,63.6,28.09,24.0,28.0,1003,3.6,200,1.5,90,5,2
2020-06-07 07,27.43,61.35,31.42,26.0,31.67,999,2.1,320,0.0,20,0,2
2020-06-07 08,28.32,56.95,31.04,26.4,30.8,1004,2.1,320,0.0,20,0,1
2020-06-07 09,30.9,47.42,31.89,27.6,30.8,1004,2.1,320,0.0,20,0,1
2020-06-07 10,33.08,42.35,32.76,26.4,29.7,1005,3.1,50,6.0,75,4,1
2020-06-07 10,33.08,42.35,32.76,26.4,29.7,1005,3.1,50,6.0,75,2,1
2020-06-07 11,28.92,64.3,32.76,26.4,31.07,1004,3.1,50,6.0,75,4,2
2020-06-07 11,28.92,64.3,32.76,26.4,31.07,1004,3.1,50,6.0,75,2,2
2020-06-07 12,27.65,68.25,31.63,28.6,31.12,1004,4.6,50,0.0,75,0,2
2020-06-07 13,30.9,57.35,32.5,28.0,33.8,1002,2.6,70,0.0,20,0,2
2020-06-07 14,33.4,50.27,36.46,32.51,34.0,1001,2.6,70,0.0,20,0,2
2020-06-07 15,33.4,49.47,36.91,32.76,34.0,1001,2.6,70,0.0,20,0,2
2020-06-07 16,33.58,47.8,37.62,32.67,34.2,1000,2.6,230,0.0,20,0,2
2020-06-07 17,33.95,47.8,37.42,32.29,34.2,999,2.6,230,0.0,20,0,2
2020-06-07 18,33.98,43.0,36.84,32.52,34.2,999,2.6,230,0.0,20,0,2
2020-06-07 19,32.67,46.67,36.42,30.41,32.0,1000,1.92,297,0.0,20,0,1
2020-06-07 20,31.6,50.05,34.26,28.01,30.6,1000,1.63,287,0.0,20,0,1
2020-06-07 21,30.35,49.05,31.36,28.05,29.0,1001,1.34,298,0.0,20,0,2
2020-06-07 22,29.45,51.95,32.41,26.83,29.0,1002,1.5,200,0.0,20,2,2
2020-06-07 23,28.82,57.2,31.65,26.58,28.2,1001,1.5,200,0.0,20,2,3
2020-06-08 00,27.95,63.08,31.61,26.68,28.0,1002,1.5,200,0.0,20,2,4
2020-06-08 01,27.58,63.83,31.91,25.85,28.0,1001,1.0,230,0.0,20,2,5
2020-06-08 02,27.27,65.22,31.49,26.05,28.0,1001,1.0,230,0.0,20,2,5
2020-06-08 03,27.38,66.42,30.96,25.33,27.0,1001,1.0,230,0.0,20,2,3
2020-06-08 04,27.58,67.72,31.36,25.11,27.0,1002,1.0,270,0.0,20,2,4
2020-06-08 05,27.12,74.3,31.28,25.6,27.25,1002,1.0,270,0.0,20,2,4
2020-06-08 06,27.05,75.58,32.36,25.6,28.0,1003,1.0,270,0.0,20,2,4
2020-06-08 07,28.27,70.88,33.52,28.0,30.6,1003,1.0,70,0.0,2,0,3
2020-06-08 08,30.2,61.28,35.68,29.0,31.67,999,1.0,70,0.0,2,0,3
2020-06-08 09,31.9,53.85,36.23,29.0,32.0,1003,1.0,70,0.0,2,0,2
2020-06-08 10,33.68,44.52,35.14,31.97,33.0,1003,2.1,240,0.0,1,7,2
2020-06-08 11,35.0,42.08,38.04,33.62,35.0,1002,1.5,50,0.0,11,0,2
2020-06-08 12,35.8,40.35,38.44,33.69,35.0,1003,1.5,50,0.0,9,0,3
2020-06-08 13,36.5,37.22,37.0,34.4,37.4,1001,5.1,250,0.0,40,0,2
2020-06-08 14,37.27,34.72,37.24,34.4,37.4,1001,5.1,250,0.0,40,0,2
2020-06-08 15,37.77,32.2,37.65,34.4,37.4,1000,5.1,250,0.0,40,0,1
2020-06-08 16,37.62,32.47,40.46,35.33,37.0,999,2.1,340,0.0,6,0,1
2020-06-08 17,37.3,32.62,40.52,35.22,37.2,999,2.1,340,0.0,7,0,1
2020-06-08 18,36.55,35.2,38.74,33.8,36.8,999,2.1,340,0.0,10,0,1
2020-06-08 19,34.8,42.12,40.64,32.6,35.0,1000,1.0,50,0.0,3,0,2
2020-06-08 20,33.23,47.8,38.65,31.06,34.0,1000,1.0,50,0.0,2,0,2
2020-06-08 21,32.2,52.3,39.2,31.68,34.0,1001,1.0,50,0.0,1,0,3
2020-06-08 22,32.1,50.77,39.32,28.68,33.89,997,0.27,114,0.0,20,2,4
2020-06-08 23,31.45,54.1,36.5,28.53,32.0,1001,0.82,168,0.0,20,2,3
2020-06-09 00,30.1,60.75,36.97,28.81,32.0,1002,1.14,177,0.0,20,2,3
2020-06-09 01,29.0,65.4,35.87,27.82,31.0,1001,1.41,184,0.0,20,2,3
2020-06-09 02,28.58,67.85,34.15,27.42,30.0,1001,1.65,194,0.0,20,2,3
2020-06-09 03,28.2,70.62,34.29,26.64,30.0,1001,1.79,183,0.0,20,2,3
2020-06-09 04,27.95,72.98,34.13,26.8,30.0,1001,2.11,185,0.0,20,2,3
2020-06-09 05,27.85,72.78,33.69,27.6,29.0,1002,1.86,186,0.0,20,2,3
2020-06-09 06,27.73,72.57,35.56,27.6,30.0,1002,1.46,176,0.0,20,2,3
2020-06-09 07,31.15,64.1,37.72,31.0,33.33,998,1.0,50,0.0,40,0,3
2020-06-09 08,34.45,47.85,39.06,31.6,34.0,999,1.0,50,0.0,40,0,3
2020-06-09 09,35.55,42.55,40.96,31.6,36.0,1002,1.0,50,0.0,40,0,2
2020-06-09 10,37.17,36.75,38.06,34.97,36.0,1003,2.1,250,0.0,1,0,2
2020-06-09 11,38.28,34.85,40.69,35.2,38.8,1002,3.1,110,0.0,40,0,2
2020-06-09 12,38.83,34.3,41.27,35.2,39.0,1002,3.1,110,0.0,40,0,2
2020-06-09 13,39.4,33.5,41.4,38.47,39.6,1001,3.6,250,0.0,40,0,2
2020-06-09 14,40.12,32.75,41.7,37.2,41.2,1000,3.6,250,0.0,40,0,2
2020-06-09 15,40.25,29.73,42.11,38.42,40.0,1000,3.6,250,0.0,40,0,2
2020-06-09 16,40.2,29.52,41.55,37.96,39.6,999,3.1,270,0.0,21,0,2
2020-06-09 17,39.8,31.05,41.05,36.2,39.6,998,3.1,270,0.0,12,0,2
2020-06-09 18,38.43,36.12,40.24,36.2,39.6,998,3.1,270,0.0,10,0,2
2020-06-09 19,37.08,39.12,42.19,34.14,38.0,999,1.0,50,0.0,4,0,3
2020-06-09 20,35.97,38.42,39.67,32.29,36.0,999,1.0,50,0.0,4,0,3
2020-06-09 21,34.92,40.67,39.9,32.31,36.0,1000,1.0,50,0.0,0,0,3
2020-06-09 22,32.7,49.17,39.57,30.52,35.0,1001,1.79,317,0.0,0,0,3
2020-06-09 23,31.8,55.53,38.11,30.17,34.0,1001,2.12,307,0.0,0,0,3
2020-06-10 00,31.48,56.02,38.71,30.46,34.0,1001,2.06,290,0.0,0,0,3
2020-06-10 01,30.93,58.33,38.9,29.11,35.0,996,1.73,278,0.0,0,0,4
2020-06-10 02,31.33,56.83,37.73,28.87,34.44,996,1.66,272,0.0,0,0,4
2020-06-10 03,31.0,58.55,38.4,28.11,34.44,996,1.16,204,0.0,1,0,4
2020-06-10 04,30.9,59.48,38.03,27.98,34.44,996,0.61,266,0.0,20,0,4
2020-06-10 05,29.98,64.53,36.16,29.6,31.21,1001,0.71,72,0.0,20,0,3
2020-06-10 06,29.73,67.02,37.61,29.6,32.0,1002,0.62,52,0.0,20,0,3
2020-06-10 07,32.45,60.1,37.3,32.48,34.4,998,2.6,230,0.0,2,0,3
2020-06-10 08,35.88,46.12,37.88,32.6,35.0,998,2.6,230,0.0,1,0,3
2020-06-10 09,37.12,38.77,38.85,32.82,36.0,998,2.6,230,0.0,0,0,3
2020-06-10 10,38.3,36.17,41.47,35.61,39.2,1002,2.1,140,0.0,0,0,3
2020-06-10 11,39.15,34.2,43.55,37.0,40.4,1001,2.1,140,0.0,4,0,2
2020-06-10 12,40.38,31.18,44.26,37.0,41.0,1001,2.1,140,0.0,21,0,2
2020-06-10 13,41.25,29.52,45.74,37.74,41.0,1000,1.5,70,0.0,40,0,2
2020-06-10 14,41.45,28.57,46.4,37.84,42.6,999,1.5,70,0.0,40,0,2
2020-06-10 15,42.25,25.95,46.06,35.98,42.0,999,1.5,70,0.0,40,0,2
2020-06-10 16,41.73,27.9,40.82,36.26,41.0,998,5.1,320,0.5,90,4,2
2020-06-10 17,40.2,32.05,38.2,36.2,38.0,998,5.1,320,0.5,90,4,2
2020-06-10 18,33.5,54.5,34.14,30.0,38.0,999,5.1,320,0.5,90,4,2
2020-06-10 19,,,37.23,30.0,33.65,999,1.0,320,0.0,40,2,6
2020-06-10 20,,,36.7,30.0,31.64,999,1.0,320,0.0,40,2,6
2020-06-10 21,,,37.2,29.8,32.15,999,1.0,320,0.0,40,2,6
2020-06-10 22,,,35.83,28.57,31.18,1001,2.6,160,0.0,40,2,6
2020-06-10 23,,,34.95,28.75,30.73,1001,2.6,160,0.0,40,2,6
2020-06-11 00,,,35.11,28.89,31.06,1000,2.6,160,0.0,40,2,6
2020-06-11 01,,,35.63,28.14,30.0,1000,1.0,50,0.0,40,2,6
2020-06-11 02,,,34.79,27.99,30.0,999,1.0,50,0.0,40,2,6
2020-06-11 03,,,34.74,28.33,29.4,1000,1.0,50,0.0,40,2,6
2020-06-11 04,,,34.32,27.2,29.14,1001,1.36,92,0.0,40,2,6
2020-06-11 05,,,34.36,27.6,31.02,1000,1.6,65,0.0,40,2,6
2020-06-11 06,,,35.29,28.8,30.91,1001,2.39,63,0.0,40,2,6
2020-06-11 07,,,36.75,30.88,32.34,1002,2.6,50,0.0,20,0,6
2020-06-11 08,,,36.97,31.04,33.0,1001,2.6,50,0.0,20,0,6
2020-06-11 09,,,38.86,31.2,35.0,1002,2.6,50,0.0,20,0,6
2020-06-11 10,,,37.56,34.15,36.0,1002,2.6,290,0.0,20,0,6
2020-06-11 11,38.03,37.48,41.87,36.0,37.8,1001,1.5,20,0.0,23,0,3
2020-06-11 12,38.58,34.38,42.62,35.96,38.0,1001,1.5,20,0.0,17,0,2
2020-06-11 13,39.1,32.48,43.96,37.22,39.6,999,1.5,180,0.0,20,0,2
2020-06-11 14,39.85,30.28,44.77,37.37,40.4,998,1.5,180,0.0,20,0,1
2020-06-11 15,40.3,29.57,44.65,37.35,40.0,998,1.5,180,0.0,20,0,1
2020-06-11 16,40.42,28.48,44.82,37.6,40.2,997,1.5,340,0.0,20,0,1
2020-06-11 17,40.28,28.8,44.34,37.15,40.2,996,1.5,340,0.0,20,0,2
2020-06-11 18,39.0,33.12,39.82,37.04,39.6,996,3.1,280,0.0,40,0,2
2020-06-11 19,37.33,40.55,43.76,35.06,37.0,997,0.84,23,0.0,20,0,2
2020-06-11 20,36.05,45.28,42.15,32.28,37.0,997,0.79,128,0.0,20,0,3
2020-06-11 21,35.5,44.12,40.47,32.74,35.8,998,1.87,135,0.0,20,0,3
2020-06-11 22,34.65,46.6,40.41,31.51,35.0,999,1.5,90,0.0,20,0,4
2020-06-11 23,34.72,52.4,39.85,31.4,35.0,999,1.5,90,0.0,20,0,4
2020-06-12 00,34.35,55.77,39.79,31.77,34.0,999,1.5,90,0.0,20,0,3
2020-06-12 01,33.48,59.83,39.42,30.72,33.0,999,1.0,70,0.0,20,0,3
2020-06-12 02,32.85,62.0,38.92,30.54,33.0,999,1.0,70,0.0,20,0,3
2020-06-12 03,33.05,59.6,38.09,29.62,32.0,999,1.0,70,0.0,20,0,3
2020-06-12 04,32.6,62.55,36.29,29.39,31.2,999,2.67,114,0.0,20,0,3
2020-06-12 05,32.05,66.0,36.03,30.0,31.38,999,3.06,99,0.0,20,0,3
2020-06-12 06,31.88,67.25,36.11,30.7,31.3,1000,3.75,96,0.0,20,0,3
2020-06-12 07,32.38,64.45,37.18,31.98,33.6,1000,2.6,110,0.0,20,0,3
2020-06-12 08,33.73,55.1,38.95,32.0,35.0,996,2.6,110,0.0,20,0,2
2020-06-12 09,34.7,51.35,39.3,32.0,35.0,1000,2.6,110,0.0,20,0,2
2020-06-12 10,36.12,46.58,41.18,34.54,38.4,1000,3.1,180,0.0,16,0,2
2020-06-12 11,37.15,43.35,43.09,37.02,38.4,1000,3.1,180,0.0,9,0,2
2020-06-12 12,38.08,42.17,43.41,36.2,39.0,999,3.1,180,0.0,16,0,2
2020-06-12 13,39.5,38.27,45.09,38.41,39.6,998,1.0,50,0.0,40,0,2
2020-06-12 14,39.52,34.72,45.4,38.38,40.0,997,1.0,50,0.0,40,0,2
2020-06-12 15,40.02,33.58,45.86,38.57,40.0,997,1.0,50,0.0,40,0,2
2020-06-12 16,40.45,32.0,44.67,38.69,40.2,995,2.1,70,0.0,20,0,2
2020-06-12 17,40.1,29.07,44.66,38.74,40.8,994,2.1,70,0.0,20,0,2
2020-06-12 18,38.85,32.58,43.5,37.2,40.2,995,2.1,70,0.0,20,0,2
2020-06-12 19,37.48,38.17,44.25,35.4,38.0,996,1.84,52,0.0,40,0,2
2020-06-12 20,36.12,41.67,42.18,33.56,37.0,996,1.71,74,0.0,40,0,3
2020-06-12 21,33.55,52.25,42.56,33.7,37.0,997,1.93,101,0.0,40,0,3
2020-06-12 22,34.48,48.2,41.57,32.56,36.67,993,1.5,110,0.0,20,0,3
2020-06-12 23,35.25,47.85,40.18,32.36,35.0,998,1.5,110,0.0,20,0,3
2020-06-13 00,34.83,48.48,40.08,32.83,34.0,998,1.5,110,0.0,20,0,2
2020-06-13 01,34.47,50.15,39.37,31.99,33.0,998,1.0,90,0.0,20,0,2
2020-06-13 02,34.03,51.95,39.01,31.87,33.0,997,1.0,90,0.0,20,0,2
2020-06-13 03,33.27,54.62,38.05,30.79,32.4,998,1.0,90,0.0,20,0,2
2020-06-13 04,32.23,58.9,37.1,30.81,32.0,999,2.1,160,0.0,6,0,2
2020-06-13 05,32.65,55.35,36.55,31.0,32.1,998,2.1,160,0.0,2,0,2
2020-06-13 06,32.45,57.12,36.52,31.0,32.12,999,2.1,160,0.0,9,0,2
2020-06-13 07,32.98,56.6,39.02,31.8,35.0,996,2.6,90,0.0,20,0,2
2020-06-13 08,33.9,56.02,39.99,31.8,35.0,996,2.6,90,0.0,20,0,2
2020-06-13 09,35.08,53.75,40.79,31.8,36.0,1000,2.6,90,0.0,20,0,3
2020-06-13 10,35.92,52.0,42.57,33.8,38.6,1000,2.1,110,0.0,20,0,3
2020-06-13 11,36.75,50.5,43.78,33.8,39.8,999,2.1,110,0.0,20,0,3
2020-06-13 12,37.4,49.25,42.38,33.8,38.6,999,2.1,110,0.0,20,0,3
2020-06-13 13,37.48,49.05,41.45,34.8,36.31,998,2.6,230,0.0,75,0,3
2020-06-13 14,36.42,53.5,39.2,32.2,36.44,998,2.6,230,0.0,75,0,3
2020-06-13 15,34.23,57.78,35.87,29.99,35.6,998,2.6,230,0.0,75,0,2
2020-06-13 16,30.2,57.3,35.33,29.8,32.66,998,2.1,20,0.0,40,0,2
2020-06-13 17,32.62,44.2,37.0,30.8,33.2,998,2.1,20,0.0,40,0,2
2020-06-13 18,31.3,55.7,35.36,29.8,32.93,998,2.1,20,0.0,40,0,2
2020-06-13 19,30.2,60.73,36.75,30.2,32.36,998,1.5,70,0.0,40,0,2
2020-06-13 20,30.02,61.92,35.77,29.39,31.01,999,1.5,70,0.0,40,0,2
2020-06-13 21,29.95,65.1,35.36,29.38,30.68,999,1.5,70,0.0,40,0,2
2020-06-13 22,30.15,65.3,35.09,29.16,30.2,1001,1.83,98,0.0,40,2,3
2020-06-13 23,30.32,66.17,34.89,29.4,30.33,1001,1.93,92,0.0,40,2,3
2020-06-14 00,30.7,65.4,35.15,29.52,30.31,1001,1.9,89,0.0,40,2,3
2020-06-14 01,30.77,65.22,34.38,28.8,29.71,1000,1.87,89,0.0,40,2,3
2020-06-14 02,29.95,68.58,34.19,28.6,29.51,1000,1.8,92,0.0,40,2,4
2020-06-14 03,29.62,71.38,33.99,28.37,29.3,1001,2.17,112,0.0,40,2,5
2020-06-14 04,28.82,73.97,34.99,28.48,29.32,1001,1.0,340,0.0,20,2,5
2020-06-14 05,28.98,72.9,35.54,29.0,30.6,1001,1.0,340,0.0,20,2,5
2020-06-14 06,29.18,72.67,35.49,29.0,30.48,1001,1.0,340,0.0,20,2,5
2020-06-14 07,30.32,68.95,37.82,31.51,32.8,1002,2.1,70,0.0,20,0,5
2020-06-14 08,32.33,63.97,38.6,31.59,33.2,1002,2.1,70,0.0,20,0,4
2020-06-14 09,34.38,58.75,39.22,31.73,34.0,1002,2.1,70,0.0,20,0,4
2020-06-14 10,35.9,53.58,39.44,33.62,36.0,1003,2.6,130,0.0,20,0,3
2020-06-14 11,36.8,50.0,40.3,34.72,36.0,1002,2.1,140,0.0,40,9,2
2020-06-14 12,37.88,46.27,39.66,34.33,38.4,1001,2.6,160,0.0,40,0,2
2020-06-14 13,38.65,42.8,41.03,36.3,37.2,1000,2.1,80,0.0,75,0,2
2020-06-14 14,39.42,39.55,41.2,36.42,40.0,999,3.1,70,0.0,40,0,2
2020-06-14 15,39.23,37.05,41.35,36.46,40.0,999,3.1,70,0.0,40,0,2
2020-06-14 16,38.8,37.6,42.38,36.65,39.4,998,2.1,50,0.0,40,0,2
2020-06-14 17,39.1,37.5,42.17,36.65,39.4,997,2.1,50,0.0,40,0,2
2020-06-14 18,38.15,38.08,41.74,36.5,39.4,998,2.1,50,0.0,40,0,2
2020-06-14 19,37.27,38.73,42.73,34.9,38.0,999,2.1,50,0.0,40,0,2
2020-06-14 20,35.7,43.62,40.16,32.31,36.4,999,2.1,50,0.0,40,0,2
2020-06-14 21,33.23,53.6,39.22,32.49,35.2,1000,2.1,50,0.0,40,0,3
2020-06-14 22,32.48,58.45,39.65,31.66,36.11,996,2.6,110,0.0,40,0,3
2020-06-14 23,33.92,57.7,39.1,31.76,36.11,996,2.6,110,0.0,40,0,3
2020-06-15 00,33.9,57.2,37.68,32.16,33.8,1000,2.6,110,0.0,40,0,2
2020-06-15 01,33.4,58.7,37.13,30.89,33.0,1000,2.6,140,0.0,40,0,2
2020-06-15 02,32.95,58.27,36.65,30.23,33.4,999,2.6,140,0.0,40,0,2
2020-06-15 03,32.4,59.6,35.73,29.37,32.0,1000,2.6,140,0.0,40,0,1
2020-06-15 04,31.85,63.45,35.91,29.27,32.0,1000,2.1,160,0.0,40,0,2
2020-06-15 05,31.1,66.7,36.41,29.8,32.0,1000,2.1,160,0.0,40,0,2
2020-06-15 06,30.5,69.15,36.57,29.8,32.0,1000,2.1,160,0.0,40,0,2
2020-06-15 07,32.83,59.08,37.79,32.2,34.44,996,2.6,230,0.0,0,0,2
2020-06-15 08,34.78,48.67,37.05,32.2,33.6,1000,2.6,230,0.0,0,0,2
2020-06-15 09,35.95,43.7,38.59,32.2,35.0,996,2.6,230,0.0,1,0,2
2020-06-15 10,37.12,40.42,37.99,35.51,37.0,1001,3.6,280,0.0,1,0,2
2020-06-15 11,38.7,38.47,42.41,36.6,38.84,1000,2.6,230,0.0,40,0,2
2020-06-15 12,39.73,32.95,43.62,37.79,39.07,1000,2.6,230,0.0,40,0,2
2020-06-15 13,40.7,29.5,45.45,39.51,40.72,998,1.5,70,0.0,40,0,2
2020-06-15 14,40.95,27.98,45.73,38.4,41.0,997,1.5,70,0.0,40,0,2
2020-06-15 15,41.35,26.35,45.58,38.4,41.0,997,1.5,70,0.0,40,0,2
2020-06-15 16,41.6,24.9,42.75,38.2,41.2,995,3.1,290,0.0,20,0,2
2020-06-15 17,41.4,24.62,42.68,38.05,41.4,994,3.1,290,0.0,20,0,2
2020-06-15 18,40.55,26.45,41.85,37.61,41.2,995,3.1,290,0.0,20,0,2
2020-06-15 19,39.12,30.77,43.62,34.74,39.0,995,1.5,70,0.0,20,0,2
2020-06-15 20,37.42,38.15,40.94,32.34,37.0,996,1.5,70,0.0,20,0,3
2020-06-15 21,35.9,40.3,40.65,32.5,36.4,996,1.5,70,0.0,20,0,3
2020-06-15 22,35.1,43.45,40.11,31.08,36.0,998,2.1,90,0.0,20,0,3
2020-06-15 23,34.62,49.75,38.26,30.09,35.0,998,2.1,90,0.0,20,0,3
2020-06-16 00,34.35,51.33,38.18,30.19,34.6,998,2.1,90,0.0,20,0,3
2020-06-16 01,33.62,56.25,37.83,29.09,35.56,993,3.1,140,0.0,40,0,3
2020-06-16 02,33.5,54.4,36.48,29.68,33.0,997,3.1,140,0.0,40,0,2
2020-06-16 03,33.02,55.3,35.75,29.2,32.0,997,3.1,140,0.0,40,0,2
2020-06-16 04,32.25,58.6,32.21,29.17,32.0,997,7.7,140,0.0,20,0,2
2020-06-16 05,31.62,61.65,31.92,30.6,31.47,996,7.7,140,0.0,20,0,2
2020-06-16 06,31.85,57.67,32.83,30.67,32.0,997,7.7,140,0.0,20,0,1
2020-06-16 07,32.62,54.12,37.95,31.85,34.44,993,2.1,70,0.0,40,0,1
2020-06-16 08,33.93,51.9,39.61,31.92,35.2,993,2.1,70,0.0,40,0,1
2020-06-16 09,35.2,48.98,40.06,32.0,35.2,993,2.1,70,0.0,40,0,1
2020-06-16 10,36.15,47.5,39.42,34.59,36.4,998,2.1,160,0.0,40,0,1
2020-06-16 11,37.52,43.27,43.39,36.4,38.8,997,2.6,70,0.0,1,0,2
2020-06-16 12,38.43,39.35,43.94,36.4,39.0,996,2.6,70,0.0,9,0,2
2020-06-16 13,39.65,34.97,41.92,39.14,40.0,996,2.6,110,0.0,20,0,2
2020-06-16 14,40.92,30.23,43.92,39.2,41.8,995,2.6,50,0.0,20,0,2
2020-06-16 15,41.3,25.55,40.97,38.54,40.0,995,2.1,70,0.0,40,0,1
2020-06-16 16,40.98,23.68,43.63,38.0,40.0,993,2.1,250,0.0,40,0,1
2020-06-16 17,41.18,23.25,41.97,37.4,38.6,993,2.1,250,0.0,40,0,1
2020-06-16 18,39.58,27.65,42.82,37.79,39.0,993,2.1,250,0.0,40,0,1
2020-06-16 19,38.2,33.97,45.01,35.49,38.0,994,0.59,105,0.0,40,0,2
2020-06-16 20,36.83,37.8,42.1,33.21,37.0,994,1.61,130,0.0,40,0,2
2020-06-16 21,35.88,41.62,42.21,33.52,37.0,995,1.97,137,0.0,40,0,2
2020-06-16 22,35.75,44.25,39.76,32.27,35.0,996,1.5,70,0.0,20,0,2
2020-06-16 23,35.55,41.95,38.88,31.66,34.2,996,1.5,70,0.0,20,0,2
2020-06-17 00,34.83,47.12,38.86,32.04,34.2,997,1.5,70,0.0,20,0,2
2020-06-17 01,33.88,52.72,38.24,30.22,34.44,991,1.5,50,0.0,20,0,2
2020-06-17 02,33.12,55.83,38.1,30.54,34.44,991,1.5,50,0.0,20,0,2
2020-06-17 03,32.45,58.48,37.33,29.56,34.44,991,1.5,50,0.0,20,0,2
2020-06-17 04,31.85,59.78,37.23,29.17,33.89,991,3.1,90,0.0,20,2,1
2020-06-17 05,31.48,61.05,35.89,30.19,31.15,997,3.1,90,0.0,20,2,1
2020-06-17 06,30.77,67.07,35.8,29.75,31.0,997,3.1,90,0.0,20,2,1
2020-06-17 07,30.73,69.08,36.98,30.18,34.8,993,3.1,90,0.0,1,0,1
2020-06-17 08,31.6,65.05,37.9,30.07,34.8,994,3.1,90,0.0,1,0,1
2020-06-17 09,33.15,59.75,38.87,30.39,35.0,993,3.1,90,0.0,0,0,1
2020-06-17 10,34.47,56.2,37.16,33.09,35.0,997,4.1,100,0.0,1,0,1
2020-06-17 11,35.88,50.6,41.06,34.2,38.8,996,4.1,90,0.0,1,0,1
2020-06-17 12,36.9,47.6,41.35,34.2,38.4,996,4.1,90,0.0,5,0,2
2020-06-17 13,37.75,45.15,45.85,38.25,40.4,995,2.1,70,0.0,20,0,2
2020-06-17 14,38.85,41.4,47.01,38.83,40.4,994,2.1,70,0.0,20,0,2
2020-06-17 15,39.48,39.05,46.58,38.01,40.4,994,2.1,70,0.0,20,0,1
2020-06-17 16,40.2,36.02,44.85,38.26,40.8,994,1.5,60,0.0,20,0,1
2020-06-17 17,39.77,37.3,45.16,38.18,41.2,993,2.1,70,0.0,20,0,2
2020-06-17 18,38.8,40.33,44.28,37.68,40.8,993,1.5,70,0.0,20,0,2
2020-06-17 19,37.17,46.08,42.79,35.52,39.0,994,1.5,70,0.0,20,0,2
2020-06-17 20,35.73,51.38,41.98,34.64,36.0,995,3.1,70,0.0,20,0,2
2020-06-17 21,35.03,52.98,41.08,34.6,35.6,995,3.1,70,0.0,20,0,2
2020-06-17 22,34.78,52.62,40.34,32.99,36.11,992,3.6,90,0.0,20,0,2
2020-06-17 23,33.65,56.3,38.35,32.54,34.0,996,3.6,90,0.0,20,0,2
2020-06-18 00,32.9,56.77,36.93,32.0,33.2,997,3.6,90,0.0,20,0,1
2020-06-18 01,32.33,57.73,36.9,30.57,32.0,996,2.6,70,0.0,20,0,1
2020-06-18 02,31.73,59.65,36.35,30.17,32.0,996,2.6,70,0.0,20,0,1
2020-06-18 03,31.2,63.38,35.59,29.39,31.8,996,2.6,70,0.0,20,0,1
2020-06-18 04,30.55,67.6,35.15,29.17,30.0,997,2.6,110,0.0,20,2,1
2020-06-18 05,29.9,71.17,35.38,29.4,30.9,997,2.6,110,0.0,20,2,2
2020-06-18 06,29.95,70.97,34.89,29.8,31.0,998,2.6,80,0.0,20,2,2
2020-06-18 07,30.65,69.52,37.32,31.0,34.8,998,2.6,80,0.0,20,2,2
2020-06-18 08,32.73,61.12,39.13,31.61,34.8,998,1.5,90,0.0,0,0,2
2020-06-18 09,34.33,53.58,39.43,32.2,35.0,998,3.1,130,0.0,1,0,2
2020-06-18 10,36.15,47.0,42.48,34.72,37.0,998,2.1,170,0.0,1,0,2
2020-06-18 11,37.9,41.3,44.67,37.51,40.0,997,2.6,180,0.0,0,0,1
2020-06-18 12,39.35,38.27,44.73,37.7,40.0,997,1.5,70,0.0,1,0,1
2020-06-18 13,40.17,35.67,46.94,39.43,41.11,996,1.0,200,0.0,1,0,2
2020-06-18 14,41.25,29.95,47.01,39.96,43.2,995,3.1,50,0.0,0,0,2
2020-06-18 15,42.4,26.43,47.56,39.5,42.0,995,1.0,330,0.0,1,0,1
2020-06-18 16,42.8,25.0,47.26,39.71,43.4,994,1.0,200,0.0,1,0,2
2020-06-18 17,42.42,25.73,47.4,39.64,43.4,993,1.5,230,0.0,14,0,2
2020-06-18 18,40.67,33.75,46.09,37.6,41.0,994,1.5,40,0.0,1,0,2
2020-06-18 19,38.5,42.6,45.23,36.72,41.0,995,1.5,40,0.0,1,0,2
2020-06-18 20,37.33,47.5,44.41,35.59,38.0,995,2.6,70,0.0,23,0,2
2020-06-18 21,36.35,50.9,44.17,35.64,38.0,996,2.6,70,0.0,9,0,2
2020-06-18 22,35.92,50.55,40.82,34.05,36.0,997,4.1,70,0.0,8,0,2
2020-06-18 23,35.47,50.65,40.53,33.71,36.0,997,4.1,70,0.0,10,0,2
2020-06-19 00,34.95,53.9,39.7,33.21,35.0,997,4.1,70,0.0,2,0,2
2020-06-19 01,33.92,59.55,39.96,31.87,34.0,997,2.1,70,0.0,2,0,2
2020-06-19 02,33.0,63.43,39.42,31.45,34.2,997,2.1,70,0.0,1,0,2
2020-06-19 03,32.22,64.95,37.64,30.27,32.2,997,2.1,70,0.0,0,0,2
2020-06-19 04,31.82,63.58,36.85,30.36,32.0,998,3.1,140,0.0,40,2,1
2020-06-19 05,31.57,63.33,36.52,30.98,31.69,998,3.1,140,0.0,40,2,1
2020-06-19 06,31.55,63.67,36.62,30.9,32.0,999,2.6,120,0.0,40,0,1
2020-06-19 07,31.88,64.2,38.49,30.4,35.6,996,2.6,120,0.0,40,0,1
2020-06-19 08,32.78,63.05,40.3,32.16,35.6,996,2.1,110,0.0,20,0,2
2020-06-19 09,34.45,58.42,40.79,32.91,36.0,996,2.1,230,0.0,20,0,2
2020-06-19 10,35.52,55.08,40.97,33.8,37.0,1000,2.1,250,0.0,20,0,2
2020-06-19 11,36.95,50.33,42.27,33.8,40.0,999,2.6,270,0.0,20,0,2
2020-06-19 12,37.9,46.58,42.92,35.87,39.0,999,2.6,270,0.0,20,0,2
2020-06-19 13,39.23,41.9,43.69,37.68,40.0,999,3.1,270,0.0,20,0,3
2020-06-19 14,39.95,40.32,43.74,38.2,41.6,997,3.1,320,0.0,40,0,3
2020-06-19 15,39.88,42.1,44.26,37.77,41.0,997,2.6,320,0.0,40,0,3
2020-06-19 16,39.75,42.15,44.47,38.09,41.8,997,2.6,110,0.0,40,0,3
2020-06-19 17,39.23,43.98,44.39,37.97,41.8,995,2.6,50,0.0,75,0,3
2020-06-19 18,38.27,46.17,42.48,36.0,39.71,996,3.1,70,0.0,75,0,3
2020-06-19 19,37.33,50.38,41.85,37.04,38.0,997,3.1,70,0.0,75,0,3
2020-06-19 20,36.3,53.82,40.87,35.47,36.2,997,2.6,50,0.0,20,0,3
2020-06-19 21,35.7,54.17,40.67,35.08,36.2,998,2.6,50,0.0,20,0,3
2020-06-19 22,35.33,56.25,40.53,33.0,36.0,1000,3.1,50,0.0,40,0,3
2020-06-19 23,34.33,61.6,39.33,32.54,35.0,1000,3.1,50,0.0,40,0,2
2020-06-20 00,33.1,66.55,38.65,32.19,34.4,1000,3.1,50,0.0,40,0,2
2020-06-20 01,32.58,66.12,39.3,30.48,35.56,995,2.6,90,0.0,40,0,2
2020-06-20 02,32.33,64.9,36.81,29.36,32.6,999,2.6,90,0.0,40,0,2
2020-06-20 03,32.0,63.8,36.5,30.03,32.6,1000,2.6,90,0.0,40,0,1
2020-06-20 04,31.55,66.25,39.51,24.6,36.67,995,2.1,230,0.0,90,2,1
2020-06-20 05,27.4,78.15,35.25,24.6,30.4,1000,2.1,230,0.0,90,2,1
2020-06-20 06,26.23,80.08,33.06,24.6,30.0,1000,2.1,320,0.0,90,2,1
2020-06-20 07,28.05,79.95,34.47,25.0,31.0,1001,2.1,320,0.0,90,2,1
2020-06-20 08,29.45,68.92,29.7,25.0,31.54,1002,5.7,270,0.5,90,4,2
2020-06-20 09,29.05,64.92,29.03,25.0,32.5,1002,5.1,270,0.5,90,4,2
2020-06-20 10,30.18,60.55,34.24,29.4,34.33,1003,4.1,40,0.0,75,0,2
2020-06-20 11,30.2,58.9,35.68,29.4,36.18,1001,3.1,20,0.4,75,4,2
2020-06-20 11,30.2,58.9,35.68,29.4,36.18,1001,3.1,20,0.4,75,0,2
2020-06-20 12,32.02,55.42,37.86,29.4,36.6,1002,1.5,90,0.0,75,0,2
2020-06-20 13,34.75,46.52,40.17,32.0,36.89,1001,1.0,230,0.0,75,0,2
2020-06-20 14,35.77,45.22,40.92,34.4,36.87,1000,1.5,230,0.0,75,0,2
2020-06-20 15,37.0,41.57,41.97,36.0,36.57,999,1.5,80,0.0,75,0,2
2020-06-20 16,37.3,41.08,42.26,35.0,38.0,998,2.6,60,0.0,75,0,2
2020-06-20 17,36.67,43.08,39.0,34.0,36.35,998,6.2,270,0.0,75,0,2
2020-06-20 18,34.92,50.22,39.48,33.0,35.8,999,4.1,240,0.0,75,0,2
2020-06-20 19,33.62,52.4,38.19,32.0,34.33,1000,4.1,240,0.0,75,0,2
2020-06-20 20,32.6,47.7,34.8,30.4,32.98,999,3.1,270,0.0,75,0,2
2020-06-20 21,31.55,51.5,34.89,31.0,32.59,1000,3.1,270,0.0,75,0,1
2020-06-20 22,31.55,51.17,37.04,30.2,31.44,1001,1.0,140,0.0,40,0,1
2020-06-20 23,31.1,56.1,36.76,30.2,31.45,1001,1.0,140,0.0,40,0,1
2020-06-21 00,30.95,58.47,36.96,30.2,31.35,1001,1.0,140,0.0,40,0,1
2020-06-21 01,31.12,58.25,34.73,28.28,30.0,1000,1.5,200,0.0,90,2,2
2020-06-21 02,31.52,54.8,34.86,28.36,30.2,1000,1.5,200,0.0,90,2,1
2020-06-21 03,31.35,53.62,34.46,27.53,30.0,1000,1.5,200,0.0,90,2,1
2020-06-21 04,30.75,58.77,32.41,26.77,28.0,1000,3.1,340,0.5,90,4,2
2020-06-21 05,29.7,66.35,31.79,27.0,28.46,1000,3.1,340,0.5,90,4,2
2020-06-21 06,27.75,74.82,33.49,26.79,28.2,1001,1.0,60,0.0,75,2,3
2020-06-21 07,28.23,78.33,34.23,27.0,32.0,1001,1.0,180,0.0,75,2,3
2020-06-21 08,28.85,81.03,34.82,27.0,32.0,1001,2.1,180,0.5,75,4,3
2020-06-21 09,30.02,74.55,36.38,28.0,32.0,1002,1.5,190,0.0,75,2,2
2020-06-21 10,31.0,70.88,39.0,30.4,33.14,1002,1.5,180,0.0,75,2,2
2020-06-21 11,32.75,63.78,40.13,32.36,35.6,1001,1.5,140,0.0,75,0,2
2020-06-21 12,32.1,61.42,39.47,30.4,34.51,1001,1.5,50,0.0,75,0,2
2020-06-21 13,32.03,64.65,39.49,32.0,35.76,1001,2.1,60,0.0,75,0,2
2020-06-21 14,33.55,64.2,42.11,34.65,36.29,1000,2.6,70,0.0,40,0,2
2020-06-21 15,35.38,53.62,42.44,34.65,36.05,1000,1.5,90,0.0,40,0,2
2020-06-21 16,36.15,48.62,42.33,35.0,37.6,999,1.0,40,0.0,40,0,2
2020-06-21 17,35.95,48.7,42.22,35.0,37.6,997,2.1,20,0.0,32,0,2
2020-06-21 18,35.0,53.1,42.09,35.0,35.87,998,1.0,50,0.0,1,0,2
2020-06-21 19,33.4,56.77,41.18,33.19,35.56,994,1.0,50,0.0,1,0,2
2020-06-21 20,32.42,60.67,39.37,32.46,34.2,999,1.5,70,0.0,20,0,2
2020-06-21 21,31.95,64.6,38.22,31.38,34.2,999,1.5,70,0.0,20,0,2
2020-06-21 22,31.73,65.4,38.22,29.93,32.0,1000,1.5,90,0.0,20,2,2
2020-06-21 23,31.65,61.85,37.99,29.69,32.0,1000,1.5,90,0.0,20,2,2
2020-06-22 00,31.3,62.4,37.37,29.72,31.4,1000,1.5,90,0.0,20,2,2
2020-06-22 01,30.48,67.4,37.31,28.41,31.0,999,1.5,140,0.0,20,2,2
2020-06-22 02,29.8,71.55,37.21,28.36,31.0,999,1.5,140,0.0,20,2,2
2020-06-22 03,29.68,73.03,36.11,27.8,30.4,999,1.5,140,0.0,20,2,2
2020-06-22 04,29.45,74.17,34.82,27.79,30.0,1000,2.6,250,0.0,40,2,2
2020-06-22 05,29.2,75.38,33.74,26.0,30.0,1000,2.6,250,0.0,40,2,2
2020-06-22 06,27.68,81.88,32.76,26.0,28.74,1001,1.5,60,0.5,75,4,2
2020-06-22 07,24.48,98.45,32.48,25.0,28.88,1001,1.5,70,0.5,75,4,2
2020-06-22 08,24.27,99.3,32.55,25.6,29.05,1001,2.1,160,0.0,75,2,1
2020-06-22 09,28.45,87.08,34.58,27.6,30.0,1001,1.5,180,0.0,75,2,1
2020-06-22 10,32.38,67.42,36.15,30.56,33.89,997,2.6,280,0.0,40,0,1
2020-06-22 11,34.12,54.12,38.1,32.4,34.4,1001,1.5,320,0.0,20,0,1
2020-06-22 12,34.8,49.2,37.21,33.16,34.44,1001,2.6,320,0.0,40,0,1
2020-06-22 13,35.03,50.7,39.96,34.0,36.57,1000,2.1,290,0.0,40,0,2
2020-06-22 14,35.67,49.38,40.99,35.58,37.8,999,2.6,320,0.0,20,0,2
2020-06-22 15,36.45,42.3,41.3,34.0,37.0,999,1.5,320,0.0,20,0,2
2020-06-22 16,36.45,44.47,41.52,34.2,37.0,998,2.1,250,0.0,20,0,2
2020-06-22 17,36.27,45.67,40.25,34.2,37.0,997,2.1,270,0.0,9,0,2
2020-06-22 18,35.3,50.9,39.43,34.2,36.0,998,2.6,280,0.0,1,0,2
2020-06-22 19,34.23,54.2,38.59,33.33,35.0,998,2.6,280,0.0,1,0,2
2020-06-22 20,33.17,58.85,41.25,32.63,34.0,999,1.5,320,0.0,20,2,2
2020-06-22 21,32.72,62.7,40.56,32.17,33.0,999,1.5,320,0.0,20,2,3
2020-06-22 22,32.33,64.62,39.24,31.2,33.0,1001,2.1,70,0.0,20,2,3
2020-06-22 23,31.85,67.2,39.48,31.2,33.6,1000,2.1,70,0.0,20,2,3
2020-06-23 00,31.7,67.0,38.44,31.2,32.18,1001,2.1,70,0.0,20,2,3
2020-06-23 01,31.4,68.08,36.43,29.8,31.03,1001,3.1,70,0.0,13,2,2
2020-06-23 02,30.83,69.95,36.7,29.8,32.0,1001,3.1,70,0.0,10,2,2
2020-06-23 03,30.02,73.12,35.06,29.01,30.0,1001,3.1,70,0.0,11,2,1
2020-06-23 04,29.67,75.52,34.0,28.6,29.36,1001,3.1,90,0.0,20,2,1
2020-06-23 05,29.58,77.08,34.86,28.6,30.4,1001,3.1,90,0.0,20,2,1
2020-06-23 06,29.35,80.33,35.34,28.6,30.0,1002,2.6,70,0.0,40,2,1
2020-06-23 07,30.1,77.82,36.84,29.95,32.6,1003,2.6,70,0.0,40,2,2
2020-06-23 08,30.85,75.55,36.93,30.07,32.6,1003,2.6,70,0.0,75,2,2
2020-06-23 09,32.5,68.47,36.79,29.75,32.6,1004,3.1,70,0.0,75,2,1
2020-06-23 10,33.48,63.18,38.93,30.6,36.0,1000,2.1,70,0.0,75,0,1
2020-06-23 11,33.82,62.35,41.34,33.63,36.2,1000,2.6,90,0.0,75,0,1
2020-06-23 12,34.2,61.85,40.95,33.45,36.0,1003,3.1,50,0.0,40,0,1
2020-06-23 13,34.82,57.38,42.57,34.69,36.0,998,2.1,70,0.0,40,0,1
2020-06-23 14,35.15,56.05,41.38,33.0,37.2,1001,3.1,70,0.0,40,0,1
2020-06-23 15,34.52,57.75,40.23,30.62,37.0,1001,3.1,50,0.0,40,0,1
2020-06-23 16,34.9,57.15,40.56,30.87,36.4,1000,2.6,70,0.0,40,0,1
2020-06-23 17,34.85,57.4,39.99,31.84,36.4,999,3.6,70,0.0,40,0,1
2020-06-23 18,34.42,57.97,39.78,32.39,34.0,1001,3.1,70,0.0,40,0,1
2020-06-23 19,33.45,62.88,40.18,31.95,35.56,997,3.1,70,0.0,40,0,1
2020-06-23 20,32.8,65.82,38.66,30.64,33.0,1001,2.1,90,0.0,40,0,1
2020-06-23 21,32.42,67.45,38.93,30.77,33.0,1002,2.1,90,0.0,40,0,2
2020-06-23 22,32.12,69.25,38.5,30.02,35.0,999,3.1,90,0.0,40,2,2
2020-06-23 23,31.73,71.72,36.72,29.87,32.0,1004,3.1,90,0.0,40,2,2
2020-06-24 00,31.4,70.95,35.91,29.93,31.6,1004,3.1,90,0.0,40,2,2
2020-06-24 01,31.05,70.9,35.35,29.16,30.4,1004,2.6,110,0.0,40,0,1
2020-06-24 02,30.5,72.35,35.42,29.1,30.4,1003,2.6,110,0.0,40,0,1
2020-06-24 03,29.95,75.42,35.2,28.81,30.4,1002,2.6,110,0.0,40,0,1
2020-06-24 04,29.7,76.8,34.93,28.86,29.2,1002,2.1,70,0.0,20,2,1
2020-06-24 05,29.62,77.8,35.37,29.0,29.68,1003,2.1,70,0.0,20,2,1
2020-06-24 06,29.52,79.08,35.21,29.0,30.0,1003,2.1,100,0.0,75,2,2
2020-06-24 07,30.15,78.07,36.62,28.8,33.8,1004,2.1,100,0.0,75,2,2
2020-06-24 08,30.72,76.6,36.7,28.8,33.89,1001,3.1,70,0.0,75,2,2
2020-06-24 09,31.25,74.93,36.99,28.8,33.89,1001,3.1,70,0.0,75,0,2
2020-06-24 10,32.08,71.97,37.03,27.0,33.89,1001,3.1,110,0.0,75,0,2
2020-06-24 11,31.25,72.88,39.05,27.0,35.4,1001,4.1,50,13.0,90,4,2
2020-06-24 12,27.47,92.05,36.23,27.0,31.11,1005,2.1,50,1.5,90,4,1
2020-06-24 13,28.98,86.2,38.24,31.0,32.21,1003,3.1,320,0.0,75,2,1
2020-06-24 14,32.0,75.67,38.91,31.9,32.61,1002,2.6,320,0.0,75,2,2
2020-06-24 15,32.65,71.28,39.16,31.62,33.0,1003,2.6,320,0.0,75,2,2
2020-06-24 16,33.25,71.25,38.94,31.2,34.0,1001,3.6,320,0.0,75,0,2
2020-06-24 17,33.62,68.28,38.72,31.2,34.6,1001,3.6,320,0.0,40,0,2
2020-06-24 18,32.83,71.17,38.74,31.2,35.0,997,2.6,70,0.0,40,0,1
2020-06-24 19,31.53,75.25,37.56,31.11,33.0,1001,2.6,70,0.0,40,0,2
2020-06-24 20,31.12,77.07,38.0,30.09,32.0,1001,2.1,90,0.0,40,2,2
2020-06-24 21,30.75,79.53,37.11,29.76,31.2,1002,2.1,90,0.0,40,2,2
2020-06-24 22,30.53,81.67,35.77,28.44,30.2,1003,2.1,110,0.0,40,2,2
2020-06-24 23,30.12,83.95,35.89,28.08,30.6,1003,2.1,110,0.0,40,2,2
2020-06-25 00,30.02,84.15,35.62,28.13,30.2,1003,2.1,110,0.0,40,2,2
2020-06-25 01,29.57,87.07,34.89,27.48,29.0,1003,2.1,110,0.0,40,2,3
2020-06-25 02,28.85,91.05,34.74,27.29,29.0,1002,2.1,110,0.0,40,2,3
2020-06-25 03,28.88,90.28,34.84,27.29,29.0,1002,2.1,110,0.0,40,2,2
2020-06-25 04,28.55,92.05,35.41,27.43,29.0,1001,1.0,250,0.0,40,2,3
2020-06-25 05,28.32,93.35,35.68,28.0,29.0,1001,1.0,250,0.0,40,2,3
2020-06-25 06,28.45,90.5,35.67,28.0,29.06,1001,1.0,250,0.0,75,2,2
2020-06-25 07,30.05,82.7,37.63,29.0,32.6,1001,1.0,250,0.0,75,2,2
2020-06-25 08,30.9,78.57,38.71,30.0,32.6,1001,1.0,230,0.0,75,2,2
2020-06-25 09,32.83,70.25,39.6,30.6,34.0,998,1.5,150,0.0,75,2,2
2020-06-25 10,34.57,60.95,41.03,33.27,35.0,998,1.5,200,0.0,40,0,2
2020-06-25 11,35.48,54.55,40.51,34.4,35.2,997,2.6,340,0.0,40,0,1
2020-06-25 12,36.48,50.02,41.65,34.4,36.0,1001,2.1,50,0.0,40,0,1
2020-06-25 13,36.98,46.8,42.23,33.85,37.0,1000,2.1,280,0.0,75,0,2
2020-06-25 14,37.73,44.38,42.14,34.1,36.4,999,1.5,320,0.0,75,0,2
2020-06-25 15,33.2,62.88,39.13,29.0,35.4,999,3.1,300,0.0,75,2,2
2020-06-25 16,30.48,79.88,40.68,29.0,34.6,998,1.5,100,0.0,75,2,2
2020-06-25 17,33.73,64.0,43.31,32.4,35.0,997,1.0,270,0.0,40,2,2
2020-06-25 18,33.23,65.9,42.52,33.0,34.6,998,1.0,240,0.0,75,2,2
2020-06-25 19,32.35,70.25,42.04,32.64,34.0,998,1.0,240,0.0,75,2,2
2020-06-25 20,31.45,77.68,40.47,31.98,33.0,999,1.5,340,0.0,40,2,3
2020-06-25 21,31.3,74.8,39.86,31.75,32.0,999,1.5,340,0.0,40,2,4
2020-06-25 22,30.52,77.28,39.76,30.0,32.0,1000,0.67,214,0.0,20,2,3
2020-06-25 23,29.4,85.05,38.76,29.98,31.1,1000,0.79,118,0.0,20,2,3
2020-06-26 00,29.45,83.2,38.17,29.67,31.0,1000,1.55,109,0.0,20,2,3
2020-06-26 01,29.77,80.88,35.83,28.88,30.09,1000,1.76,114,0.0,20,2,3
2020-06-26 02,29.68,81.47,36.03,28.9,30.25,1000,2.0,116,0.0,20,2,4
2020-06-26 03,29.35,85.33,34.88,27.56,29.4,1000,2.13,111,0.0,20,2,4
2020-06-26 04,28.93,88.88,36.34,27.88,30.0,1000,1.67,112,0.0,20,2,3
2020-06-26 05,28.7,91.35,36.39,28.6,30.0,1000,1.75,117,0.0,20,2,3
2020-06-26 06,28.62,92.53,36.73,28.84,30.0,1000,1.0,120,0.0,40,2,3
2020-06-26 07,30.02,86.85,36.96,29.0,30.59,1000,1.0,120,0.0,40,2,3
2020-06-26 08,31.92,78.1,39.51,29.0,33.89,997,1.5,90,0.0,20,2,3
2020-06-26 09,33.42,71.3,41.23,31.66,34.0,997,1.0,210,0.0,40,2,3
2020-06-26 10,34.58,64.55,41.75,33.17,35.0,1001,1.5,200,0.0,75,2,3
2020-06-26 11,35.17,59.9,36.59,30.2,34.47,1001,3.6,230,5.0,75,4,3
2020-06-26 11,35.17,59.9,36.59,30.2,34.47,1001,3.6,230,5.0,75,2,3
2020-06-26 12,32.77,63.33,40.24,32.0,35.0,1001,2.1,250,0.0,75,0,2
2020-06-26 13,34.65,57.35,40.34,34.0,36.4,1000,3.1,270,0.0,75,0,2
2020-06-26 14,36.73,48.77,40.36,36.0,37.0,999,4.1,250,0.0,40,0,2
2020-06-26 15,37.88,42.33,39.72,34.24,37.0,998,4.1,320,0.0,40,0,2
2020-06-26 16,37.77,41.6,40.06,34.4,37.0,994,2.6,320,0.0,40,0,1
2020-06-26 17,36.25,45.98,38.94,34.4,35.6,993,5.1,320,0.0,40,0,1
2020-06-26 18,35.43,51.2,39.13,34.0,34.76,997,4.1,250,0.0,40,0,1
2020-06-26 19,33.88,57.8,38.01,32.98,34.0,997,4.1,250,0.0,40,0,2
2020-06-26 20,32.95,61.35,39.73,32.0,33.45,998,1.0,250,0.0,20,0,2
2020-06-26 21,32.65,61.3,39.47,32.0,33.33,999,1.0,250,0.0,20,0,2
2020-06-26 22,32.45,59.72,38.98,31.59,32.23,999,1.0,230,0.0,40,2,2
2020-06-26 23,31.9,63.38,38.85,31.42,32.0,999,1.0,230,0.0,40,2,2
2020-06-27 00,31.8,64.75,38.77,31.28,32.0,999,1.0,230,0.0,40,2,2
2020-06-27 01,31.55,68.47,36.4,30.01,31.0,999,2.6,250,0.0,40,2,2
2020-06-27 02,31.5,68.98,36.44,29.62,31.4,998,2.6,250,0.0,40,2,1
2020-06-27 03,31.43,64.22,35.56,29.96,30.8,998,2.6,250,0.0,40,2,1
2020-06-27 04,30.92,64.28,36.11,29.4,30.04,998,1.5,200,0.0,40,2,1
2020-06-27 05,31.05,62.23,37.27,29.4,31.0,999,1.5,200,0.0,40,2,1
2020-06-27 06,31.0,64.65,37.35,30.02,32.0,999,1.5,220,0.0,40,2,1
2020-06-27 07,31.23,66.17,39.38,30.75,34.44,996,2.1,230,0.0,40,2,1
2020-06-27 08,33.08,61.62,36.72,31.34,33.4,999,4.1,230,0.0,75,0,1
2020-06-27 09,34.38,57.55,36.95,32.27,34.44,996,4.6,240,0.0,75,0,1
2020-06-27 10,34.25,56.4,38.47,34.0,35.44,996,5.1,270,0.0,75,0,1
2020-06-27 11,35.52,52.6,40.8,35.4,38.0,999,6.2,250,0.0,75,0,2
2020-06-27 12,37.6,45.58,42.54,37.35,39.0,999,5.1,270,0.0,75,0,2
2020-06-27 13,39.0,40.62,42.87,38.37,39.2,999,5.1,270,0.0,75,0,2
2020-06-27 14,39.92,37.65,43.31,38.0,40.0,997,5.1,270,0.0,75,0,2
2020-06-27 15,40.2,36.15,41.79,34.33,40.0,997,5.1,260,0.0,75,0,2
2020-06-27 16,39.83,37.58,39.93,35.67,37.0,997,6.2,260,0.0,75,9,2
2020-06-27 17,36.95,43.9,41.59,35.0,37.0,996,4.1,250,0.0,75,0,2
2020-06-27 18,35.85,47.98,41.67,34.0,36.8,996,3.1,250,0.0,75,0,2
2020-06-27 19,36.08,46.53,40.56,33.38,35.56,993,3.1,250,0.0,75,0,2
2020-06-27 20,35.42,47.2,39.55,32.26,35.56,991,2.1,230,0.0,20,0,2
2020-06-27 21,34.48,49.25,38.05,32.12,34.2,997,2.1,230,0.0,20,0,2
2020-06-27 22,33.35,54.1,41.0,31.3,34.0,998,1.0,180,0.0,20,2,2
2020-06-27 23,33.2,55.08,40.13,31.32,33.0,998,1.0,180,0.0,20,2,2
2020-06-28 00,33.02,57.5,40.06,31.07,33.0,998,1.0,180,0.0,20,2,2
2020-06-28 01,32.3,61.4,40.71,30.17,35.0,993,1.0,140,0.0,20,2,2
2020-06-28 02,31.77,64.98,38.71,30.03,32.0,997,1.0,140,0.0,20,2,2
2020-06-28 03,31.78,65.6,37.93,29.79,31.2,997,1.0,140,0.0,20,2,2
2020-06-28 04,31.35,69.1,38.45,30.35,31.0,997,1.0,160,0.0,20,2,2
2020-06-28 05,30.78,72.35,38.94,30.4,32.24,997,1.0,160,0.0,20,2,2
2020-06-28 06,31.7,66.07,36.22,30.4,34.44,994,3.6,250,0.0,40,0,2
2020-06-28 07,33.07,57.52,37.45,32.84,34.8,995,3.6,250,0.0,40,0,2
2020-06-28 08,34.58,50.35,38.59,33.33,35.0,995,3.6,250,0.0,40,0,2
2020-06-28 09,35.9,47.8,37.48,33.99,35.0,994,5.7,250,0.0,40,0,1
2020-06-28 10,37.25,43.9,38.71,36.2,38.0,999,7.2,250,0.0,40,0,1
2020-06-28 11,38.5,41.55,41.33,37.6,39.0,998,6.7,250,0.0,40,0,2
2020-06-28 12,39.35,40.1,41.4,37.6,39.0,999,6.7,250,0.0,40,0,2
2020-06-28 13,39.52,40.15,42.41,39.35,40.0,998,6.2,250,0.0,40,0,2
2020-06-28 14,41.1,36.65,43.87,39.09,41.0,997,5.7,250,0.0,40,9,2
2020-06-28 15,41.42,35.1,45.36,38.99,41.0,997,3.6,270,0.0,75,9,2
2020-06-28 16,41.25,34.88,44.85,38.2,41.0,996,4.1,250,0.0,75,0,2
2020-06-28 17,40.58,35.3,45.16,38.2,41.4,995,2.6,250,0.0,40,0,2
2020-06-28 18,40.1,35.98,44.0,38.2,39.0,996,2.6,250,0.0,75,0,2
2020-06-28 19,39.23,38.8,43.69,36.86,39.0,996,2.6,250,0.0,75,0,2
2020-06-28 20,38.08,42.55,45.24,35.36,39.0,995,2.03,231,0.0,40,0,2
2020-06-28 21,36.98,47.95,44.64,35.55,38.0,996,2.33,224,0.0,40,0,3
2020-06-28 22,36.0,53.15,44.28,34.02,37.0,997,1.81,219,0.0,40,0,3
2020-06-28 23,34.38,61.75,43.25,33.24,36.0,997,1.44,177,0.0,40,0,4
2020-06-29 00,34.18,62.62,43.01,33.4,35.0,997,0.97,123,0.0,40,0,4
2020-06-29 01,34.15,63.23,42.1,31.54,35.0,997,1.5,126,0.0,40,2,4
2020-06-29 02,34.9,59.12,41.03,30.6,35.0,998,1.79,99,0.0,40,2,3
2020-06-29 03,33.58,65.47,41.78,29.9,35.0,998,1.11,92,0.0,40,2,3
2020-06-29 04,32.6,69.1,37.16,29.87,35.0,999,3.1,250,0.0,20,0,2
2020-06-29 05,32.85,73.5,36.47,30.42,34.0,998,3.1,250,0.0,20,0,3
2020-06-29 06,32.17,80.4,36.34,30.14,34.0,999,3.1,250,0.0,20,0,3
2020-06-29 07,33.83,63.6,37.36,30.2,37.0,1000,2.6,250,0.0,1,0,3
2020-06-29 08,36.3,45.77,38.56,30.2,37.0,1000,3.1,230,0.0,15,0,2
2020-06-29 09,37.4,41.67,38.85,30.2,38.0,1001,3.6,230,0.0,1,0,1
2020-06-29 10,38.42,40.22,40.59,33.2,39.0,1001,4.1,270,0.0,1,0,1
2020-06-29 11,39.15,38.67,43.09,36.06,40.2,1001,2.6,250,0.0,40,0,1
2020-06-29 12,39.6,40.23,42.79,35.95,40.0,1001,2.6,250,0.0,75,0,1
2020-06-29 13,38.62,48.12,43.64,36.64,40.0,1000,2.6,290,0.0,75,0,2
2020-06-29 14,38.27,49.25,43.78,36.49,41.4,999,2.6,50,0.0,75,0,2
2020-06-29 15,38.67,47.25,41.74,34.0,41.0,999,3.1,320,0.0,75,0,2
2020-06-29 16,38.17,51.23,41.22,32.6,41.0,998,3.1,320,0.0,75,0,2
2020-06-29 17,36.65,58.35,40.31,35.26,39.6,998,4.1,320,0.0,75,9,2
2020-06-29 18,31.9,59.2,35.18,28.0,39.6,996,3.6,110,1.5,90,4,2
2020-06-29 19,29.93,61.85,34.49,29.0,36.11,995,3.6,110,1.5,90,4,2
2020-06-29 20,30.2,63.53,37.52,28.6,31.67,999,2.1,140,0.0,90,2,1
2020-06-29 21,30.9,62.45,36.93,28.6,31.27,1000,2.1,140,0.0,90,2,1
2020-06-29 22,30.8,62.33,33.77,28.4,29.84,1002,2.1,90,0.0,75,2,1
2020-06-29 23,30.35,65.85,33.76,28.4,29.73,1002,2.1,90,0.0,75,2,1
2020-06-30 00,30.1,71.33,32.67,28.0,29.05,1001,2.1,90,0.0,75,2,2
2020-06-30 01,30.15,74.9,32.03,27.2,28.13,1001,2.6,90,0.0,75,2,2
2020-06-30 02,29.83,79.62,32.04,27.2,28.22,1001,2.6,90,0.0,75,2,2
2020-06-30 03,29.57,80.75,31.71,26.36,28.0,1001,2.6,90,0.0,75,2,2
2020-06-30 04,29.4,82.15,32.3,26.89,28.0,1002,2.6,110,0.0,75,2,2
2020-06-30 05,29.38,83.47,32.8,27.8,28.97,1002,2.6,110,0.0,75,2,2
2020-06-30 06,29.42,83.38,32.93,27.8,29.0,1002,2.6,90,0.0,75,2,2
2020-06-30 07,29.43,83.3,34.52,28.2,33.6,1003,2.6,90,0.0,75,2,2
2020-06-30 08,30.15,81.0,36.0,28.2,33.6,1003,3.1,90,0.0,75,2,2
2020-06-30 09,30.95,77.95,36.8,28.2,33.6,1003,2.6,170,0.0,75,2,2
2020-06-30 10,32.4,71.78,39.39,31.27,33.0,1003,2.1,130,0.0,75,0,2
2020-06-30 11,33.72,66.2,39.98,32.4,35.8,1003,3.6,90,0.0,75,0,2
2020-06-30 12,34.95,60.2,41.63,33.9,35.0,1002,2.1,190,0.0,75,0,2
2020-06-30 13,35.75,56.73,43.13,34.6,36.21,1002,1.5,80,0.0,40,0,2
2020-06-30 14,36.1,55.45,42.38,34.6,36.7,1000,2.6,90,0.0,40,0,2
2020-06-30 15,36.15,54.7,43.61,35.75,37.0,1000,2.1,90,0.0,40,0,2
2020-06-30 16,36.48,53.55,43.17,34.0,37.0,999,2.1,100,0.0,40,0,2
2020-06-30 17,36.55,52.7,43.99,34.0,37.2,998,2.1,90,0.0,40,0,2
2020-06-30 18,35.6,55.62,43.45,34.0,36.27,998,2.1,150,0.0,40,0,2
2020-06-30 19,34.67,58.83,42.62,34.0,36.0,998,2.1,150,0.0,40,0,2
2020-06-30 20,33.75,61.52,41.28,33.8,34.22,999,2.1,90,0.0,20,0,2
2020-06-30 21,33.38,63.38,40.04,32.73,33.8,1000,2.1,90,0.0,20,0,2
2020-06-30 22,33.08,65.1,40.54,31.8,33.0,1001,1.0,70,0.0,20,2,2
2020-06-30 23,32.65,67.38,40.85,31.8,33.8,1001,1.0,70,0.0,20,2,2
2020-07-01 00,32.45,67.67,40.52,31.8,33.0,1001,1.0,70,0.0,20,2,2
2020-07-01 01,31.97,69.78,38.66,30.77,32.0,1001,1.5,50,0.0,20,2,2
2020-07-01 02,31.52,71.65,39.39,30.31,33.33,995,1.5,50,0.0,20,2,2
2020-07-01 03,31.15,73.92,38.63,29.08,33.33,995,1.5,50,0.0,20,2,2
2020-07-01 04,30.7,76.5,37.38,29.06,31.0,1001,1.5,70,0.0,75,2,2
2020-07-01 05,30.45,77.95,37.17,29.67,31.2,1001,1.5,70,0.0,75,2,2
2020-07-01 06,30.5,76.7,37.39,29.9,31.0,1002,1.5,100,0.0,75,2,2
2020-07-01 07,31.35,73.2,38.6,30.0,33.8,1002,1.5,90,0.0,75,2,2
2020-07-01 08,32.55,69.2,39.14,30.94,33.89,998,1.5,90,0.0,75,2,2
2020-07-01 09,33.48,65.85,38.66,31.2,33.8,1002,2.1,140,0.0,75,2,2
2020-07-01 10,33.52,64.9,41.31,33.28,34.44,998,2.6,110,0.0,75,0,2
2020-07-01 11,35.05,58.35,42.49,35.0,36.2,1001,2.1,320,0.0,75,0,2
2020-07-01 12,36.25,53.12,43.05,35.14,36.0,1001,1.5,60,0.0,75,0,2
2020-07-01 13,37.23,48.45,43.56,36.0,37.16,1000,1.5,70,0.0,40,0,2
2020-07-01 14,37.98,45.98,43.85,36.83,39.0,999,2.1,160,0.0,75,0,2
2020-07-01 15,37.47,47.2,44.06,36.41,38.0,999,1.5,90,0.0,75,0,2
2020-07-01 16,37.7,48.4,43.76,36.65,39.2,998,1.5,50,0.0,75,0,2
2020-07-01 17,37.52,48.1,44.9,36.79,39.2,996,1.5,50,0.0,40,0,2
2020-07-01 18,36.95,49.43,44.39,36.75,37.55,997,1.5,36,0.0,40,0,2
2020-07-01 19,35.95,51.22,43.29,34.86,37.0,997,1.32,76,0.0,40,0,2
2020-07-01 20,35.08,53.75,41.51,32.96,35.0,997,1.93,95,0.0,20,0,2
2020-07-01 21,34.5,58.58,40.34,32.82,34.4,997,2.35,103,0.0,20,0,2
2020-07-01 22,33.95,62.23,41.17,32.03,34.0,998,1.5,90,0.0,40,0,2
2020-07-01 23,33.65,62.15,39.77,31.79,33.0,998,1.5,90,0.0,40,0,2
2020-07-02 00,33.32,63.58,40.18,31.83,33.0,998,1.5,90,0.0,40,0,2
2020-07-02 01,33.33,63.27,40.13,31.21,33.0,998,1.5,110,0.0,40,2,2
2020-07-02 02,33.05,62.88,38.93,30.6,33.0,998,1.5,110,0.0,40,2,2
2020-07-02 03,32.9,62.0,38.61,29.65,32.0,998,1.5,110,0.0,40,2,2
2020-07-02 04,32.45,65.12,38.74,29.72,32.0,998,1.0,110,0.0,20,2,2
2020-07-02 05,31.97,66.83,38.45,30.45,32.0,998,1.0,110,0.0,20,2,2
2020-07-02 06,31.8,67.88,38.64,30.26,32.0,999,1.0,90,0.0,40,2,2
2020-07-02 07,32.2,66.4,39.86,30.2,34.44,996,1.0,120,0.0,40,2,2
2020-07-02 08,32.93,65.17,40.74,30.2,35.6,995,2.1,110,0.0,40,0,2
2020-07-02 09,34.0,64.5,41.09,32.1,36.0,995,2.1,90,0.0,20,0,3
2020-07-02 10,35.48,58.75,43.93,34.4,38.0,999,0.79,105,0.0,40,0,3
2020-07-02 11,37.25,52.4,43.67,36.31,39.2,998,2.6,270,0.0,40,0,3
2020-07-02 12,38.48,48.05,44.77,36.41,39.0,998,1.5,70,0.0,75,0,3
2020-07-02 13,39.6,42.2,45.42,38.52,39.33,998,1.5,70,0.0,75,0,3
2020-07-02 14,40.15,40.7,45.86,38.71,40.6,996,3.1,50,0.0,75,0,3
2020-07-02 15,40.12,40.23,44.96,36.8,40.0,996,2.6,60,0.0,75,0,3
2020-07-02 16,39.7,41.52,46.51,36.8,39.0,995,1.5,50,0.0,40,0,3
2020-07-02 17,39.05,42.7,46.25,36.8,39.0,994,2.1,320,0.0,40,0,3
2020-07-02 18,38.12,47.7,46.13,36.8,38.39,995,1.0,50,0.0,40,0,3
2020-07-02 19,37.02,52.95,45.2,35.8,38.0,995,1.0,50,0.0,40,0,3
2020-07-02 20,36.2,55.55,45.11,34.77,37.0,995,1.0,70,0.0,40,0,3
2020-07-02 21,35.8,57.67,44.5,34.68,36.0,996,1.0,70,0.0,40,0,3
2020-07-02 22,35.58,58.7,41.61,33.38,35.0,997,2.6,110,0.0,20,0,3
2020-07-02 23,35.1,61.08,41.11,33.09,35.0,997,2.6,110,0.0,20,0,3
2020-07-03 00,34.73,61.38,40.55,32.98,34.0,997,2.6,110,0.0,20,0,3
2020-07-03 01,34.15,61.45,39.48,32.25,33.22,997,2.1,140,0.0,20,0,3
2020-07-03 02,33.5,64.03,39.48,32.08,33.2,997,2.1,140,0.0,20,0,3
2020-07-03 03,33.5,62.75,39.06,31.23,33.0,997,2.1,140,0.0,20,0,2
2020-07-03 04,32.78,64.72,39.48,31.03,33.0,996,1.5,110,0.0,20,2,2
2020-07-03 05,32.48,66.23,39.48,31.3,33.0,996,1.5,110,0.0,20,2,2
2020-07-03 06,32.35,68.2,38.01,31.3,35.0,993,4.19,106,0.0,75,0,3
2020-07-03 07,33.8,62.8,38.59,31.4,35.4,994,4.0,90,0.0,75,0,3
2020-07-03 08,35.53,57.98,42.18,31.4,36.0,994,1.5,110,0.0,40,0,3
2020-07-03 09,37.6,50.58,43.44,31.4,38.0,998,1.5,110,0.0,40,0,3
2020-07-03 10,38.88,46.32,43.6,35.0,39.0,998,3.27,122,0.0,19,0,3
2020-07-03 11,39.23,48.72,47.21,35.0,40.8,997,1.0,340,0.0,75,0,3
2020-07-03 12,39.12,50.35,47.06,37.62,41.0,998,3.1,330,0.0,75,0,4
2020-07-03 13,39.52,49.48,47.17,38.79,41.0,997,2.6,330,0.0,75,0,3
2020-07-03 14,40.3,44.42,46.57,36.0,41.8,996,3.1,320,0.0,75,0,3
2020-07-03 15,38.7,46.58,40.25,31.0,37.53,996,2.1,330,0.0,90,0,3
2020-07-03 16,37.2,54.02,42.71,34.0,37.34,995,1.5,330,0.0,75,0,2
2020-07-03 17,37.25,54.85,41.9,31.6,36.87,994,2.1,320,0.0,75,0,2
2020-07-03 18,36.6,56.8,43.36,34.0,36.84,995,1.5,330,0.0,75,0,2
2020-07-03 19,35.23,61.77,41.84,33.0,35.77,995,1.5,330,0.0,75,0,2
2020-07-03 20,34.27,64.83,40.23,32.76,34.0,996,2.1,320,0.0,40,0,2
2020-07-03 21,33.55,64.28,39.77,32.2,34.0,997,2.1,320,0.0,40,0,2
2020-07-03 22,33.17,65.38,37.45,30.89,33.0,998,3.6,320,0.0,40,0,2
2020-07-03 23,32.95,65.28,36.55,30.38,33.0,998,3.6,320,0.0,40,0,2
2020-07-04 00,32.85,65.55,36.24,29.94,32.8,998,3.6,320,0.0,40,0,2
2020-07-04 01,32.67,64.3,37.2,28.89,32.0,998,1.5,320,0.0,40,0,2
2020-07-04 02,32.33,63.28,36.28,28.76,32.0,998,1.5,320,0.0,40,0,2
2020-07-04 03,31.55,68.3,35.88,27.25,32.0,998,1.5,320,0.0,40,0,2
2020-07-04 04,30.73,74.97,34.24,26.98,30.2,998,3.1,320,0.0,40,2,2
2020-07-04 05,30.03,82.5,34.22,28.0,30.2,998,3.1,320,0.0,40,2,2
2020-07-04 06,30.02,85.18,35.12,28.09,31.0,998,3.1,320,0.0,40,2,2
2020-07-04 07,30.27,84.47,37.06,28.2,31.0,999,2.1,330,0.0,75,2,3
2020-07-04 08,31.0,80.85,37.03,28.2,33.2,999,2.6,320,0.0,75,2,3
2020-07-04 09,32.05,76.08,37.19,28.2,33.2,999,2.6,320,0.0,75,2,3
2020-07-04 10,33.62,69.55,37.82,30.25,36.0,999,3.1,340,0.0,75,0,2
2020-07-04 11,34.8,65.0,38.63,31.8,36.0,999,3.6,90,0.0,40,0,2
2020-07-04 12,35.28,58.55,39.01,31.8,37.0,999,3.1,50,0.0,40,0,2
2020-07-04 13,35.52,54.3,39.78,34.16,38.0,998,2.6,50,0.0,40,0,2
2020-07-04 14,36.22,51.47,39.5,34.09,39.4,997,4.1,90,0.0,40,0,1
2020-07-04 15,36.85,48.05,39.46,34.35,36.24,996,3.6,120,0.0,40,0,1
2020-07-04 16,37.6,45.92,38.38,32.8,39.0,994,4.1,110,0.0,20,0,2
2020-07-04 17,37.1,46.35,40.0,35.0,37.6,993,3.1,110,0.0,2,0,1
2020-07-04 18,35.72,48.98,39.82,34.81,35.68,994,3.1,50,0.0,1,0,1
2020-07-04 19,34.15,53.9,38.7,33.33,35.0,995,3.1,50,0.0,1,0,1
2020-07-04 20,33.12,61.75,37.62,32.93,33.3,996,3.6,90,0.0,40,0,1
2020-07-04 21,32.55,70.12,36.64,32.0,33.35,997,3.6,90,0.0,40,0,2
2020-07-04 22,32.15,76.12,36.02,30.83,32.2,998,4.1,90,0.0,40,0,2
2020-07-04 23,31.88,78.1,35.96,30.41,32.2,997,4.1,90,0.0,40,0,3
2020-07-05 00,31.5,79.12,35.58,29.86,32.2,998,4.1,90,0.0,40,0,3
2020-07-05 01,31.33,80.88,34.9,28.44,31.0,998,3.6,110,0.0,75,2,3
2020-07-05 02,31.18,81.22,34.73,28.17,31.0,998,3.6,110,0.0,75,2,3
2020-07-05 03,31.03,80.85,34.0,26.16,31.0,998,3.6,110,0.0,75,2,2
2020-07-05 04,24.55,93.9,27.65,23.0,26.2,1000,2.6,110,8.0,90,4,2
2020-07-05 05,23.73,98.65,28.59,23.4,26.91,1000,2.6,110,8.0,90,4,1
2020-07-05 06,23.58,93.97,28.19,23.0,26.6,1000,2.6,50,1.5,90,4,1
2020-07-05 07,23.62,92.67,27.76,23.0,26.28,1000,2.6,50,1.5,90,4,1
2020-07-05 08,24.77,85.82,27.95,23.2,26.1,1001,3.1,320,0.0,75,2,1
2020-07-05 09,25.85,83.73,28.92,23.2,26.03,1000,2.1,30,0.0,75,2,1
2020-07-05 10,26.6,80.25,33.22,27.0,28.68,1000,1.0,70,0.0,75,2,1
2020-07-05 11,27.82,77.05,34.05,26.6,29.96,1000,1.0,70,0.0,75,2,1
2020-07-05 12,30.23,69.3,35.67,29.9,30.69,999,2.1,80,0.0,40,2,1
2020-07-05 13,31.9,65.28,38.21,32.0,33.86,998,2.6,50,0.0,40,0,1
2020-07-05 14,33.05,61.9,39.15,32.4,33.78,997,1.0,50,0.0,40,0,1
2020-07-05 15,33.85,58.1,40.24,32.64,34.53,997,1.0,340,0.0,40,0,1
2020-07-05 16,34.08,58.35,40.21,32.88,34.43,996,1.0,50,0.0,20,0,2
2020-07-05 17,33.95,58.78,40.55,33.29,34.42,995,1.5,340,0.0,20,0,1
2020-07-05 18,32.88,62.62,39.17,33.0,34.0,996,2.6,20,0.0,20,0,1
2020-07-05 19,31.4,68.5,37.99,31.62,34.0,996,2.6,20,0.0,20,0,1
2020-07-05 20,30.7,71.62,37.31,30.2,31.75,996,2.6,50,0.0,20,2,1
2020-07-05 21,30.18,75.03,36.55,30.0,31.1,997,2.6,50,0.0,20,2,1
2020-07-05 22,29.85,77.2,35.87,28.97,30.0,998,1.5,50,0.0,20,2,2
2020-07-05 23,29.85,77.08,35.52,29.0,30.0,998,1.5,50,0.0,20,2,2
2020-07-06 00,29.52,78.78,34.9,28.65,29.45,998,1.5,50,0.0,20,2,2
2020-07-06 01,29.25,81.15,33.7,27.2,29.0,998,2.6,90,0.0,20,2,2
2020-07-06 02,28.9,85.4,33.2,27.2,29.0,998,2.6,90,0.0,20,2,2
2020-07-06 03,28.6,88.12,33.6,27.2,29.0,997,2.6,90,0.0,20,2,2
2020-07-06 04,28.32,90.38,33.52,27.95,28.28,997,2.1,30,0.0,20,2,2
2020-07-06 05,28.17,91.5,33.81,26.8,29.28,997,1.5,50,0.0,20,2,2
2020-07-06 06,28.02,92.45,34.47,26.8,30.56,993,2.1,80,0.0,40,2,2
2020-07-06 07,28.6,90.85,36.01,29.0,31.11,994,2.1,80,0.0,40,2,2
2020-07-06 08,29.7,87.1,37.64,30.0,32.0,994,2.1,70,0.0,40,2,3
2020-07-06 09,30.62,82.98,37.81,30.0,32.0,998,2.1,70,0.0,40,2,3
2020-07-06 10,32.7,73.92,38.58,30.2,34.0,999,2.1,90,0.0,75,0,3
2020-07-06 11,33.8,68.78,40.93,33.0,35.0,999,2.1,90,0.0,75,0,3
2020-07-06 12,34.8,62.85,41.65,33.94,35.0,998,1.0,90,0.0,75,0,2
2020-07-06 13,33.0,64.72,39.99,34.0,35.0,998,3.6,30,0.0,75,0,2
2020-07-06 14,32.38,73.2,41.33,34.0,35.2,997,2.6,50,0.0,75,0,2
2020-07-06 15,35.28,61.95,42.25,34.0,35.0,997,1.5,60,0.0,75,0,2
2020-07-06 16,35.65,58.88,41.63,33.04,35.0,995,2.1,90,0.0,75,0,2
2020-07-06 17,34.58,61.22,40.85,32.6,34.8,995,2.1,90,0.0,75,0,2
2020-07-06 18,32.6,65.42,40.16,33.0,34.4,996,2.1,90,0.0,75,0,2
2020-07-06 19,32.25,66.18,35.4,32.0,32.79,997,4.6,110,0.0,40,0,2
2020-07-06 20,31.42,66.33,33.75,30.68,31.01,998,4.6,110,0.0,40,0,1
2020-07-06 21,30.88,68.92,36.36,30.0,31.06,998,1.5,90,0.0,40,2,1
2020-07-06 22,30.57,71.03,33.26,29.73,30.27,1000,3.6,100,0.0,40,0,1
2020-07-06 23,30.02,75.62,34.89,29.0,29.84,999,2.6,70,0.0,40,2,2
2020-07-07 00,29.72,78.33,34.56,29.0,29.62,999,2.6,70,0.0,40,2,2
2020-07-07 01,29.6,80.6,34.79,28.2,29.0,999,2.6,70,0.0,40,2,2
2020-07-07 02,29.07,84.42,34.61,28.2,29.0,999,2.6,70,0.0,40,2,2
2020-07-07 03,28.82,83.05,34.46,27.65,29.0,999,2.6,70,0.0,40,2,2
2020-07-07 04,28.6,81.32,33.95,27.57,29.0,999,2.1,70,0.0,40,2,1
2020-07-07 05,28.2,86.95,33.54,27.8,28.87,999,2.1,70,0.0,40,2,1
2020-07-07 06,28.12,87.47,33.58,27.8,28.92,1000,2.1,70,0.0,40,2,1
2020-07-07 07,29.07,84.42,35.86,28.8,32.0,997,2.1,90,0.0,40,2,2
2020-07-07 08,30.57,77.12,36.84,28.8,32.0,997,2.1,90,0.0,40,2,2
2020-07-07 09,30.4,75.08,36.31,28.8,33.0,997,3.1,90,0.0,75,0,2
2020-07-07 10,31.5,70.33,36.77,30.93,34.0,997,3.6,320,0.0,75,0,2
2020-07-07 11,32.38,67.15,37.8,31.0,34.2,997,3.1,70,0.0,40,0,1
2020-07-07 12,32.9,65.75,38.51,32.22,34.0,997,2.6,80,0.0,75,0,1
2020-07-07 13,32.5,67.78,37.14,31.6,35.0,1001,4.6,70,0.0,75,0,1
2020-07-07 14,32.6,66.92,35.35,29.0,33.36,1000,4.1,70,0.0,75,0,1
2020-07-07 15,32.3,63.23,34.1,29.38,31.6,1001,5.1,70,0.0,75,0,1
2020-07-07 16,31.05,66.03,34.8,29.07,31.8,1000,4.1,90,0.0,75,0,1
2020-07-07 17,29.23,74.38,34.01,28.7,31.8,999,4.6,90,0.0,75,2,1
2020-07-07 18,27.3,86.75,33.42,27.6,30.0,1000,4.1,90,0.0,75,2,1
2020-07-07 19,26.77,94.1,32.67,27.5,29.0,1001,4.1,90,0.0,75,2,1
2020-07-07 20,27.35,91.3,31.46,26.45,28.2,1001,4.1,70,0.0,75,2,1
2020-07-07 21,27.88,89.0,31.48,26.25,28.2,1002,4.1,70,0.0,75,2,1
2020-07-07 22,28.3,87.32,33.0,26.19,28.8,1003,2.6,90,0.0,75,2,1
2020-07-07 23,28.4,87.45,33.25,26.54,28.8,1003,2.6,90,0.0,75,2,1
2020-07-08 00,28.2,87.53,32.28,26.58,28.8,1003,2.6,90,0.0,75,2,1
2020-07-08 01,28.15,87.72,31.52,26.13,28.0,1002,3.1,90,0.0,75,2,1
2020-07-08 02,28.1,88.62,31.69,26.14,28.0,1002,3.1,90,0.0,75,2,1
2020-07-08 03,28.02,89.38,31.56,26.29,28.0,1002,3.1,90,0.0,75,2,1
2020-07-08 04,28.0,89.52,31.84,26.53,28.2,1002,4.1,110,0.0,75,2,1
2020-07-08 05,28.05,88.98,32.07,27.37,28.2,1002,4.1,110,0.0,75,2,1
2020-07-08 06,28.1,89.0,32.99,27.42,29.0,998,3.6,90,0.0,75,2,1
2020-07-08 07,28.38,88.8,33.19,27.2,29.0,1000,3.6,90,0.0,75,2,1
2020-07-08 08,28.73,88.35,34.56,27.2,30.56,999,2.6,320,0.0,75,2,2
2020-07-08 09,29.32,86.2,35.97,27.2,30.56,1000,1.5,330,0.0,75,2,2
2020-07-08 10,29.98,83.6,36.26,28.8,31.0,1000,3.6,330,0.0,75,2,2
2020-07-08 11,30.85,79.57,37.25,29.71,32.2,999,2.6,320,0.0,75,2,2
2020-07-08 12,31.18,77.88,37.86,30.37,33.0,999,2.6,320,0.0,75,2,2
2020-07-08 13,32.83,71.78,38.5,32.59,33.24,1001,4.1,320,0.0,75,2,2
2020-07-08 14,33.88,65.58,41.12,33.0,35.2,1000,2.6,320,0.0,75,0,2
2020-07-08 15,35.0,61.65,40.4,31.64,36.0,1001,3.6,320,0.0,75,0,1
2020-07-08 16,35.17,59.5,40.15,31.59,36.0,1001,2.6,320,0.0,75,0,1
2020-07-08 17,34.45,61.73,34.42,30.0,33.0,1000,5.1,320,0.0,75,0,1
2020-07-08 18,31.35,74.9,35.04,29.0,32.4,1001,4.1,320,0.0,75,0,1
2020-07-08 19,30.33,74.38,36.48,28.0,32.22,996,1.0,320,0.0,75,2,1
2020-07-08 20,29.88,79.4,35.07,28.0,29.8,1000,1.0,320,0.0,75,2,1
2020-07-08 21,30.02,80.7,35.58,29.0,29.8,1001,1.0,320,0.0,75,2,1
2020-07-08 22,30.2,80.6,35.31,28.97,29.4,1001,1.32,112,0.0,75,2,2
2020-07-08 23,30.17,81.22,34.65,28.2,29.4,1001,1.55,125,0.0,75,2,2
2020-07-09 00,29.83,82.75,35.02,28.54,29.4,1001,1.49,129,0.0,75,2,2
2020-07-09 01,29.8,81.88,35.43,28.28,29.44,996,1.24,137,0.0,75,2,2
2020-07-09 02,29.38,84.68,35.29,28.02,29.44,995,1.27,131,0.0,75,2,1
2020-07-09 03,28.85,86.7,35.28,27.69,29.0,995,0.95,109,0.0,75,2,1
2020-07-09 04,28.68,88.08,35.02,27.75,28.23,1000,0.91,125,0.0,40,2,1
2020-07-09 05,28.88,88.65,35.78,28.0,29.33,999,0.66,133,0.0,75,2,4
2020-07-09 06,28.62,89.05,34.9,28.0,30.0,996,1.5,320,0.0,40,2,4
2020-07-09 07,29.62,85.2,36.22,29.0,30.56,996,1.5,320,0.0,40,2,3
2020-07-09 08,31.8,75.65,36.51,29.27,31.0,997,2.1,320,0.0,20,2,3
2020-07-09 09,33.33,67.0,36.01,29.12,33.0,996,2.6,320,0.0,40,0,2
2020-07-09 10,33.88,65.62,36.96,30.42,33.2,1000,2.6,290,0.0,75,0,2
2020-07-09 11,35.05,60.88,38.3,32.06,34.0,999,2.6,320,0.0,75,0,2
2020-07-09 12,35.95,56.6,38.36,32.23,35.0,999,2.1,250,0.0,75,0,2
2020-07-09 13,36.48,53.75,41.43,34.22,35.0,998,1.5,200,0.0,75,0,2
2020-07-09 14,36.55,52.4,40.16,34.83,36.4,997,3.1,230,0.0,20,0,2
2020-07-09 15,37.35,48.78,40.78,34.44,37.0,996,2.6,250,0.0,75,0,2
2020-07-09 16,38.08,46.75,40.15,34.72,38.0,996,2.6,250,0.0,75,0,2
2020-07-09 17,37.7,47.35,40.65,34.61,36.2,995,2.6,250,0.0,75,0,2
2020-07-09 18,36.95,48.85,40.15,34.0,35.12,996,2.6,250,0.0,75,0,2
2020-07-09 19,35.67,53.7,39.05,33.23,34.0,996,2.6,250,0.0,75,0,2
2020-07-09 20,34.3,60.88,38.04,32.0,32.8,996,2.1,230,0.0,20,0,2
2020-07-09 21,33.73,64.25,38.32,32.0,32.38,997,1.97,200,0.0,40,0,1
2020-07-09 22,33.0,67.05,36.75,30.48,33.0,997,3.1,270,0.0,40,0,1
2020-07-09 23,32.58,70.2,35.55,29.78,32.0,997,3.1,270,0.0,40,0,1
2020-07-10 00,31.82,73.65,35.57,29.3,32.0,997,3.1,270,0.0,40,0,2
2020-07-10 01,31.48,74.18,35.88,28.59,31.0,996,2.1,230,0.0,75,2,1
2020-07-10 02,31.48,75.48,35.47,28.09,31.0,996,2.1,230,0.0,75,2,1
2020-07-10 03,31.48,75.15,35.93,28.74,31.0,996,2.1,230,0.0,75,2,1
2020-07-10 04,31.23,75.97,36.02,28.55,31.0,995,2.1,250,0.0,40,2,1
2020-07-10 05,31.4,71.75,35.45,29.4,30.29,995,2.1,250,0.0,40,2,1
2020-07-10 06,31.2,71.42,34.56,29.4,31.59,996,3.1,250,0.0,75,2,1
2020-07-10 07,31.6,69.65,35.67,30.0,32.74,997,3.1,250,0.0,75,2,1
2020-07-10 08,32.67,68.22,36.27,31.8,32.85,997,4.1,250,0.0,40,0,1
2020-07-10 09,33.98,65.9,37.02,32.38,34.0,998,5.1,260,0.0,40,0,1
2020-07-10 10,34.85,63.58,39.36,33.78,35.0,998,4.6,230,0.0,40,0,1
2020-07-10 11,35.6,60.3,41.82,35.0,36.13,997,3.1,270,0.0,75,0,2
2020-07-10 12,36.25,56.08,40.76,35.0,36.31,998,3.1,270,0.0,75,0,2
2020-07-10 13,38.15,48.23,40.65,35.0,37.93,997,4.6,230,0.0,75,0,2
2020-07-10 14,38.88,45.2,41.99,35.8,38.12,996,3.1,250,0.0,75,0,1
2020-07-10 15,39.0,44.22,40.69,35.79,38.0,995,4.1,250,0.0,75,0,1
2020-07-10 16,39.18,43.25,42.28,35.8,39.0,994,3.6,250,0.0,75,0,1
2020-07-10 17,39.0,42.73,42.84,35.8,39.0,993,2.6,230,0.0,40,0,2
2020-07-10 18,38.3,44.83,44.04,35.8,39.0,994,1.5,270,0.0,75,0,1
2020-07-10 19,37.3,48.45,41.89,34.71,37.0,995,1.5,270,0.0,75,0,1
2020-07-10 20,36.2,50.95,41.08,33.01,36.0,995,2.05,242,0.0,40,0,1
2020-07-10 21,35.73,54.65,39.82,32.5,35.0,996,2.28,252,0.0,40,0,1
2020-07-10 22,32.9,64.9,33.57,30.22,32.0,998,2.6,250,0.0,75,5,2
2020-07-10 23,31.75,64.45,33.92,29.74,31.2,997,2.6,180,0.0,40,0,1
2020-07-11 00,31.85,62.05,33.64,29.53,31.0,997,2.1,240,0.0,75,0,1
2020-07-11 01,31.5,63.22,31.26,28.84,30.0,997,5.1,340,0.0,75,5,1
2020-07-11 02,26.27,87.65,32.82,26.5,29.48,997,3.6,340,0.0,75,2,1
2020-07-11 03,25.1,96.02,30.83,26.0,28.42,997,3.6,340,0.0,75,2,1
2020-07-11 04,25.52,94.4,32.13,25.0,28.69,997,1.5,20,0.0,75,2,1
2020-07-11 05,25.12,95.72,32.23,25.0,29.05,997,1.5,20,0.0,75,2,1
2020-07-11 06,25.2,95.03,32.45,25.0,29.16,998,1.5,20,0.0,75,2,1
2020-07-11 07,25.85,90.35,33.43,27.0,30.0,999,1.5,340,0.0,75,2,1
2020-07-11 08,26.68,86.1,33.04,26.8,30.08,999,2.1,340,0.0,75,2,1
2020-07-11 09,26.45,87.43,34.21,28.0,30.03,999,1.0,50,0.0,75,2,1
2020-07-11 10,28.57,75.95,36.83,31.0,31.91,999,1.0,120,0.0,40,0,1
2020-07-11 11,32.42,60.88,37.21,31.0,33.75,998,2.6,200,0.0,40,0,1
2020-07-11 12,34.35,57.0,37.92,33.2,35.0,998,4.1,240,0.0,75,0,1
2020-07-11 13,35.0,56.45,38.68,34.0,35.5,998,3.6,250,0.0,75,0,1
2020-07-11 14,34.42,59.25,39.93,34.07,35.35,997,2.6,230,0.0,75,0,1
2020-07-11 15,36.27,54.53,41.05,34.51,36.0,997,2.1,230,0.0,40,0,1
2020-07-11 16,36.75,53.05,42.26,33.6,37.0,996,1.5,230,0.0,40,0,1
2020-07-11 17,36.65,52.88,41.66,33.6,37.0,995,2.1,180,0.0,40,0,1
2020-07-11 18,36.4,55.03,41.8,33.6,35.68,996,1.0,150,0.0,40,0,1
2020-07-11 19,34.42,65.2,41.55,33.52,35.0,996,1.0,150,0.0,40,0,1
2020-07-11 20,33.0,71.25,40.88,32.46,33.6,996,1.5,70,0.0,20,2,2
2020-07-11 21,32.4,74.55,41.41,32.42,34.0,996,1.5,70,0.0,20,2,1
2020-07-11 22,32.17,75.65,40.29,31.37,33.0,997,1.5,70,0.0,40,2,2
2020-07-11 23,31.88,77.8,39.27,31.03,32.0,997,1.5,70,0.0,40,2,2
2020-07-12 00,31.6,78.5,39.38,30.94,32.0,997,1.5,70,0.0,40,2,3
2020-07-12 01,31.45,79.67,38.28,29.75,31.23,997,1.5,90,0.0,40,2,2
2020-07-12 02,31.05,82.03,38.09,28.83,31.11,992,1.5,90,0.0,40,2,2
2020-07-12 03,30.85,81.8,37.71,28.08,31.0,997,1.5,90,0.0,40,2,2
2020-07-12 04,30.15,85.12,37.95,27.56,31.0,992,1.27,329,0.0,20,2,2
2020-07-12 05,29.4,89.35,37.21,27.65,31.0,998,1.29,348,0.0,20,2,2
2020-07-12 06,27.08,83.25,33.08,26.0,29.47,1000,3.1,360,0.0,75,2,2
2020-07-12 07,25.48,84.15,33.52,26.0,29.74,1000,2.6,340,0.0,75,2,1
2020-07-12 08,26.88,76.45,30.48,26.2,29.62,1000,4.1,50,0.0,75,2,1
2020-07-12 09,28.45,68.12,32.18,28.81,29.6,1001,3.1,40,0.0,75,0,1
2020-07-12 10,29.2,66.15,33.1,29.0,31.31,1002,2.6,320,0.0,75,0,1
2020-07-12 11,28.82,70.5,32.17,29.0,32.67,1001,4.1,320,0.0,75,0,1
2020-07-12 12,28.3,67.38,33.24,29.0,32.66,1001,2.1,70,0.0,75,0,1
2020-07-12 13,29.25,65.43,34.62,30.0,34.03,1000,1.5,270,0.0,75,0,1
2020-07-12 14,32.38,54.85,36.02,31.0,34.05,998,2.6,230,0.0,75,0,1
2020-07-12 15,34.5,47.67,36.7,31.0,34.0,998,1.5,250,0.0,40,0,1
2020-07-12 16,34.92,50.95,38.22,31.65,35.0,997,1.5,240,0.0,40,0,1
2020-07-12 17,34.23,55.55,38.17,30.88,35.0,996,2.1,320,0.0,40,0,2
2020-07-12 18,33.17,59.88,36.98,30.33,34.0,998,2.6,340,0.0,20,0,1
2020-07-12 19,31.62,66.18,36.89,30.13,34.0,998,2.6,340,0.0,20,0,1
2020-07-12 20,30.82,68.0,36.9,28.58,31.0,998,1.0,290,0.0,20,2,1
2020-07-12 21,29.93,67.68,36.7,28.01,31.0,999,1.0,290,0.0,20,2,1
2020-07-12 22,29.05,70.65,34.28,27.03,29.0,1000,1.0,270,0.0,20,2,1
2020-07-12 23,28.47,74.68,33.84,26.81,29.0,999,1.0,270,0.0,20,2,1
2020-07-13 00,27.82,79.52,34.25,27.03,29.0,999,1.0,270,0.0,20,2,1
2020-07-13 01,27.03,82.7,34.25,26.6,29.0,998,1.0,270,0.0,20,2,1
2020-07-13 02,28.0,79.4,33.76,26.51,29.0,999,1.0,270,0.0,20,2,2
2020-07-13 03,27.55,79.8,32.42,26.12,27.6,999,1.0,270,0.0,20,2,4
2020-07-13 04,27.35,81.17,32.03,26.42,27.2,999,1.5,230,0.0,20,2,2
2020-07-13 05,27.27,83.08,32.36,27.0,27.22,999,1.5,230,0.0,20,2,1
2020-07-13 06,27.33,82.05,32.39,27.0,27.43,999,1.5,230,0.0,20,2,1
2020-07-13 07,29.33,72.8,33.86,28.0,29.6,1000,1.5,230,0.0,40,2,1
2020-07-13 08,31.05,66.6,33.77,29.0,30.6,1000,2.6,250,0.0,40,0,1
2020-07-13 09,33.2,59.15,34.92,29.6,33.0,1000,3.1,230,0.0,40,0,2
2020-07-13 10,34.55,53.77,36.76,32.94,34.0,1000,3.1,230,0.0,40,0,2
2020-07-13 11,35.77,47.38,38.38,33.2,35.6,1000,2.6,340,0.0,40,0,2
2020-07-13 12,36.3,45.58,38.0,33.2,36.0,1000,2.6,340,0.0,40,0,2
2020-07-13 13,36.97,44.33,38.63,34.52,36.0,999,3.1,250,0.0,40,0,2
2020-07-13 14,37.07,44.2,39.69,34.8,37.4,997,3.1,270,0.0,40,0,2
2020-07-13 15,37.3,44.88,39.08,34.8,37.0,997,3.1,270,0.0,40,0,1
2020-07-13 16,37.38,45.17,39.31,34.0,36.0,996,2.6,320,0.0,40,0,2
2020-07-13 17,36.35,48.9,38.94,34.6,35.8,996,2.6,320,0.0,40,0,2
2020-07-13 18,34.77,53.95,38.83,34.0,34.83,996,2.6,280,0.0,40,0,2
2020-07-13 19,33.92,57.22,38.99,32.6,34.0,996,2.1,340,0.0,40,0,2
2020-07-13 20,33.17,61.1,37.58,31.17,33.0,997,2.1,340,0.0,40,0,1
2020-07-13 21,32.58,65.38,37.45,31.08,33.0,997,2.1,340,0.0,40,0,2
2020-07-13 22,32.22,67.75,38.01,30.12,33.0,999,1.0,340,0.0,40,0,2
2020-07-13 23,31.1,74.28,36.92,30.2,32.0,999,1.0,340,0.0,40,0,3
2020-07-14 00,31.38,72.83,36.43,30.29,31.4,999,1.0,340,0.0,40,0,4
2020-07-14 01,31.7,70.85,35.25,29.68,30.0,999,2.1,230,0.0,75,2,3
2020-07-14 02,31.25,74.05,34.93,29.0,30.4,999,2.1,230,0.0,75,2,2
2020-07-14 03,31.08,73.65,33.82,28.63,29.12,999,2.22,209,0.0,40,2,2
2020-07-14 04,30.85,70.9,34.37,28.8,29.09,999,2.1,230,0.0,40,2,1
2020-07-14 05,30.05,73.03,34.86,28.8,30.31,999,2.1,230,0.0,40,2,1
2020-07-14 06,29.3,78.0,34.78,28.8,29.98,1000,2.1,230,0.0,40,2,1
2020-07-14 07,31.02,70.68,35.44,30.0,32.0,1000,2.1,250,0.0,40,0,1
2020-07-14 08,33.5,61.52,36.69,30.71,32.0,1000,2.1,250,0.0,40,0,1
2020-07-14 09,34.85,56.77,36.89,30.96,32.06,1000,2.1,250,0.0,40,0,1
2020-07-14 10,35.6,54.6,38.69,33.06,34.4,1001,2.1,280,0.0,40,0,2
2020-07-14 11,36.83,51.17,42.8,34.4,36.8,1000,1.0,270,0.0,40,0,2
2020-07-14 12,36.92,51.58,42.91,34.4,36.16,1000,1.0,270,0.0,40,0,2
2020-07-14 13,37.77,48.62,43.62,36.39,37.8,999,1.5,340,0.0,40,0,2
2020-07-14 14,37.9,45.65,44.24,36.57,38.0,998,1.5,340,0.0,40,0,2
2020-07-14 15,38.9,44.55,44.27,36.19,38.0,998,1.5,340,0.0,40,0,2
2020-07-14 16,37.85,48.25,42.89,36.17,37.6,997,2.1,340,0.0,40,0,2
2020-07-14 17,37.42,49.0,42.84,36.49,37.6,997,2.1,340,0.0,40,0,2
2020-07-14 18,36.58,51.07,42.92,36.39,37.6,997,2.1,340,0.0,40,0,2
2020-07-14 19,35.75,53.85,44.05,34.6,36.0,998,1.0,50,0.0,40,0,2
2020-07-14 20,35.0,56.77,42.17,33.21,35.0,998,1.0,50,0.0,40,0,2
2020-07-14 21,34.48,61.12,41.46,32.83,34.6,999,1.0,50,0.0,40,0,2
2020-07-14 22,34.0,65.8,39.04,31.6,34.0,1000,4.1,90,0.0,40,2,2
2020-07-14 23,33.25,70.0,38.43,31.12,34.0,1000,4.1,90,0.0,40,2,2
2020-07-15 00,32.78,70.2,37.99,31.11,33.2,1000,4.1,90,0.0,40,2,2
2020-07-15 01,32.12,70.3,38.82,30.28,32.78,995,2.1,70,0.0,40,2,2
2020-07-15 02,31.6,73.7,38.48,30.04,32.22,995,2.1,70,0.0,40,2,2
2020-07-15 03,31.35,77.2,36.94,28.62,31.6,1000,2.1,70,0.0,40,2,2
2020-07-15 04,31.05,75.78,35.51,28.34,30.0,1000,2.6,70,0.0,40,2,2
2020-07-15 05,30.6,77.92,36.02,29.43,30.2,1000,2.6,70,0.0,40,2,2
2020-07-15 06,29.9,83.8,36.04,29.11,30.56,996,2.6,70,0.0,40,2,2
2020-07-15 07,30.35,84.1,35.11,29.2,32.6,1002,4.1,70,0.0,40,2,2
2020-07-15 08,31.2,79.58,36.62,29.2,32.6,1001,4.1,70,0.0,40,2,2
2020-07-15 09,32.65,73.55,37.99,29.2,34.0,1002,4.1,70,0.0,40,2,2
2020-07-15 10,31.35,70.02,38.98,29.8,33.6,1002,1.5,70,0.0,40,0,2
2020-07-15 11,29.35,73.58,41.39,31.97,35.4,1001,1.5,70,0.0,40,0,2
2020-07-15 12,32.8,61.9,40.9,32.27,34.0,1001,1.5,70,0.0,40,0,1
2020-07-15 13,35.17,53.83,41.59,33.69,35.2,1000,1.0,50,0.0,40,0,1
2020-07-15 14,36.15,51.3,41.11,34.0,35.2,999,1.0,50,0.0,40,0,2
2020-07-15 15,36.57,51.6,42.36,33.87,36.0,998,1.0,50,0.0,40,0,2
2020-07-15 16,36.25,52.38,40.34,33.8,36.8,997,2.1,110,0.0,40,0,2
2020-07-15 17,36.08,51.62,41.0,33.8,37.6,997,2.1,110,0.0,40,0,2
2020-07-15 18,35.35,53.33,39.8,33.8,36.8,997,2.1,110,0.0,40,0,2
2020-07-15 19,34.25,56.93,40.95,32.6,34.17,998,2.1,70,0.0,20,2,2
2020-07-15 20,33.35,62.62,39.98,31.55,33.0,998,2.1,70,0.0,20,2,2
2020-07-15 21,32.62,66.02,39.95,31.23,33.0,999,2.1,70,0.0,20,2,2
2020-07-15 22,31.8,68.05,37.67,29.93,33.33,996,2.6,50,0.0,20,2,1
2020-07-15 23,31.4,71.3,36.16,29.6,31.2,1001,2.6,50,0.0,20,2,1
2020-07-16 00,30.9,75.65,36.03,29.53,31.0,1001,2.6,50,0.0,20,2,1
2020-07-16 01,30.45,77.68,34.64,28.99,30.0,1000,2.6,70,0.0,20,2,2
2020-07-16 02,30.12,78.58,34.63,28.93,30.0,1000,2.6,70,0.0,20,2,2
2020-07-16 03,30.05,79.15,34.77,28.17,31.11,995,2.6,70,0.0,20,2,2
2020-07-16 04,29.83,80.5,35.29,27.84,31.11,995,2.6,90,0.0,40,2,1
2020-07-16 05,29.62,82.9,34.99,28.72,30.0,1000,2.6,90,0.0,40,2,2
2020-07-16 06,29.52,82.9,35.0,28.57,30.0,1000,2.6,90,0.0,40,2,1
2020-07-16 07,30.08,81.95,36.89,29.06,31.11,996,1.5,90,0.5,75,4,1
2020-07-16 08,30.4,81.18,37.28,28.86,32.22,997,1.5,90,0.5,75,4,2
2020-07-16 09,31.33,76.7,37.34,28.78,32.22,996,1.5,90,0.5,75,4,2
2020-07-16 10,32.6,71.95,37.06,31.12,33.4,995,4.1,100,0.0,75,0,2
2020-07-16 11,34.4,63.15,40.55,32.45,35.0,1000,2.1,90,0.0,40,0,2
2020-07-16 12,35.38,56.78,40.5,32.31,35.0,1000,2.1,90,0.0,40,0,2
2020-07-16 13,36.35,52.2,38.89,33.82,35.0,999,3.6,100,0.0,75,0,2
2020-07-16 14,36.22,52.33,42.05,34.2,37.4,998,2.1,70,0.0,40,0,2
2020-07-16 15,36.17,52.73,37.94,34.16,35.1,998,3.6,90,0.0,75,0,1
2020-07-16 16,35.4,56.8,39.89,33.6,34.5,996,2.1,70,0.0,40,0,1
2020-07-16 17,33.52,61.72,39.43,33.0,34.53,996,2.1,70,0.0,40,0,1
2020-07-16 18,33.25,61.0,38.38,32.0,34.13,996,2.1,70,0.0,40,0,1
2020-07-16 19,33.1,62.17,38.09,32.0,33.45,997,2.7,104,0.0,40,2,1
2020-07-16 20,32.5,67.32,38.0,30.87,32.8,997,2.27,106,0.0,40,2,1
2020-07-16 21,32.35,69.9,36.81,30.82,32.0,998,2.3,109,0.0,40,2,1
2020-07-16 22,32.27,69.55,38.94,30.5,32.22,994,1.0,90,0.0,40,2,1
2020-07-16 23,32.23,69.65,38.59,30.3,32.0,999,1.0,90,0.0,40,2,2
2020-07-17 00,31.95,70.12,38.7,30.46,32.0,999,1.0,90,0.0,40,2,2
2020-07-17 01,31.55,70.95,36.02,30.01,31.67,994,2.6,90,0.0,40,0,2
2020-07-17 02,31.35,71.73,36.2,29.88,32.22,993,2.6,110,0.0,20,2,2
2020-07-17 03,30.92,74.07,33.07,27.9,30.0,1000,4.1,110,0.0,40,2,2
2020-07-17 04,30.52,76.55,36.74,28.29,31.11,994,1.0,70,0.0,40,2,2
2020-07-17 05,30.2,79.58,36.77,29.56,30.0,1000,1.0,70,0.0,40,2,1
2020-07-17 06,30.12,80.27,35.91,29.0,29.8,1000,1.0,70,0.0,40,2,1
2020-07-17 07,30.83,79.73,36.53,29.7,32.0,997,2.6,90,0.0,40,2,2
2020-07-17 08,31.62,76.3,37.67,29.69,32.0,997,2.6,90,0.0,40,2,2
2020-07-17 09,32.28,74.47,38.03,29.88,32.0,997,2.6,90,0.0,40,2,2
2020-07-17 10,32.35,73.65,37.42,31.72,34.8,1001,3.6,110,0.0,40,0,2
2020-07-17 11,30.23,83.1,39.08,33.0,35.6,1001,3.6,110,0.0,40,0,2
2020-07-17 12,33.0,73.62,38.93,33.61,34.8,1001,3.6,110,0.0,40,0,2
2020-07-17 13,35.18,63.67,40.11,34.41,35.6,999,3.1,90,0.0,40,0,2
2020-07-17 14,36.35,56.45,40.7,34.46,36.4,999,3.1,90,0.0,40,0,2
2020-07-17 15,37.1,51.98,39.79,33.88,35.6,999,3.1,90,0.0,40,0,2
2020-07-17 16,35.27,58.27,42.54,30.6,34.43,998,1.5,50,0.0,40,2,2
2020-07-17 17,34.12,64.28,42.03,30.6,34.33,998,1.5,50,0.0,40,2,2
2020-07-17 18,34.4,65.3,41.94,31.6,34.29,998,1.5,50,0.0,40,2,3
2020-07-17 19,33.8,67.08,38.64,32.46,33.17,999,2.6,60,0.0,75,0,3
2020-07-17 20,32.97,69.17,41.24,31.4,33.0,999,1.5,50,0.0,40,2,2
2020-07-17 21,32.65,71.95,41.37,31.4,33.0,999,1.5,50,0.0,40,2,2
2020-07-17 22,32.32,74.47,39.37,30.6,32.0,1000,2.1,90,0.0,40,2,2
2020-07-17 23,32.17,75.95,38.97,30.6,32.0,1000,2.1,90,0.0,40,2,2
2020-07-18 00,32.18,75.47,38.55,30.6,31.73,1001,2.1,90,0.0,40,2,2
2020-07-18 01,32.02,76.22,36.4,30.78,31.67,995,3.6,130,0.0,40,2,2
2020-07-18 02,31.88,75.7,38.35,30.0,31.67,996,1.5,110,0.0,40,2,2
2020-07-18 03,31.52,78.5,37.37,29.87,30.11,1000,1.5,110,0.0,40,2,2
2020-07-18 04,31.45,78.25,37.37,29.43,30.4,1000,1.0,90,0.0,40,2,2
2020-07-18 05,31.33,78.15,38.06,29.64,31.0,995,1.0,90,0.0,40,2,2
2020-07-18 06,31.2,79.15,37.37,29.5,30.4,1001,1.0,90,0.0,40,2,2
2020-07-18 07,31.12,80.15,38.1,29.96,31.6,996,1.5,110,0.0,40,2,2
2020-07-18 08,30.7,83.28,38.53,30.3,31.6,1002,1.5,110,0.0,40,2,2
2020-07-18 09,30.55,80.0,39.25,30.51,32.0,1002,1.5,110,0.0,40,2,2
2020-07-18 10,30.2,77.67,39.09,31.45,33.6,1003,2.6,20,0.0,75,0,2
2020-07-18 11,30.85,71.4,40.55,32.43,34.4,1003,2.6,20,0.0,75,0,2
2020-07-18 12,32.1,67.38,39.61,32.59,33.95,1002,2.6,20,0.0,75,0,1
2020-07-18 13,33.7,63.82,41.5,33.27,34.63,1001,1.5,70,0.0,75,0,1
2020-07-18 14,34.4,62.0,41.45,33.45,34.58,1000,1.5,70,0.0,75,0,1
2020-07-18 15,35.0,61.88,42.03,32.76,35.0,1000,1.5,70,0.0,75,0,1
2020-07-18 16,34.28,65.62,41.91,32.49,35.0,999,2.1,70,0.0,75,0,1
2020-07-18 17,33.23,69.05,41.67,32.39,35.4,998,2.1,70,0.0,75,0,1
2020-07-18 18,32.45,71.22,40.36,32.53,34.8,999,2.1,70,0.0,75,0,1
2020-07-18 19,31.98,73.5,39.02,31.49,32.52,1000,2.1,110,0.0,75,2,1
2020-07-18 20,31.58,75.0,38.68,30.74,32.0,1000,2.1,110,0.0,75,2,2
2020-07-18 21,31.5,76.9,38.73,30.94,32.0,1000,2.1,110,0.0,75,2,2
2020-07-18 22,31.1,78.67,37.9,30.37,31.2,1002,1.5,140,0.0,75,2,1
2020-07-18 23,30.83,78.38,37.43,30.0,31.2,1002,1.5,140,0.0,75,2,1
2020-07-19 00,30.83,74.85,37.16,30.0,30.72,1002,2.1,120,0.0,75,2,1
2020-07-19 01,30.65,74.1,36.11,29.52,30.6,1001,2.1,140,0.0,75,2,1
2020-07-19 02,30.17,75.75,36.45,29.35,31.11,996,2.1,140,0.0,75,2,1
2020-07-19 03,29.68,81.38,36.2,28.9,31.11,996,2.1,140,0.0,75,2,2
2020-07-19 04,28.3,94.08,36.68,28.2,30.0,1000,2.1,270,0.0,75,2,2
2020-07-19 05,28.4,93.22,35.68,28.2,29.0,1000,2.1,270,0.0,75,2,3
2020-07-19 06,28.15,95.65,35.82,28.2,29.11,1001,2.1,270,0.0,75,2,2
2020-07-19 07,26.98,98.53,34.22,25.4,31.11,998,2.6,230,0.5,90,4,2
2020-07-19 08,25.88,99.28,33.86,25.4,30.56,998,2.6,230,0.5,90,4,1
2020-07-19 09,25.85,98.6,34.32,25.4,31.11,998,2.6,230,0.5,90,4,1
2020-07-19 10,26.45,97.7,35.97,26.8,31.67,997,2.1,270,2.0,40,4,1
2020-07-19 10,26.45,97.7,35.97,26.8,31.67,997,2.1,270,2.0,40,2,1
2020-07-19 11,28.12,92.12,35.3,26.8,31.64,1001,2.1,270,1.15,40,4,1
2020-07-19 11,28.12,92.12,35.3,26.8,31.64,1001,2.1,270,1.15,40,2,1
2020-07-19 12,30.3,79.73,36.79,26.8,31.79,1001,2.1,270,2.0,40,4,1
2020-07-19 12,30.3,79.73,36.79,26.8,31.79,1001,2.1,270,2.0,40,2,1
2020-07-19 13,31.57,72.6,36.66,31.0,33.97,999,3.6,250,0.0,40,0,1
2020-07-19 14,33.45,66.22,37.69,32.0,34.62,998,3.6,250,0.0,40,0,1
2020-07-19 15,34.67,59.05,37.91,32.2,33.34,998,3.6,250,0.0,40,0,1
2020-07-19 16,34.95,59.58,40.04,32.2,34.0,996,1.5,250,0.0,40,0,1
2020-07-19 17,34.28,64.02,40.36,32.2,34.51,996,1.5,250,0.0,40,0,1
2020-07-19 18,33.58,66.78,40.19,32.2,34.8,992,1.5,250,0.0,40,0,1
2020-07-19 19,32.53,73.3,38.86,32.39,33.0,991,2.1,330,0.0,40,0,1
2020-07-19 20,30.93,83.62,39.33,31.07,33.0,992,2.1,270,0.0,40,2,1
2020-07-19 21,30.38,87.53,38.99,31.19,32.0,997,2.1,270,0.0,40,2,2
2020-07-19 22,29.95,88.9,39.29,29.73,32.78,993,1.54,270,1.0,40,5,2
2020-07-19 23,30.05,89.42,37.04,29.43,31.11,993,2.68,268,0.0,40,5,2
2020-07-20 00,30.75,83.92,34.09,26.0,31.67,993,2.15,251,4.0,40,5,2
2020-07-20 01,28.73,74.15,31.68,26.0,27.96,997,1.5,250,0.0,75,8,2
2020-07-20 02,27.93,75.6,31.82,26.0,28.07,997,1.5,250,0.0,75,8,1
2020-07-20 03,27.85,80.45,31.23,26.0,26.82,996,1.5,250,1.0,75,8,1
2020-07-20 04,28.0,78.62,31.2,26.0,26.67,997,1.5,230,0.0,40,2,1
2020-07-20 05,27.75,80.12,31.67,26.0,27.76,997,1.5,230,0.0,40,2,1
2020-07-20 06,27.27,84.9,31.54,26.0,27.56,998,1.5,230,0.0,40,2,1
2020-07-20 07,27.93,81.72,31.87,27.0,28.6,999,2.1,270,0.0,40,2,1
2020-07-20 08,28.55,76.98,32.84,28.0,28.84,999,2.1,270,0.0,40,2,1
2020-07-20 09,28.7,76.53,32.97,28.0,29.44,999,2.1,270,0.0,40,2,1
2020-07-20 10,29.02,74.0,33.37,28.0,29.95,999,1.5,270,0.0,75,2,1
2020-07-20 11,28.57,75.05,33.92,28.0,30.72,999,1.5,270,0.0,75,2,1
2020-07-20 12,29.07,74.38,34.44,28.4,31.3,999,1.5,270,0.0,75,2,1
2020-07-20 13,30.25,66.8,34.33,28.0,31.9,999,1.0,270,0.0,75,0,1
2020-07-20 14,29.7,69.68,35.26,28.0,32.19,997,1.0,270,0.0,75,0,1
2020-07-20 15,30.95,66.28,34.94,28.0,31.47,997,1.0,270,0.0,75,0,1
2020-07-20 16,32.3,59.57,37.37,30.77,32.4,992,1.0,250,0.0,40,0,1
2020-07-20 17,32.78,59.62,37.96,31.0,32.4,992,1.0,250,0.0,40,0,1
2020-07-20 18,32.27,61.25,38.28,31.75,32.4,992,1.0,250,0.0,40,0,1
2020-07-20 19,31.17,65.92,37.6,30.2,31.13,998,1.5,110,0.0,40,2,1
2020-07-20 20,29.65,76.78,36.88,28.86,31.67,993,1.5,110,0.0,40,2,1
2020-07-20 21,30.1,72.95,35.19,29.0,30.2,999,1.5,110,0.0,40,2,1
2020-07-20 22,30.08,72.72,33.99,26.83,29.4,999,2.1,110,1.0,75,5,1
2020-07-20 23,30.02,73.5,34.87,26.41,32.22,994,2.1,110,2.0,75,5,2
2020-07-21 00,28.6,83.15,31.12,26.0,29.4,999,2.1,110,0.0,75,5,2
2020-07-21 01,25.95,90.58,31.18,24.66,26.0,1000,1.0,110,0.0,75,8,1
2020-07-21 02,25.55,86.7,30.23,24.6,25.07,999,1.0,110,0.0,75,8,1
2020-07-21 03,24.8,91.05,30.43,24.8,25.1,999,1.0,110,0.0,75,8,1
2020-07-21 04,24.98,91.1,30.4,24.8,25.05,999,1.0,160,0.0,75,2,1
2020-07-21 05,25.27,90.67,30.47,24.6,25.68,999,1.0,160,0.0,75,2,1
2020-07-21 06,25.6,90.62,30.59,24.8,25.56,1000,1.0,160,0.0,75,2,1
2020-07-21 07,25.45,89.95,30.71,25.0,26.6,1001,1.0,110,0.0,75,2,1
2020-07-21 08,26.82,84.6,32.0,25.0,27.0,1001,1.0,110,0.0,75,2,1
2020-07-21 09,28.7,78.45,32.99,25.0,28.0,1001,1.0,110,0.0,75,2,2
2020-07-21 10,29.52,72.95,32.92,27.44,31.8,997,2.6,140,0.0,40,0,2
2020-07-21 11,31.98,62.62,33.68,28.2,31.8,998,2.6,140,0.0,40,0,2
2020-07-21 12,33.35,56.7,34.4,28.2,31.8,997,2.6,140,0.0,40,0,1
2020-07-21 13,34.12,55.78,31.52,26.8,31.0,1002,4.6,320,0.0,90,0,1
2020-07-21 14,27.95,89.93,28.5,24.0,28.94,1002,6.2,320,1.0,90,5,1
2020-07-21 15,24.57,96.3,28.06,24.0,29.0,1001,6.2,320,10.0,90,5,1
2020-07-21 16,24.65,99.3,32.43,25.0,26.85,1000,1.0,50,0.0,40,2,1
2020-07-21 17,25.45,99.3,33.61,26.2,28.0,1000,1.0,50,0.0,40,2,1
2020-07-21 18,27.15,92.38,34.99,26.8,28.53,1000,1.0,50,0.0,40,2,1
2020-07-21 19,26.98,90.05,33.53,25.8,27.98,1001,1.0,90,0.0,40,2,1
2020-07-21 20,26.27,93.25,32.35,25.8,26.88,1001,1.0,90,0.0,40,2,1
2020-07-21 21,26.0,92.2,32.29,25.8,26.96,1002,1.0,90,0.0,40,2,1
2020-07-21 22,26.15,91.47,32.39,25.41,26.32,1003,0.31,203,0.0,40,2,1
2020-07-21 23,26.23,91.1,32.18,25.6,26.32,1003,0.68,256,0.0,40,2,1
2020-07-22 00,26.45,90.8,31.89,25.6,26.25,1003,1.12,246,0.0,40,2,1
2020-07-22 01,26.62,91.47,30.88,24.8,26.26,1003,2.1,230,1.5,90,5,1
2020-07-22 02,26.4,94.47,29.65,24.0,26.23,1003,2.1,230,1.5,90,5,3
2020-07-22 03,26.05,97.3,30.0,24.8,26.13,1002,2.1,230,1.5,90,5,3
2020-07-22 04,25.9,98.88,30.49,24.6,26.05,1002,1.5,230,0.0,75,2,2
2020-07-22 05,25.75,98.95,30.71,24.6,26.8,1002,1.5,230,0.0,75,2,1
2020-07-22 06,25.67,99.17,31.65,24.6,26.69,1003,1.5,230,0.0,75,2,1
2020-07-22 07,25.8,98.85,32.4,26.0,27.6,1003,1.5,110,0.0,75,2,1
2020-07-22 08,26.95,95.03,32.99,26.2,27.6,1002,1.5,110,0.0,75,2,2
2020-07-22 09,28.0,88.25,33.01,26.2,27.6,1003,1.5,110,0.0,75,2,2
2020-07-22 10,28.3,86.67,32.71,27.0,28.0,1003,3.1,250,9.0,90,4,2
2020-07-22 11,27.55,92.53,32.68,25.0,30.0,999,3.1,250,33.0,90,4,3
2020-07-22 12,26.02,98.38,33.16,26.0,30.0,998,3.1,250,9.0,90,4,4
2020-07-22 13,25.5,98.67,32.59,26.2,28.15,1002,2.6,270,0.0,75,2,2
2020-07-22 14,28.67,88.6,33.08,26.2,28.34,1001,2.6,270,0.0,75,2,1
2020-07-22 15,29.25,82.0,34.66,26.2,30.03,997,2.6,270,0.0,75,2,1
2020-07-22 16,28.05,85.08,32.13,26.8,28.81,1000,2.1,250,0.0,75,2,1
2020-07-22 17,28.07,83.72,31.88,26.8,27.92,1000,2.1,250,0.0,75,2,1
2020-07-22 18,27.73,86.22,32.58,26.8,28.0,1000,2.1,250,0.0,75,2,1
2020-07-22 19,27.6,86.2,31.67,26.0,27.44,1001,1.5,270,0.0,40,2,1
2020-07-22 20,27.12,88.03,31.43,25.8,26.95,1001,1.5,270,0.0,40,2,2
2020-07-22 21,26.75,88.95,31.41,26.0,26.77,1001,1.5,270,0.0,40,2,2
2020-07-22 22,26.52,92.32,30.43,25.0,26.03,1002,1.5,250,0.0,20,2,2
2020-07-22 23,26.42,91.03,30.57,25.0,25.93,1002,1.5,250,0.0,20,2,2
2020-07-23 00,25.62,96.43,30.32,25.0,25.8,1002,1.5,250,0.0,20,2,1
2020-07-23 01,24.95,98.47,30.59,25.0,25.4,1001,1.0,250,0.0,20,2,2
2020-07-23 02,24.88,99.15,30.51,24.8,25.48,1001,1.0,250,0.0,20,2,2
2020-07-23 03,25.0,99.3,30.58,25.0,25.46,1001,1.0,250,0.0,20,2,1
2020-07-23 04,24.83,99.3,30.55,24.8,25.49,1001,1.04,246,0.0,20,2,1
2020-07-23 05,25.2,99.3,30.92,24.6,27.04,1001,1.14,232,0.0,20,2,1
2020-07-23 06,25.1,99.25,31.62,24.8,27.02,1001,1.5,237,0.0,20,2,1
2020-07-23 07,26.17,97.9,31.89,26.0,28.0,1001,2.1,250,0.0,20,2,1
2020-07-23 08,28.52,85.4,32.7,27.0,28.44,1001,2.1,250,0.0,20,2,1
2020-07-23 09,30.58,74.55,34.42,27.0,29.44,997,2.1,250,0.0,20,2,1
2020-07-23 10,32.23,67.12,34.69,30.0,30.98,997,2.1,290,0.0,40,0,2
2020-07-23 11,32.52,64.8,36.06,30.6,32.87,1002,2.1,340,0.0,40,0,2
2020-07-23 12,33.52,59.0,36.03,30.6,32.57,1001,2.1,340,0.0,40,0,2
2020-07-23 13,34.15,54.95,36.89,32.0,34.4,1001,2.6,250,0.0,40,0,2
2020-07-23 14,34.45,53.12,37.11,32.6,33.37,1000,2.6,270,0.0,40,0,2
2020-07-23 15,34.85,50.6,36.5,32.74,33.0,1000,3.1,280,0.0,40,0,2
2020-07-23 16,34.95,50.0,36.28,32.97,33.25,999,3.6,290,0.0,40,0,2
2020-07-23 17,34.55,51.25,37.58,32.0,34.0,999,2.6,270,0.0,40,0,1
2020-07-23 18,33.43,55.05,36.94,32.0,33.0,999,2.6,270,0.0,40,0,2
2020-07-23 19,32.12,59.85,37.05,31.29,32.0,1001,1.4,69,0.0,40,0,2
2020-07-23 20,30.45,71.03,35.49,29.12,30.4,1001,2.1,340,0.0,40,2,2
2020-07-23 21,30.35,72.58,36.49,29.64,31.0,1002,2.1,340,0.0,40,2,3
2020-07-23 22,29.4,80.82,36.62,29.0,30.0,1002,1.5,50,0.0,40,2,3
2020-07-23 23,29.85,78.7,35.37,28.6,29.0,1003,1.5,50,0.0,40,2,3
2020-07-24 00,29.7,80.22,35.53,28.55,29.0,1003,1.5,50,0.0,40,2,3
2020-07-24 01,29.3,81.1,34.31,28.11,29.0,1003,2.1,70,0.0,40,2,4
2020-07-24 02,28.78,81.0,34.1,27.94,29.0,1003,2.1,70,0.0,40,2,3
2020-07-24 03,28.3,83.67,33.3,27.59,28.2,1003,2.1,70,0.0,40,2,3
2020-07-24 04,28.08,86.23,34.3,27.4,28.33,998,1.5,70,0.0,40,2,3
2020-07-24 05,27.9,89.12,34.38,27.4,28.65,998,1.5,70,0.0,40,2,3
2020-07-24 06,27.58,90.67,34.73,27.4,28.89,999,1.5,70,0.0,40,2,3
2020-07-24 07,28.08,88.98,35.06,28.88,29.44,1000,1.5,70,0.0,40,0,3
2020-07-24 08,29.7,81.15,34.92,29.0,30.0,999,2.1,110,0.0,40,2,2
2020-07-24 09,31.38,73.05,34.65,29.0,31.0,1001,3.1,90,0.0,40,0,2
2020-07-24 10,32.92,66.3,37.1,30.71,32.6,1005,3.1,90,0.0,40,0,2
2020-07-24 11,33.73,62.7,38.2,32.0,34.4,1004,3.1,180,0.0,40,0,2
2020-07-24 12,34.5,56.25,39.51,32.17,34.0,1005,2.1,90,0.0,75,0,2
2020-07-24 13,34.85,53.95,39.07,32.53,34.0,1004,3.1,70,0.0,75,0,2
2020-07-24 14,35.38,51.75,39.78,32.68,35.8,1003,2.6,70,0.0,75,0,1
2020-07-24 15,35.57,49.05,39.25,32.1,35.0,1003,2.6,70,0.0,75,0,6
2020-07-24 16,34.92,51.48,38.26,30.6,34.0,1003,2.6,70,0.0,75,0,6
2020-07-24 17,34.2,54.48,36.67,29.0,34.0,1002,2.1,70,0.0,75,0,6
2020-07-24 18,33.88,55.67,30.92,24.0,30.81,1003,2.1,240,0.0,75,5,6
2020-07-24 19,32.73,60.53,31.23,26.0,30.02,1004,2.1,240,0.0,75,5,6
2020-07-24 20,28.93,74.6,33.79,27.0,29.06,1004,2.1,270,0.0,40,2,6
2020-07-24 21,28.45,79.97,33.47,27.0,28.84,1004,2.1,270,0.0,40,2,6
2020-07-24 22,29.55,75.73,33.04,26.8,28.31,1005,2.1,50,0.0,40,2,6
2020-07-24 23,29.48,81.97,32.9,26.8,28.25,1005,2.1,50,0.0,40,2,6
2020-07-25 00,29.23,83.75,32.87,26.8,27.93,1005,2.1,50,0.0,40,2,6
2020-07-25 01,28.82,86.55,31.75,25.8,27.35,1005,2.6,90,0.0,40,2,6
2020-07-25 02,28.42,88.43,31.48,25.8,27.14,1005,2.6,90,0.0,40,2,6
2020-07-25 03,28.18,89.25,31.61,25.8,27.0,1006,2.6,90,0.0,40,2,6
2020-07-25 04,28.0,90.28,31.84,26.4,27.0,1006,2.6,50,0.0,40,2,6
2020-07-25 05,,,31.86,26.2,27.73,1005,2.6,50,0.0,40,2,6
2020-07-25 06,27.92,90.45,32.55,26.4,28.0,1006,2.6,50,0.0,40,2,6
2020-07-25 07,28.08,89.65,34.25,27.0,29.8,1006,2.1,70,0.0,75,2,6
2020-07-25 08,28.75,87.42,35.19,28.0,29.8,1007,1.5,70,0.0,40,2,6
2020-07-25 09,29.43,84.83,37.02,28.0,31.0,1003,1.0,120,0.0,75,2,6
2020-07-25 10,29.9,83.55,38.09,30.4,32.0,1007,1.5,70,0.0,75,2,6
2020-07-25 11,,,38.81,30.4,33.4,1007,1.5,50,0.0,75,0,6
2020-07-25 12,33.9,64.75,39.2,30.4,34.0,1007,1.5,50,0.0,75,0,6
2020-07-25 13,33.77,65.35,40.37,32.2,35.0,1006,1.5,50,0.0,75,0,3
2020-07-25 14,34.47,61.53,41.12,32.18,35.4,1005,1.0,50,0.0,75,0,3
2020-07-25 15,34.92,57.18,41.02,32.2,35.0,1004,1.0,90,0.0,75,0,2
2020-07-25 16,33.62,64.32,40.24,31.2,35.0,1004,1.0,90,0.0,75,0,1
2020-07-25 17,33.5,63.9,40.79,31.2,34.4,1003,1.0,90,0.0,75,2,1
2020-07-25 18,32.75,67.18,41.14,31.2,32.39,1004,1.0,90,0.0,75,2,1
2020-07-25 19,31.38,72.9,40.27,31.0,32.0,1004,1.0,90,0.0,75,2,1
2020-07-25 20,30.68,75.8,38.54,30.0,30.4,1005,1.5,90,0.0,40,2,1
2020-07-25 21,30.08,79.22,37.44,29.0,30.4,1005,1.5,90,0.0,40,2,1
2020-07-25 22,29.8,80.4,37.09,29.05,30.0,1006,1.0,70,0.0,40,2,1
2020-07-25 23,29.67,81.23,36.4,29.0,29.4,1006,1.0,70,0.0,40,2,1
2020-07-26 00,29.58,82.9,36.18,28.82,29.4,1006,1.0,70,0.0,40,2,1
2020-07-26 01,29.23,85.12,35.3,28.0,29.0,1006,1.0,70,0.0,40,2,2
2020-07-26 02,29.0,86.85,34.37,27.69,28.4,1006,1.0,70,0.0,40,2,2
2020-07-26 03,28.8,87.8,34.27,27.38,28.4,1006,1.0,70,0.0,40,2,2
2020-07-26 04,28.6,89.28,34.41,27.13,28.2,1006,1.0,70,0.0,40,2,2
2020-07-26 05,28.35,91.45,34.9,27.0,30.0,1001,1.0,70,0.0,40,2,2
2020-07-26 06,28.33,92.7,34.79,27.78,29.0,1007,1.0,120,0.0,20,2,3
2020-07-26 07,29.05,90.53,36.18,28.34,30.0,1003,1.0,120,0.0,20,2,2
2020-07-26 08,30.62,82.17,37.27,28.48,31.6,1003,1.0,180,0.0,20,2,2
2020-07-26 09,32.58,71.2,36.27,29.12,32.0,1004,2.1,210,0.0,40,2,2
2020-07-26 10,33.38,67.3,39.31,31.2,34.0,1007,2.1,40,0.0,40,0,2
2020-07-26 11,34.05,64.22,39.94,32.72,35.0,1006,1.5,340,0.0,40,0,2
2020-07-26 12,35.1,59.02,40.79,32.8,35.0,1006,1.5,120,0.0,40,0,2
2020-07-26 13,35.42,57.08,40.91,33.52,36.0,1006,2.1,80,0.0,40,0,2
2020-07-26 14,32.0,72.4,40.32,33.48,36.0,1004,2.6,110,0.0,40,0,2
2020-07-26 15,29.3,83.95,38.26,33.0,35.0,1004,4.1,330,0.0,75,0,2
2020-07-26 16,32.2,72.25,39.75,32.2,34.16,1003,2.6,70,0.0,40,0,1
2020-07-26 17,35.52,56.05,41.18,33.68,35.0,1002,1.5,70,0.0,40,0,2
2020-07-26 18,35.2,57.62,41.73,33.94,34.19,1003,1.0,60,0.0,40,0,2
2020-07-26 19,32.33,77.35,40.68,32.57,34.0,1003,1.0,60,0.0,40,0,2
2020-07-26 20,30.2,88.85,39.9,31.18,32.4,1003,1.0,70,0.0,20,2,2
2020-07-26 21,29.62,91.18,39.83,31.0,32.4,1004,1.0,70,0.0,20,2,2
2020-07-26 22,29.55,92.22,38.86,29.91,31.0,1004,1.24,166,0.0,20,2,3
2020-07-26 23,29.25,93.45,38.49,29.8,31.0,1004,1.3,184,0.0,20,2,4
2020-07-27 00,29.05,94.62,36.9,29.95,30.35,1004,1.3,204,0.0,40,2,4
2020-07-27 01,29.0,95.22,38.21,29.41,30.2,1003,1.0,180,0.0,40,2,4
2020-07-27 02,29.0,94.07,37.57,29.0,30.2,1003,1.0,180,0.0,40,2,4
2020-07-27 03,29.25,93.62,37.88,28.52,30.2,1003,1.0,180,0.0,40,2,4
2020-07-27 04,29.0,93.45,35.11,28.1,29.4,1003,2.1,230,0.0,40,2,4
2020-07-27 05,28.6,93.12,35.81,28.88,30.0,1003,2.1,230,0.0,40,2,3
2020-07-27 06,28.65,93.38,36.57,28.99,30.0,1004,1.33,286,0.0,40,2,2
2020-07-27 07,30.2,88.33,37.49,30.0,31.4,1004,1.7,242,0.0,40,2,2
2020-07-27 08,31.88,78.42,37.35,30.25,32.2,1004,2.1,250,0.0,20,2,3
2020-07-27 09,33.58,68.57,37.47,30.47,33.0,1005,3.1,260,0.0,40,0,2
2020-07-27 10,34.6,61.65,37.7,32.6,35.0,1004,4.1,250,0.0,20,0,2
2020-07-27 11,35.4,58.83,39.38,33.83,35.4,1003,4.1,250,0.0,40,0,1
2020-07-27 12,35.77,57.48,39.75,34.15,36.0,1003,4.1,240,0.0,75,0,1
2020-07-27 13,36.45,54.1,40.69,35.0,37.0,1002,3.1,260,0.0,75,0,1
2020-07-27 14,37.1,50.8,40.5,35.0,37.0,1001,4.1,270,0.0,75,0,1
2020-07-27 15,37.15,49.77,40.19,34.85,37.0,1001,3.6,260,0.0,75,0,1
2020-07-27 16,37.55,48.95,39.72,34.58,37.0,1000,4.1,280,0.0,75,0,1
2020-07-27 17,37.05,49.67,40.4,34.5,37.0,999,3.1,270,0.0,40,0,1
2020-07-27 18,35.98,50.9,40.3,34.0,36.4,1000,2.6,270,0.0,40,0,1
2020-07-27 19,35.05,53.9,39.55,33.0,36.0,1000,2.6,270,0.0,40,0,1
2020-07-27 20,34.38,59.18,36.08,32.0,32.39,1001,3.6,230,0.0,40,0,2
2020-07-27 21,33.88,62.55,37.3,31.44,32.0,1001,2.1,240,0.0,40,0,2
2020-07-27 22,32.38,67.72,38.6,30.51,31.4,1002,2.1,250,0.0,40,2,1
2020-07-27 23,32.02,70.12,35.95,30.0,30.79,1002,2.1,250,0.0,20,2,1
2020-07-28 00,31.82,70.47,36.91,30.0,30.67,1002,1.5,230,0.0,40,2,1
2020-07-28 01,31.55,70.7,37.93,29.33,30.6,1001,1.5,270,0.0,40,2,1
2020-07-28 02,31.45,70.12,37.39,29.0,30.6,1001,1.5,270,0.0,40,2,1
2020-07-28 03,31.23,71.55,36.37,28.96,29.14,1001,1.5,230,0.0,40,2,1
2020-07-28 04,31.0,73.55,34.86,29.0,29.17,1000,3.73,255,0.0,40,2,1
2020-07-28 05,30.2,78.72,37.28,29.0,29.92,1000,1.5,250,0.0,20,2,1
2020-07-28 06,30.33,76.5,38.07,29.8,30.04,1001,1.5,250,0.0,20,2,1
2020-07-28 07,30.77,74.0,37.24,30.0,31.0,998,2.1,240,0.0,40,2,1
2020-07-28 08,31.7,70.55,37.0,30.0,32.2,1001,2.6,250,0.0,40,2,1
2020-07-28 09,32.88,64.67,35.24,30.8,32.0,996,4.6,260,0.0,40,0,1
2020-07-28 10,34.48,59.35,39.3,33.0,35.0,1002,3.1,250,0.0,20,0,1
2020-07-28 11,35.62,55.1,40.6,33.2,36.0,1001,3.6,250,0.0,20,0,1
2020-07-28 12,36.25,54.52,41.81,34.47,36.0,1001,3.1,280,0.0,20,0,1
2020-07-28 13,36.85,53.02,41.37,35.0,36.0,1001,3.1,260,0.0,20,0,1
2020-07-28 14,37.6,51.97,42.79,35.4,37.0,999,2.6,270,0.0,40,0,1
2020-07-28 15,37.38,52.92,42.29,34.63,37.0,999,2.6,270,0.0,40,0,1
2020-07-28 16,37.65,51.17,42.17,34.9,37.0,998,3.1,270,0.0,40,0,1
2020-07-28 17,37.2,52.38,42.91,35.25,37.0,997,2.1,270,0.0,40,0,1
2020-07-28 18,36.4,54.57,41.11,34.0,36.6,998,2.6,270,0.0,40,0,1
2020-07-28 19,35.4,58.48,40.5,33.48,36.0,998,2.6,270,0.0,40,0,1
2020-07-28 20,34.72,61.8,39.38,31.59,34.4,999,2.6,270,0.0,40,0,1
2020-07-28 21,33.6,66.97,38.49,30.77,34.4,999,2.6,270,0.0,40,0,2
2020-07-28 22,32.52,76.6,38.84,29.66,33.33,995,2.1,200,0.0,40,0,1
2020-07-28 23,32.25,76.53,38.49,29.21,33.33,994,2.1,200,0.0,40,0,2
2020-07-29 00,32.83,72.88,38.59,29.53,33.2,994,2.1,200,0.0,40,0,2
2020-07-29 01,32.08,70.33,39.17,29.06,33.0,994,1.5,230,0.0,40,0,2
2020-07-29 02,28.48,75.62,37.77,28.79,32.22,994,1.5,230,0.0,40,0,2
2020-07-29 03,29.07,73.62,36.81,28.43,32.0,994,1.5,230,0.0,40,0,1
2020-07-29 04,29.98,73.07,36.48,28.47,30.2,999,1.5,140,0.0,40,2,1
2020-07-29 05,30.5,71.43,36.01,29.0,30.2,999,1.5,140,0.0,40,2,1
2020-07-29 06,30.35,73.52,35.63,29.0,31.0,1000,1.5,130,0.0,90,0,1
2020-07-29 07,30.45,75.72,36.65,28.0,32.78,997,1.5,130,0.0,90,0,1
2020-07-29 08,31.53,73.03,39.21,30.25,33.33,997,1.0,90,0.0,40,2,1
2020-07-29 09,33.08,68.25,39.33,30.3,34.0,997,1.0,150,0.0,75,0,1
2020-07-29 10,34.08,65.2,40.53,31.66,36.0,998,1.0,200,0.0,40,0,1
2020-07-29 11,35.47,60.75,40.99,31.8,36.4,998,1.0,70,0.0,75,0,1
2020-07-29 12,35.5,61.62,41.72,31.8,36.0,1001,1.0,120,0.0,75,0,2
2020-07-29 13,32.7,69.07,43.47,30.0,35.0,997,2.1,120,1.0,75,4,2
2020-07-29 14,32.38,64.75,39.16,28.0,33.33,997,1.5,120,2.0,75,5,2
2020-07-29 14,32.38,64.75,39.16,28.0,33.33,997,1.5,120,2.0,75,2,2
2020-07-29 15,32.78,74.38,36.15,29.0,30.6,1000,1.5,110,0.0,75,2,1
2020-07-29 16,27.45,88.97,35.61,28.0,32.78,997,1.5,110,0.0,75,2,1
2020-07-29 17,23.9,99.25,34.38,26.2,32.78,997,1.5,70,1.5,75,5,1
2020-07-29 17,23.9,99.25,34.38,26.2,32.78,997,1.5,70,1.5,75,2,1
2020-07-29 18,25.38,95.95,34.27,26.0,32.78,998,2.1,70,0.0,75,2,1
2020-07-29 19,26.32,93.15,34.34,26.0,33.33,998,2.1,70,0.0,75,2,2
2020-07-29 20,26.77,88.17,31.86,26.4,28.96,1003,2.1,180,0.0,40,2,2
2020-07-29 21,27.02,86.2,31.98,27.0,28.76,1003,2.1,180,0.0,40,2,1
2020-07-29 22,27.3,87.28,31.26,26.0,27.84,1003,2.1,70,0.0,40,2,1
2020-07-29 23,27.32,88.12,31.38,26.0,28.06,1003,2.1,70,0.0,40,2,2
2020-07-30 00,27.57,87.95,31.27,26.0,27.85,1003,2.1,70,0.0,40,2,2
2020-07-30 01,27.88,92.92,32.34,25.96,28.0,1003,1.0,70,0.0,40,2,2
2020-07-30 02,28.0,93.5,31.81,24.8,28.0,1003,1.0,70,0.0,40,2,1
2020-07-30 03,27.9,92.88,32.47,26.0,28.0,1002,1.0,70,0.0,40,2,1
2020-07-30 04,27.73,92.78,31.77,26.0,27.0,1003,1.0,140,0.0,40,2,1
2020-07-30 05,27.62,92.25,32.09,26.0,27.77,1003,1.0,140,0.0,40,2,1
2020-07-30 06,27.25,91.8,32.83,27.0,27.78,1003,1.0,150,0.0,75,2,1
2020-07-30 07,27.32,90.2,33.27,27.0,29.6,1003,1.0,150,0.0,75,2,1
2020-07-30 08,28.28,86.07,33.34,27.2,29.6,1004,2.6,110,0.0,75,2,1
2020-07-30 09,29.55,80.35,34.25,29.14,30.0,1004,2.6,160,0.0,75,2,1
2020-07-30 10,30.45,76.32,33.27,28.0,30.08,1005,2.6,210,0.0,75,0,1
2020-07-30 11,29.8,79.6,34.91,28.4,32.78,1000,2.6,250,0.0,40,0,1
2020-07-30 12,31.68,70.75,32.83,28.0,31.0,1005,3.6,250,0.0,75,0,1
2020-07-30 13,31.07,71.65,34.53,29.0,31.92,1004,2.6,290,0.0,75,0,1
2020-07-30 14,31.05,70.15,35.17,29.8,32.55,1002,2.6,320,0.0,75,0,1
2020-07-30 15,31.95,64.53,36.17,31.0,32.13,1002,2.1,50,0.0,75,0,1
2020-07-30 16,31.15,67.45,35.32,29.6,31.98,1001,2.1,270,0.0,40,0,1
2020-07-30 17,30.55,71.55,34.71,29.6,31.57,1000,2.6,200,0.0,40,0,1
2020-07-30 18,30.25,74.67,34.34,29.6,31.4,1000,2.6,200,0.0,40,0,1
2020-07-30 19,29.92,76.5,35.03,29.62,30.26,1001,2.6,180,0.0,40,2,1
2020-07-30 20,28.85,85.1,34.0,29.0,30.0,1001,2.6,180,0.0,40,2,1
2020-07-30 21,28.2,88.47,33.15,28.0,30.0,1002,2.6,180,0.0,40,2,2
2020-07-30 22,28.05,90.38,33.2,28.0,29.0,1003,2.6,230,0.0,40,2,2
2020-07-30 23,28.88,88.3,33.08,27.8,29.0,1003,2.6,230,0.0,40,2,2
2020-07-31 00,28.9,88.72,33.01,27.62,29.0,1003,2.6,230,0.0,40,2,2
2020-07-31 01,28.8,90.1,33.22,27.09,28.6,1003,2.1,90,0.0,40,2,2
2020-07-31 02,28.98,88.75,32.98,26.83,28.6,1002,2.1,90,0.0,40,2,2
2020-07-31 03,28.62,90.6,33.14,26.88,28.6,1002,2.1,90,0.0,40,2,2
2020-07-31 04,28.53,90.35,33.22,26.92,28.4,1002,2.6,70,0.0,40,2,2
2020-07-31 05,28.48,90.45,33.65,27.73,28.43,1002,2.6,70,0.0,40,2,2
2020-07-31 06,28.02,93.7,34.74,27.72,29.0,1003,2.1,50,0.0,90,2,2
2020-07-31 07,27.93,94.33,34.97,27.6,29.6,1003,2.1,50,0.0,90,2,2
2020-07-31 08,28.62,91.75,36.17,27.6,30.0,1003,2.1,50,0.0,75,2,2
2020-07-31 09,29.38,90.8,38.28,27.6,32.78,1000,1.5,50,0.0,75,2,2
2020-07-31 10,30.32,86.5,37.78,30.1,33.0,1001,2.1,30,0.0,75,0,3
2020-07-31 11,32.93,73.78,39.06,31.78,33.8,1000,1.5,70,0.0,40,0,3
2020-07-31 12,33.8,68.33,39.9,32.15,34.0,1003,1.0,60,0.0,75,0,3
